0.000000 1.000000000000
0.087500 0.403576507476
0.112500 0.162913919463
0.137500 0.065780000242
0.162500 0.000013026480
0.187500 0.000004233043
0.237500 0.014929929481
0.262500 0.014496422807
0.287500 0.000000390457
0.312500 0.000008100617
0.337500 0.000405010597
0.362500 0.000062694782
0.387500 0.001777271630
0.412500 0.003602069293
0.437500 0.000000098565
0.462500 0.000236303589
0.487500 0.000054963506
0.512500 0.000001228377
0.537500 0.000003051696
0.562500 0.001457205465
0.587500 0.000081531110
0.612500 0.000111992356
0.637500 0.000002431614
0.662500 0.000001074037
0.687500 0.000022603018
0.712500 0.000297923807
0.737500 0.000368475672
0.762500 0.000030877254
0.787500 0.000009995212
0.812500 0.000005569035
0.837500 0.000007930074
0.862500 0.000093440167
0.887500 0.000189340056
0.912500 0.000023368095
0.937500 0.000013809945
0.962500 0.000002990418
0.987500 0.000003207613
1.012500 0.000001221982
1.037500 0.000047597720
1.062500 0.000105736139
1.087500 0.000006194686
1.112500 0.000001987201
1.137500 0.000003070533
1.162500 0.000000826828
1.187500 0.000032350717
1.212500 0.000053573675
1.237500 0.000003662391
1.262500 0.000001764141
1.287500 0.000001758862
1.312500 0.000000314953
1.337500 0.000019890052
1.362500 0.000001442427
1.387500 0.000030681455
1.412500 0.000003018280
1.437500 0.000000816127
1.462500 0.000000314351
1.487500 0.000006426370
1.512500 0.000007158427
1.537500 0.000018751767
1.562500 0.000001534421
1.587500 0.000000943956
1.612500 0.000000305632
1.637500 0.000000332437
1.662500 0.000008459701
1.687500 0.000000538569
1.712500 0.000008336397
1.737500 0.000000600899
1.762500 0.000000328668
1.787500 0.000005111130
1.812500 0.000005875721
1.837500 0.000000572097
1.862500 0.000021062867
1.887500 0.000001630154
1.912500 0.000000625582
1.937500 0.000000125055
1.962500 0.000002238928
1.987500 0.000002184567
2.012500 0.000000284414
2.037500 0.000010848022
2.062500 0.000000625113
2.087500 0.000000049104
2.112500 0.000000330212
2.137500 0.000003170373
2.162500 0.000000187881
2.187500 0.000007703862
2.212500 0.000000738974
2.237500 0.000000229077
2.262500 0.000000136392
2.287500 0.000002234849
2.312500 0.000000236024
2.337500 0.000000074279
2.362500 0.000005167891
2.387500 0.000000135637
2.412500 0.000000067581
2.437500 0.000001865477
2.462500 0.000000162722
2.487500 0.000000059882
2.512500 0.000003542015
2.537500 0.000000420656
2.562500 0.000000113658
2.587500 0.000000080606
2.612500 0.000001410436
2.637500 0.000000059098
2.662500 0.000000059874
2.687500 0.000002985099
2.712500 0.000000100078
2.737500 0.000000066492
2.762500 0.000001145251
2.787500 0.000000063455
2.812500 0.000000042808
2.837500 0.000002333839
2.862500 0.000000227994
2.887500 0.000000045485
2.912500 0.000000882820
2.937500 0.000000110344
2.962500 0.000000026942
2.987500 0.000000096952
3.012500 0.000001760166
3.037500 0.000000066590
3.062500 0.000000045112
3.087500 0.000000757285
3.112500 0.000000031863
3.137500 0.000000036645
3.162500 0.000001812571
3.187500 0.000000225073
3.212500 0.000000071053
3.237500 0.000000599617
3.262500 0.000000168983
3.287500 0.000000127912
3.312500 0.000000164650
3.337500 0.000001147884
3.362500 0.000000159251
3.387500 0.000000539507
3.412500 0.000000149595
3.437500 0.000000043407
3.462500 0.000000212838
3.487500 0.000000726013
3.512500 0.000000086198
3.537500 0.000000108263
3.562500 0.000000431470
3.587500 0.000001716916
3.612500 0.000000152063
3.637500 0.000000122393
3.662500 0.000003142440
3.687500 0.000000159962
3.712500 0.000000403719
3.737500 0.000000107783
3.762500 0.000000144178
3.787500 0.000000098626
3.812500 0.000001295265
3.837500 0.000000175293
3.862500 0.000000314816
3.887500 0.000000052258
3.912500 0.000000131262
3.937500 0.000000084803
3.962500 0.000000160970
3.987500 0.000001360284
4.012500 0.000000266509
4.037500 0.000000296003
4.062500 0.000000289426
4.087500 0.000000079391
4.112500 0.000000247168
4.137500 0.000000550926
4.162500 0.000000418564
4.187500 0.000000244824
4.212500 0.000000462277
4.237500 0.000000136289
4.262500 0.000000211032
4.287500 0.000000173232
4.312500 0.000000826418
4.337500 0.000000236980
4.362500 0.000000056191
4.387500 0.000000104071
4.412500 0.000000086399
4.437500 0.000000071544
4.462500 0.000000900638
4.487500 0.000000230054
4.512500 0.000000098061
4.537500 0.000000219591
4.562500 0.000000041670
4.587500 0.000000152325
4.612500 0.000000091673
4.637500 0.000003493173
4.662500 0.000000313519
4.687500 0.000000049568
4.712500 0.000004792755
4.737500 0.000000224897
4.762500 0.000000093651
4.787500 0.000001263342
4.812500 0.000000224332
4.837500 0.000000486551
4.862500 0.000000044591
4.887500 0.000000487618
4.912500 0.000000048557
4.937500 0.000000099895
4.962500 0.000000404789
4.987500 0.000000036630
5.012500 0.000000113807
5.037500 0.000000103404
5.062500 0.000000111747
5.087500 0.000000052317
5.112500 0.000000146699
5.137500 0.000000137354
5.162500 0.000000030094
5.187500 0.000000023230
5.212500 0.000000151197
5.237500 0.000000022905
5.262500 0.000000136765
5.287500 0.000000431881
5.312500 0.000000076363
5.337500 0.000000050023
5.362500 0.000000500107
5.387500 0.000000149204
5.412500 0.000000089346
5.437500 0.000000339559
5.462500 0.000000197599
5.487500 0.000000115809
5.512500 0.000000080306
5.537500 0.000000305977
5.562500 0.000000015082
5.587500 0.000000123458
5.612500 0.000000270193
5.637500 0.000000041396
5.662500 0.000000141925
5.687500 0.000000146203
5.712500 0.000000069164
5.737500 0.000000116174
5.762500 0.000000607446
5.787500 0.000000154571
5.812500 0.000000070035
5.837500 0.000000067833
5.862500 0.000000396365
5.887500 0.000000081729
5.912500 0.000000079817
5.937500 0.000000183338
5.962500 0.000000110327
5.987500 0.000000292812
6.012500 0.000000092521
6.037500 0.000000104127
6.062500 0.000000069412
6.087500 0.000000114298
6.112500 0.000000036847
6.137500 0.000000066830
6.162500 0.000000110971
6.187500 0.000000219084
6.212500 0.000000128040
6.237500 0.000000174463
6.262500 0.000000511433
6.287500 0.000000183472
6.312500 0.000000180065
6.337500 0.000000316979
6.362500 0.000000056772
6.387500 0.000000149591
6.412500 0.000000387337
6.437500 0.000000121927
6.462500 0.000000191906
6.487500 0.000000490528
6.512500 0.000000293456
6.537500 0.000000172061
6.562500 0.000000585164
6.587500 0.000000318357
6.612500 0.000000136265
6.637500 0.000000275744
6.662500 0.000000372027
6.687500 0.000000357985
6.712500 0.000000176124
6.737500 0.000000740868
6.762500 0.000000333662
6.787500 0.000000250159
6.812500 0.000000588352
6.837500 0.000001424852
6.862500 0.000000707070
6.887500 0.000001024001
6.912500 0.000002687555
6.937500 0.000001478062
6.962500 0.000000716846
6.987500 0.000002177908
7.012500 0.000000977386
7.037500 0.000001801168
7.062500 0.000001643259
7.087500 0.000000393172
7.112500 0.000001596667
7.137500 0.000000911678
7.162500 0.000000481210
7.187500 0.000000182751
7.212500 0.000000228075
7.237500 0.000000311652
7.262500 0.000000178903
7.287500 0.000000121886
7.312500 0.000000368647
7.337500 0.000000156170
7.362500 0.000000126755
7.387500 0.000000323226
7.412500 0.000000187135
7.437500 0.000000107331
7.462500 0.000000167013
7.487500 0.000000194692
7.512500 0.000000101532
7.537500 0.000000143302
7.562500 0.000000377419
7.587500 0.000000205228
7.612500 0.000000183414
7.637500 0.000000467294
7.662500 0.000000263408
7.687500 0.000000227223
7.712500 0.000000482497
7.737500 0.000000253498
7.762500 0.000000305735
7.787500 0.000000567557
7.812500 0.000000359025
7.837500 0.000000270199
7.862500 0.000000360263
7.887500 0.000000662158
7.912500 0.000000201490
7.937500 0.000000855955
7.962500 0.000000393966
7.987500 0.000000667664
8.012500 0.000000911558
8.037500 0.000000545985
8.062500 0.000000754580
8.087500 0.000001266483
8.112500 0.000000631867
8.137500 0.000000508426
8.162500 0.000000581211
8.187500 0.000000491269
8.212500 0.000000172028
8.237500 0.000000439628
8.262500 0.000000229997
8.287500 0.000000350173
8.312500 0.000000238478
8.337500 0.000000219787
8.362500 0.000000219966
8.387500 0.000000274911
8.412500 0.000000197114
8.437500 0.000000186737
8.462500 0.000000176500
8.487500 0.000000266165
8.512500 0.000000242664
8.537500 0.000000675430
8.562500 0.000000221338
8.587500 0.000000401404
8.612500 0.000000493073
8.637500 0.000000253475
8.662500 0.000000360895
8.687500 0.000000322997
8.712500 0.000000350810
8.737500 0.000000225623
8.762500 0.000000256574
8.787500 0.000000169148
8.812500 0.000000396496
8.837500 0.000000426955
8.862500 0.000000359371
8.887500 0.000000337349
8.912500 0.000000673672
8.937500 0.000000331451
8.962500 0.000000208994
8.987500 0.000000323423
9.012500 0.000000211165
9.037500 0.000000274625
9.062500 0.000000260082
9.087500 0.000000293426
9.112500 0.000000249821
9.137500 0.000000406001
9.162500 0.000000291735
9.187500 0.000000353032
9.212500 0.000000261089
9.237500 0.000000313177
9.262500 0.000000261692
9.287500 0.000000314093
9.312500 0.000000493577
9.337500 0.000000442444
9.362500 0.000001607753
9.387500 0.000000421445
9.412500 0.000000547242
9.437500 0.000002680161
9.462500 0.000000499438
9.487500 0.000000464499
9.512500 0.000000951343
9.537500 0.000000324827
9.562500 0.000000736284
9.587500 0.000000201265
9.612500 0.000001137179
9.637500 0.000000218036
9.662500 0.000000901200
9.687500 0.000000307147
9.712500 0.000000241149
9.737500 0.000000527783
9.762500 0.000000327722
9.787500 0.000000519596
9.812500 0.000000385409
9.837500 0.000000566518
9.862500 0.000000567631
9.887500 0.000000343279
9.912500 0.000000852815
9.937500 0.000000538903
9.962500 0.000000673632
9.987500 0.000000755465
10.012500 0.000000544711
10.037500 0.000000528858
10.062500 0.000000670190
10.087500 0.000000508676
10.112500 0.000001170860
10.137500 0.000000400335
10.162500 0.000001030113
10.187500 0.000000920095
10.212500 0.000000934885
10.237500 0.000000856517
10.262500 0.000000907255
10.287500 0.000001285961
10.312500 0.000000596078
10.337500 0.000000580437
10.362500 0.000000673015
10.387500 0.000000390660
10.412500 0.000000546388
10.437500 0.000000412504
10.462500 0.000000386824
10.487500 0.000000585023
10.512500 0.000000422283
10.537500 0.000000354604
10.562500 0.000000828711
10.587500 0.000000330143
10.612500 0.000001065185
10.637500 0.000000205884
10.662500 0.000000922623
10.687500 0.000000287598
10.712500 0.000000672694
10.737500 0.000000807587
10.762500 0.000000514893
10.787500 0.000000412629
10.812500 0.000000440801
10.837500 0.000000786939
10.862500 0.000000583578
10.887500 0.000000569811
10.912500 0.000000508055
10.937500 0.000000522783
10.962500 0.000000215893
10.987500 0.000000742615
11.012500 0.000000308104
11.037500 0.000000579806
11.062500 0.000001418569
11.087500 0.000000568767
11.112500 0.000001121266
11.137500 0.000002380583
11.162500 0.000001037748
11.187500 0.000000614960
11.212500 0.000001427345
11.237500 0.000000697636
11.262500 0.000000821710
11.287500 0.000000746301
11.312500 0.000000932896
11.337500 0.000000650792
11.362500 0.000001009227
11.387500 0.000000825601
11.412500 0.000000575687
11.437500 0.000000425431
11.462500 0.000000314568
11.487500 0.000000624410
11.512500 0.000000363423
11.537500 0.000001107996
11.562500 0.000000318612
11.587500 0.000000619446
11.612500 0.000000839867
11.637500 0.000000544573
11.662500 0.000000824728
11.687500 0.000001184060
11.712500 0.000001010419
11.737500 0.000000726794
11.762500 0.000000987881
11.787500 0.000000574748
11.812500 0.000000339704
11.837500 0.000000571126
11.862500 0.000000411946
11.887500 0.000000324816
11.912500 0.000000433958
11.937500 0.000000408314
11.962500 0.000000586972
11.987500 0.000001027484
12.012500 0.000000762016
12.037500 0.000001070553
12.062500 0.000001274547
12.087500 0.000000794051
12.112500 0.000000485544
12.137500 0.000000728444
12.162500 0.000001457871
12.187500 0.000000426295
12.212500 0.000000525948
12.237500 0.000000616283
12.262500 0.000000378247
12.287500 0.000000711540
12.312500 0.000002951297
12.337500 0.000000788795
12.362500 0.000000570622
12.387500 0.000000305581
12.412500 0.000001084991
12.437500 0.000004013572
12.462500 0.000023063810
12.487500 0.000007132936
12.512500 0.000008652415
12.537500 0.000022614294
12.562500 0.000049181144
12.587500 0.000002564106
12.612500 0.000013299458
12.637500 0.000020428090
12.662500 0.000001303974
12.687500 0.000001716160
12.712500 0.000001338720
12.737500 0.000001293063
12.762500 0.000002062176
12.787500 0.000003649336
12.812500 0.000002301588
12.837500 0.000001059736
12.862500 0.000001561272
12.887500 0.000000778831
12.912500 0.000000949488
12.937500 0.000001846130
12.962500 0.000001072703
12.987500 0.000000663553
13.012500 0.000001160354
13.037500 0.000000815480
13.062500 0.000000752686
13.087500 0.000001182075
13.112500 0.000001492320
13.137500 0.000000645639
13.162500 0.000002451670
13.187500 0.000001209247
13.212500 0.000000936158
13.237500 0.000001221700
13.262500 0.000001772839
13.287500 0.000001522473
13.312500 0.000004589138
13.337500 0.000009183468
13.362500 0.000005392437
13.387500 0.000008681907
13.412500 0.000019566112
13.437500 0.000008671603
13.462500 0.000004766950
13.487500 0.000008131163
13.512500 0.000004411841
13.537500 0.000001047114
13.562500 0.000001627843
13.587500 0.000001050396
13.612500 0.000000892376
13.637500 0.000003299745
13.662500 0.000001147402
13.687500 0.000004147372
13.712500 0.000002482401
13.737500 0.000011153155
13.762500 0.000001191399
13.787500 0.000014518964
13.812500 0.000003695065
13.837500 0.000001770826
13.862500 0.000008850416
13.887500 0.000002704571
13.912500 0.000005559797
13.937500 0.000005832128
13.962500 0.000011802016
13.987500 0.000007882754
14.012500 0.000010227210
14.037500 0.000024363605
14.062500 0.000015708824
14.087500 0.000015755173
14.112500 0.000011927095
14.137500 0.000024834311
14.162500 0.000010726051
14.187500 0.000005258852
14.212500 0.000010531174
14.237500 0.000004841727
14.262500 0.000003202811
14.287500 0.000002198806
14.312500 0.000002826365
14.337500 0.000003299694
14.362500 0.000001560995
14.387500 0.000004278006
14.412500 0.000007061054
14.437500 0.000006906494
14.462500 0.000012700531
14.487500 0.000012570315
14.512500 0.000020728917
14.537500 0.000011902850
14.562500 0.000012438288
14.587500 0.000005313638
14.612500 0.000004735233
14.637500 0.000003075112
14.662500 0.000002187603
14.687500 0.000002774019
14.712500 0.000007180948
14.737500 0.000005362559
14.762500 0.000011507859
14.787500 0.000009420002
14.812500 0.000017078678
14.837500 0.000008352159
14.862500 0.000006792853
14.887500 0.000007862891
14.912500 0.000003848257
14.937500 0.000002905793
14.962500 0.000001622879
14.987500 0.000001931613
15.012500 0.000001977514
15.037500 0.000002042735
15.062500 0.000002286402
15.087500 0.000004138201
15.112500 0.000004537479
15.137500 0.000006123029
15.162500 0.000001797129
15.187500 0.000009337017
15.212500 0.000002024469
15.237500 0.000005171829
15.262500 0.000001471372
15.287500 0.000001843030
15.312500 0.000001313126
15.337500 0.000001178023
15.362500 0.000001125933
15.387500 0.000001049108
15.412500 0.000000771502
15.437500 0.000001022015
15.462500 0.000001711136
15.487500 0.000002066751
15.512500 0.000000918725
15.537500 0.000002997620
15.562500 0.000003831832
15.587500 0.000002983521
15.612500 0.000001361378
15.637500 0.000002419448
15.662500 0.000001633202
15.687500 0.000001739620
15.712500 0.000001428737
15.737500 0.000001067220
15.762500 0.000001393306
15.787500 0.000001132859
15.812500 0.000000791572
15.837500 0.000000976809
15.862500 0.000000722499
15.887500 0.000001104347
15.912500 0.000000858891
15.937500 0.000000736885
15.962500 0.000000734291
15.987500 0.000000650897
16.012500 0.000000925988
16.037500 0.000001110154
16.062500 0.000000734083
16.087500 0.000001447370
16.112500 0.000001864544
16.137500 0.000001031062
16.162500 0.000002009318
16.187500 0.000002241206
16.212500 0.000001552132
16.237500 0.000002810458
16.262500 0.000001441245
16.287500 0.000001694108
16.312500 0.000000899307
16.337500 0.000001028169
16.362500 0.000000737946
16.387500 0.000000805588
16.412500 0.000000818405
16.437500 0.000000758907
16.462500 0.000000829276
16.487500 0.000000822020
16.512500 0.000001153574
16.537500 0.000000640122
16.562500 0.000000791303
16.587500 0.000001126861
16.612500 0.000000865290
16.637500 0.000000874620
16.662500 0.000001180416
16.687500 0.000001058273
16.712500 0.000001161932
16.737500 0.000001077196
16.762500 0.000000968602
16.787500 0.000001107514
16.812500 0.000000677293
16.837500 0.000001037608
16.862500 0.000000732076
16.887500 0.000000636849
16.912500 0.000001165938
16.937500 0.000001119321
16.962500 0.000000852410
16.987500 0.000001164286
17.012500 0.000000742373
17.037500 0.000000707062
17.062500 0.000000728337
17.087500 0.000000829616
17.112500 0.000000637271
17.137500 0.000001105549
17.162500 0.000000706225
17.187500 0.000000946489
17.212500 0.000001116452
17.237500 0.000000712786
17.262500 0.000000708313
17.287500 0.000000751941
17.312500 0.000001106068
17.337500 0.000000820029
17.362500 0.000001049145
17.387500 0.000000938639
17.412500 0.000001071822
17.437500 0.000000958562
17.462500 0.000000776188
17.487500 0.000000739789
17.512500 0.000000903899
17.537500 0.000000755680
17.562500 0.000000601419
17.587500 0.000000658787
17.612500 0.000000647927
17.637500 0.000000641027
17.662500 0.000000822897
17.687500 0.000000549149
17.712500 0.000000771263
17.737500 0.000001053721
17.762500 0.000000655157
17.787500 0.000000752791
17.812500 0.000000819176
17.837500 0.000000866602
17.862500 0.000000890039
17.887500 0.000000736393
17.912500 0.000000871534
17.937500 0.000000917648
17.962500 0.000000831681
17.987500 0.000001256631
18.012500 0.000001011992
18.037500 0.000000946860
18.062500 0.000001368877
18.087500 0.000002533395
18.112500 0.000001760897
18.137500 0.000005701877
18.162500 0.000006420658
18.187500 0.000003172521
18.212500 0.000013329131
18.237500 0.000007714177
18.262500 0.000005999436
18.287500 0.000001948732
18.312500 0.000002246198
18.337500 0.000001397263
18.362500 0.000000959648
18.387500 0.000000581320
18.412500 0.000001534073
18.437500 0.000001054064
18.462500 0.000000769639
18.487500 0.000001375735
18.512500 0.000001812465
18.537500 0.000001018402
18.562500 0.000001356123
18.587500 0.000001189553
18.612500 0.000000756186
18.637500 0.000000925828
18.662500 0.000000691641
18.687500 0.000001087778
18.712500 0.000000775919
18.737500 0.000000815481
18.762500 0.000001120745
18.787500 0.000001206251
18.812500 0.000000669319
18.837500 0.000001057468
18.862500 0.000000685030
18.887500 0.000000628905
18.912500 0.000000799766
18.937500 0.000000641904
18.962500 0.000001032046
18.987500 0.000001004427
19.012500 0.000001095947
19.037500 0.000001575046
19.062500 0.000001549589
19.087500 0.000001718662
19.112500 0.000001210373
19.137500 0.000002569912
19.162500 0.000001981557
19.187500 0.000003467780
19.212500 0.000005912035
19.237500 0.000008249765
19.262500 0.000006527734
19.287500 0.000003932983
19.312500 0.000004783625
19.337500 0.000003511534
19.362500 0.000002054211
19.387500 0.000001104748
19.412500 0.000001001516
19.437500 0.000001190790
19.462500 0.000001553079
19.487500 0.000000900512
19.512500 0.000001371530
19.537500 0.000001315153
19.562500 0.000001553222
19.587500 0.000000844553
19.612500 0.000001159799
19.637500 0.000000848395
19.662500 0.000000834922
19.687500 0.000000676263
19.712500 0.000000779538
19.737500 0.000000716339
19.762500 0.000000631669
19.787500 0.000000736334
19.812500 0.000000738963
19.837500 0.000000562564
19.862500 0.000000681025
19.887500 0.000000684421
19.912500 0.000000730123
19.937500 0.000000745779
19.962500 0.000000629274
19.987500 0.000000953419
20.012500 0.000000919988
20.037500 0.000001394452
20.062500 0.000001242468
20.087500 0.000001480486
20.112500 0.000001847549
20.137500 0.000001208721
20.162500 0.000001358092
20.187500 0.000000955488
20.212500 0.000000718758
20.237500 0.000000819491
20.262500 0.000000648284
20.287500 0.000000798774
20.312500 0.000000722010
20.337500 0.000000970167
20.362500 0.000000611171
20.387500 0.000000812012
20.412500 0.000001187471
20.437500 0.000000849338
20.462500 0.000000804459
20.487500 0.000001276193
20.512500 0.000000910255
20.537500 0.000001008886
20.562500 0.000000840423
20.587500 0.000000756311
20.612500 0.000000722295
20.637500 0.000000568990
20.662500 0.000001031780
20.687500 0.000000631733
20.712500 0.000000974075
20.737500 0.000000834867
20.762500 0.000000703209
20.787500 0.000000998542
20.812500 0.000000776903
20.837500 0.000000752124
20.862500 0.000000738298
20.887500 0.000000692099
20.912500 0.000000634944
20.937500 0.000000613926
20.962500 0.000000521769
20.987500 0.000000730831
21.012500 0.000000706768
21.037500 0.000000790815
21.062500 0.000001000726
21.087500 0.000000834679
21.112500 0.000001008520
21.137500 0.000000835104
21.162500 0.000000848637
21.187500 0.000000743558
21.212500 0.000000833990
21.237500 0.000000846889
21.262500 0.000000633810
21.287500 0.000000803643
21.312500 0.000000662981
21.337500 0.000000697101
21.362500 0.000000553518
21.387500 0.000000817095
21.412500 0.000000872894
21.437500 0.000000975141
21.462500 0.000001223237
21.487500 0.000001346034
21.512500 0.000001554675
21.537500 0.000001482783
21.562500 0.000001502203
21.587500 0.000001083517
21.612500 0.000001518538
21.637500 0.000001279555
21.662500 0.000001634720
21.687500 0.000004539942
21.712500 0.000001565036
21.737500 0.000006991763
21.762500 0.000001571833
21.787500 0.000004663533
21.812500 0.000001310627
21.837500 0.000001894407
21.862500 0.000001051670
21.887500 0.000000910229
21.912500 0.000001398441
21.937500 0.000000808858
21.962500 0.000001211294
21.987500 0.000000733116
22.012500 0.000000860950
22.037500 0.000000769214
22.062500 0.000000688877
22.087500 0.000000777780
22.112500 0.000000861568
22.137500 0.000000733436
22.162500 0.000000848178
22.187500 0.000000881314
22.212500 0.000000914504
22.237500 0.000001035513
22.262500 0.000001156010
22.287500 0.000000863438
22.312500 0.000001169664
22.337500 0.000001912554
22.362500 0.000000929495
22.387500 0.000003887355
22.412500 0.000003956606
22.437500 0.000002392715
22.462500 0.000008972188
22.487500 0.000005954703
22.512500 0.000005269954
22.537500 0.000004007825
22.562500 0.000005246130
22.587500 0.000009410524
22.612500 0.000010835532
22.637500 0.000011741109
22.662500 0.000010663687
22.687500 0.000012661762
22.712500 0.000009541938
22.737500 0.000008053796
22.762500 0.000005697148
22.787500 0.000003485140
22.812500 0.000003583911
22.837500 0.000002032529
22.862500 0.000001314802
22.887500 0.000001820225
22.912500 0.000001572121
22.937500 0.000001794122
22.962500 0.000001598476
22.987500 0.000001666345
23.012500 0.000001976370
23.037500 0.000003728960
23.062500 0.000002865215
23.087500 0.000006562621
23.112500 0.000003703900
23.137500 0.000007968217
23.162500 0.000003015262
23.187500 0.000003271046
23.212500 0.000003518807
23.237500 0.000002448134
23.262500 0.000001995333
23.287500 0.000002904288
23.312500 0.000004300097
23.337500 0.000004367509
23.362500 0.000003484467
23.387500 0.000003683658
23.412500 0.000004133984
23.437500 0.000002455687
23.462500 0.000001475606
23.487500 0.000001196691
23.512500 0.000001152194
23.537500 0.000000801930
23.562500 0.000001034363
23.587500 0.000001139011
23.612500 0.000000909084
23.637500 0.000000799258
23.662500 0.000000895975
23.687500 0.000000989032
23.712500 0.000000819016
23.737500 0.000000962387
23.762500 0.000001021957
23.787500 0.000000839353
23.812500 0.000000830336
23.837500 0.000001142649
23.862500 0.000000651432
23.887500 0.000000922337
23.912500 0.000001050314
23.937500 0.000001025448
23.962500 0.000000883286
23.987500 0.000000916413
24.012500 0.000000998397
24.037500 0.000000753115
24.062500 0.000001087769
24.087500 0.000001064371
24.112500 0.000000978603
24.137500 0.000001063048
24.162500 0.000000789946
24.187500 0.000000878129
24.212500 0.000000979198
24.237500 0.000001246129
24.262500 0.000000912640
24.287500 0.000000924786
24.312500 0.000000614449
24.337500 0.000001091758
24.362500 0.000000981501
24.387500 0.000001314052
24.412500 0.000000977668
24.437500 0.000000849402
24.462500 0.000000770361
24.487500 0.000000986925
24.512500 0.000001000783
24.537500 0.000000772166
24.562500 0.000002015321
24.587500 0.000000652772
24.612500 0.000000855756
24.637500 0.000000537943
24.662500 0.000000635171
24.687500 0.000000674371
24.712500 0.000002761123
24.737500 0.000000760957
24.762500 0.000000782455
24.787500 0.000000749009
24.812500 0.000000855667
24.837500 0.000000735675
24.862500 0.000002642836
24.887500 0.000005878217
24.912500 0.000000606113
24.937500 0.000002723727
24.962500 0.000003554712
24.987500 0.000000543960
25.012500 0.000022591193
25.037500 0.000042418333
25.062500 0.000003763190
25.087500 0.000001017805
25.112500 0.000002268479
25.137500 0.000000892630
25.162500 0.000000891972
25.187500 0.000000879076
25.212500 0.000000925825
25.237500 0.000000941064
25.262500 0.000000674178
25.287500 0.000000869182
25.312500 0.000000711357
25.337500 0.000001920889
25.362500 0.000000983171
25.387500 0.000003213813
25.412500 0.000003771311
25.437500 0.000006111827
25.462500 0.000001292690
25.487500 0.000003862781
25.512500 0.000003161670
25.537500 0.000000904897
25.562500 0.000002322911
25.587500 0.000000909907
25.612500 0.000002380527
25.637500 0.000001210953
25.662500 0.000003351249
25.687500 0.000002012282
25.712500 0.000004434932
25.737500 0.000003064111
25.762500 0.000005950229
25.787500 0.000004139065
25.812500 0.000003803988
25.837500 0.000004009892
25.862500 0.000002685775
25.887500 0.000002409622
25.912500 0.000001831035
25.937500 0.000002233061
25.962500 0.000002400566
25.987500 0.000005729060
26.012500 0.000006123525
26.037500 0.000006839612
26.062500 0.000005059664
26.087500 0.000005115466
26.112500 0.000005806766
26.137500 0.000006340872
26.162500 0.000008642024
26.187500 0.000006026233
26.212500 0.000011572478
26.237500 0.000006341087
26.262500 0.000005613419
26.287500 0.000003147599
26.312500 0.000002247256
26.337500 0.000001848101
26.362500 0.000001268146
26.387500 0.000001306840
26.412500 0.000001426572
26.437500 0.000001115813
26.462500 0.000000997293
26.487500 0.000000784746
26.512500 0.000000814639
26.537500 0.000000826772
26.562500 0.000000844615
26.587500 0.000000656347
26.612500 0.000000784885
26.637500 0.000000583758
26.662500 0.000000694153
26.687500 0.000000774681
26.712500 0.000000718993
26.737500 0.000001002873
26.762500 0.000000709493
26.787500 0.000000917047
26.812500 0.000000670407
26.837500 0.000000837606
26.862500 0.000000623185
26.887500 0.000000652024
26.912500 0.000000762025
26.937500 0.000000829665
26.962500 0.000001123115
26.987500 0.000000801901
27.012500 0.000001338119
27.037500 0.000001495210
27.062500 0.000000891420
27.087500 0.000001027814
27.112500 0.000000895235
27.137500 0.000000925078
27.162500 0.000000822517
27.187500 0.000000683848
27.212500 0.000000776151
27.237500 0.000000709084
27.262500 0.000000818220
27.287500 0.000000629147
27.312500 0.000000711759
27.337500 0.000000565568
27.362500 0.000000490492
27.387500 0.000000731703
27.412500 0.000000759269
27.437500 0.000000746681
27.462500 0.000000650475
27.487500 0.000000519684
27.512500 0.000000659920
27.537500 0.000000834815
27.562500 0.000000733455
27.587500 0.000000962400
27.612500 0.000000811076
27.637500 0.000001019865
27.662500 0.000000872165
27.687500 0.000001108662
27.712500 0.000001189802
27.737500 0.000001169065
27.762500 0.000001086691
27.787500 0.000000607353
27.812500 0.000000729252
27.837500 0.000001151067
27.862500 0.000001596008
27.887500 0.000000739828
27.912500 0.000001181016
27.937500 0.000000863032
27.962500 0.000001701809
27.987500 0.000005630038
28.012500 0.000008237576
28.037500 0.000004148323
28.062500 0.000000630884
28.087500 0.000000584423
28.112500 0.000000901408
28.137500 0.000000455354
28.162500 0.000000661617
28.187500 0.000000570425
28.212500 0.000000793846
28.237500 0.000000585521
28.262500 0.000001009080
28.287500 0.000000703639
28.312500 0.000000625794
28.337500 0.000000823139
28.362500 0.000001570422
28.387500 0.000002883808
28.412500 0.000001624447
28.437500 0.000001652487
28.462500 0.000000647852
28.487500 0.000000682657
28.512500 0.000000856980
28.537500 0.000001265802
28.562500 0.000001094018
28.587500 0.000002141944
28.612500 0.000001784773
28.637500 0.000001524563
28.662500 0.000001093375
28.687500 0.000002501687
28.712500 0.000002008154
28.737500 0.000005234598
28.762500 0.000004348998
28.787500 0.000004437286
28.812500 0.000002733841
28.837500 0.000001017948
28.862500 0.000001160943
28.887500 0.000001071532
28.912500 0.000000831875
28.937500 0.000000748641
28.962500 0.000000726573
28.987500 0.000000607700
29.012500 0.000000594901
29.037500 0.000000648259
29.062500 0.000000803211
29.087500 0.000001120856
29.112500 0.000001477559
29.137500 0.000001071320
29.162500 0.000001876933
29.187500 0.000000622084
29.212500 0.000001580631
29.237500 0.000000375031
29.262500 0.000000781882
29.287500 0.000000587530
29.312500 0.000000528593
29.337500 0.000000605427
29.362500 0.000000526752
29.387500 0.000000468601
29.412500 0.000000652512
29.437500 0.000000576581
29.462500 0.000000896471
29.487500 0.000000936075
29.512500 0.000000670966
29.537500 0.000001456050
29.562500 0.000001110077
29.587500 0.000000731744
29.612500 0.000000501107
29.637500 0.000000649194
29.662500 0.000000579873
29.687500 0.000000733224
29.712500 0.000000567146
29.737500 0.000000794928
29.762500 0.000000717860
29.787500 0.000000691741
29.812500 0.000000574928
29.837500 0.000000719776
29.862500 0.000000439157
29.887500 0.000000547119
29.912500 0.000000457047
29.937500 0.000000413320
29.962500 0.000000492450
29.987500 0.000000468435
30.012500 0.000000663313
30.037500 0.000000455492
30.062500 0.000000607056
30.087500 0.000000473571
30.112500 0.000000489035
30.137500 0.000000458094
30.162500 0.000000502325
30.187500 0.000000501781
30.212500 0.000000570801
30.237500 0.000000607233
30.262500 0.000000462792
30.287500 0.000000501814
30.312500 0.000000460758
30.337500 0.000000503342
30.362500 0.000000477572
30.387500 0.000000577494
30.412500 0.000000518698
30.437500 0.000000651097
30.462500 0.000000609648
30.487500 0.000000664405
30.512500 0.000000695607
30.537500 0.000000583937
30.562500 0.000000576851
30.587500 0.000000534917
30.612500 0.000000488017
30.637500 0.000000577354
30.662500 0.000000541727
30.687500 0.000000694704
30.712500 0.000000744820
30.737500 0.000000967644
30.762500 0.000000847091
30.787500 0.000001179862
30.812500 0.000001214035
30.837500 0.000000746933
30.862500 0.000000873331
30.887500 0.000001029856
30.912500 0.000002370262
30.937500 0.000003137076
30.962500 0.000001938198
30.987500 0.000001740539
31.012500 0.000001286636
31.037500 0.000000807065
31.062500 0.000001101162
31.087500 0.000001012647
31.112500 0.000001186666
31.137500 0.000001735771
31.162500 0.000001295773
31.187500 0.000002472446
31.212500 0.000003361132
31.237500 0.000005200391
31.262500 0.000006427712
31.287500 0.000013182394
31.312500 0.000012858149
31.337500 0.000012471609
31.362500 0.000007987507
31.387500 0.000008881153
31.412500 0.000005657231
31.437500 0.000004247897
31.462500 0.000002834519
31.487500 0.000002866048
31.512500 0.000001980014
31.537500 0.000002596277
31.562500 0.000001448730
31.587500 0.000006127081
31.612500 0.000003569728
31.637500 0.000007733279
31.662500 0.000004042122
31.687500 0.000007555943
31.712500 0.000004123793
31.737500 0.000003330175
31.762500 0.000001921172
31.787500 0.000001166383
31.812500 0.000001144560
31.837500 0.000001409603
31.862500 0.000000950744
31.887500 0.000001198993
31.912500 0.000000988624
31.937500 0.000000885658
31.962500 0.000000817274
31.987500 0.000000712097
32.012500 0.000000779196
32.037500 0.000000567624
32.062500 0.000000618954
32.087500 0.000000535484
32.112500 0.000000523060
32.137500 0.000000393445
32.162500 0.000000452177
32.187500 0.000000413625
32.212500 0.000000611818
32.237500 0.000000582260
32.262500 0.000000996326
32.287500 0.000000689175
32.312500 0.000000947303
32.337500 0.000000609418
32.362500 0.000000718231
32.387500 0.000000328513
32.412500 0.000000418003
32.437500 0.000000409208
32.462500 0.000000393156
32.487500 0.000000444633
32.512500 0.000000311028
32.537500 0.000000407305
32.562500 0.000000366650
32.587500 0.000000357558
32.612500 0.000000349657
32.637500 0.000000462690
32.662500 0.000000699525
32.687500 0.000000417129
32.712500 0.000000731447
32.737500 0.000000465605
32.762500 0.000000614056
32.787500 0.000000410538
32.812500 0.000000450877
32.837500 0.000000475851
32.862500 0.000000702500
32.887500 0.000000317561
32.912500 0.000000734989
32.937500 0.000000341830
32.962500 0.000000504198
32.987500 0.000000507173
33.012500 0.000000392346
33.037500 0.000000635919
33.062500 0.000000918783
33.087500 0.000000342512
33.112500 0.000001857445
33.137500 0.000002633864
33.162500 0.000000480968
33.187500 0.000001718162
33.212500 0.000000676962
33.237500 0.000000413732
33.262500 0.000000394466
33.287500 0.000000640172
33.312500 0.000000419635
33.337500 0.000000613259
33.362500 0.000000721664
33.387500 0.000000997645
33.412500 0.000000611324
33.437500 0.000000899837
33.462500 0.000000698500
33.487500 0.000000632966
33.512500 0.000001142459
33.537500 0.000000865888
33.562501 0.000001147465
33.587501 0.000002054184
33.612501 0.000002619637
33.637501 0.000004564833
33.662501 0.000002734811
33.687501 0.000002256367
33.712501 0.000001134551
33.737501 0.000000569538
33.762501 0.000000820397
33.787501 0.000000425505
33.812501 0.000000600631
33.837501 0.000000825930
33.862501 0.000000494705
33.887501 0.000000607193
33.912501 0.000000412984
33.937501 0.000000650212
33.962501 0.000000483811
33.987501 0.000000612472
34.012501 0.000000449494
34.037501 0.000000485916
34.062501 0.000000615434
34.087501 0.000000509999
34.112501 0.000000628037
34.137501 0.000000852271
34.162501 0.000000663017
34.187501 0.000000660138
34.212501 0.000000340752
34.237501 0.000000311441
34.262501 0.000000320525
34.287501 0.000000315902
34.312501 0.000000306169
34.337501 0.000000244338
34.362501 0.000000220875
34.387501 0.000000573400
34.412501 0.000000371949
34.437501 0.000000273063
34.462501 0.000000428904
34.487501 0.000000361376
34.512501 0.000000540065
34.537501 0.000000198300
34.562501 0.000000206869
34.587501 0.000000226146
34.612501 0.000000641049
34.637501 0.000000465510
34.662501 0.000000321910
34.687501 0.000000277071
34.712501 0.000000606542
34.737501 0.000000811471
34.762501 0.000000373354
34.787501 0.000000281921
34.812501 0.000000413017
34.837501 0.000001164290
34.862501 0.000000736235
34.887501 0.000000549768
34.912501 0.000000745134
34.937501 0.000001074617
34.962501 0.000001540676
34.987501 0.000000425219
35.012501 0.000000273197
35.037501 0.000000457895
35.062501 0.000002970976
35.087501 0.000000476315
35.112501 0.000000488790
35.137501 0.000000538253
35.162501 0.000001959365
35.187501 0.000004514121
35.212501 0.000000673946
35.237501 0.000001047534
35.262501 0.000000999018
35.287501 0.000010146387
35.312501 0.000005094454
35.337501 0.000004936026
35.362501 0.000001248572
35.387501 0.000006868373
35.412501 0.000064480318
35.437501 0.000003052083
35.462501 0.000001975190
35.487501 0.000000591686
35.512501 0.000000893016
35.537501 0.000001231560
35.562501 0.000001031811
35.587501 0.000001004801
35.612501 0.000002049999
35.637501 0.000003068905
35.662501 0.000004137478
35.687501 0.000006495361
35.712501 0.000004060742
35.737501 0.000003163148
35.762501 0.000001243135
35.787501 0.000000507625
35.812501 0.000000350169
35.837501 0.000000660040
35.862501 0.000000391636
35.887501 0.000000203765
35.912501 0.000000311758
35.937501 0.000000391398
35.962501 0.000000290957
35.987501 0.000000478342
36.012501 0.000000141381
36.037501 0.000000665383
36.062501 0.000000185569
36.087501 0.000000369104
36.112501 0.000000210257
36.137501 0.000000257132
36.162501 0.000000292723
36.187501 0.000000174556
36.212501 0.000000656688
36.237501 0.000000296964
36.262501 0.000000803572
36.287501 0.000000654197
36.312501 0.000000160549
36.337501 0.000000357691
36.362501 0.000000160121
36.387501 0.000000299518
36.412501 0.000000257498
36.437501 0.000000218240
36.462501 0.000000197305
36.487501 0.000000212927
36.512501 0.000000172002
36.537501 0.000000244396
36.562501 0.000000191715
36.587501 0.000000288107
36.612501 0.000000463782
36.637501 0.000000284066
36.662501 0.000000382957
36.687501 0.000000175034
36.712501 0.000000200080
36.737501 0.000000160228
36.762501 0.000000248965
36.787501 0.000000246618
36.812501 0.000000150028
36.837501 0.000000256080
36.862501 0.000000139461
36.887501 0.000000192947
36.912501 0.000000152683
36.937501 0.000000213901
36.962501 0.000000295383
36.987501 0.000000157384
37.012501 0.000000385663
37.037501 0.000000448623
37.062501 0.000000199752
37.087501 0.000000185383
37.112501 0.000000230532
37.137501 0.000000383631
37.162501 0.000000260105
37.187501 0.000000285369
37.212501 0.000000256856
37.237501 0.000000356370
37.262501 0.000000674844
37.287501 0.000000447613
37.312501 0.000000148577
37.337501 0.000000406731
37.362501 0.000000729678
37.387501 0.000000447842
37.412501 0.000000144237
37.437501 0.000000821438
37.462501 0.000001537086
37.487501 0.000001010818
37.512501 0.000000107573
37.537501 0.000002944457
37.562501 0.000000128900
37.587501 0.000007212666
37.612501 0.000002913057
37.637501 0.000000186846
37.662501 0.000000614998
37.687501 0.000000134826
37.712501 0.000000402424
37.737501 0.000000110707
37.762501 0.000000224091
37.787501 0.000000112858
37.812501 0.000000228530
37.837501 0.000000075619
37.862501 0.000000201179
37.887501 0.000000095784
37.912501 0.000000115739
37.937501 0.000000098630
37.962501 0.000000087813
37.987501 0.000000134475
38.012501 0.000000092015
38.037501 0.000000186427
38.062501 0.000000082963
38.087501 0.000000192672
38.112501 0.000000146484
38.137501 0.000000264136
38.162501 0.000000184617
38.187501 0.000000609967
38.212501 0.000000176384
38.237501 0.000000626150
38.262501 0.000000178853
38.287501 0.000000272552
38.312501 0.000000126150
38.337501 0.000000127286
38.362501 0.000000145137
38.387501 0.000000147280
38.412501 0.000000167920
38.437501 0.000000139693
38.462501 0.000000236517
38.487501 0.000000101195
38.512501 0.000000212685
38.537501 0.000000208770
38.562501 0.000000470645
38.587501 0.000000359026
38.612501 0.000000964751
38.637501 0.000000146486
38.662501 0.000000669512
38.687501 0.000000136296
38.712501 0.000000201895
38.737501 0.000000347788
38.762501 0.000000190535
38.787501 0.000000079731
38.812501 0.000000072911
38.837501 0.000000125923
38.862501 0.000000048594
38.887501 0.000000102781
38.912501 0.000000052341
38.937501 0.000000042081
38.962501 0.000000060055
38.987501 0.000000060759
39.012501 0.000000055151
39.037501 0.000000093863
39.062501 0.000000054537
39.087501 0.000000112177
39.112501 0.000000037132
39.137501 0.000000118261
39.162501 0.000000111261
39.187501 0.000000091937
39.212501 0.000000118457
39.237501 0.000000143368
39.262501 0.000000073717
39.287501 0.000000113969
39.312501 0.000000111930
39.337501 0.000000079855
39.362501 0.000000030987
39.387501 0.000000069813
39.412501 0.000000061528
39.437501 0.000000114654
39.462501 0.000000078944
39.487501 0.000000242028
39.512501 0.000000117184
39.537501 0.000000125021
39.562501 0.000000124323
39.587501 0.000000073325
39.612501 0.000000136984
39.637501 0.000000052084
39.662501 0.000000086381
39.687501 0.000000042854
39.712501 0.000000050383
39.737501 0.000000052380
39.762501 0.000000026003
39.787501 0.000000089470
39.812501 0.000000044381
39.837501 0.000000067152
39.862501 0.000000072831
39.887501 0.000000111381
39.912501 0.000000042749
39.937501 0.000000037856
39.962501 0.000000057608
39.987501 0.000000021556
