0.000000 1.000000000000
0.030000 0.183016673485
0.050000 0.011056056328
0.070000 0.003754250804
0.090000 0.003489716531
0.110000 0.000862446927
0.130000 0.000191777746
0.150000 0.000682350026
0.170000 0.000099429464
0.190000 0.000083463498
0.210000 0.000189892323
0.230000 0.000035730992
0.250000 0.000024847875
0.270000 0.000070624607
0.290000 0.000015161797
0.310000 0.000007878296
0.330000 0.000031043392
0.350000 0.000005045927
0.370000 0.000007022381
0.390000 0.000013774301
0.410000 0.000005089421
0.430000 0.000002680904
0.450000 0.000009654600
0.470000 0.000002399120
0.490000 0.000002283281
0.510000 0.000004653632
0.530000 0.000001508283
0.550000 0.000000944468
0.570000 0.000003416802
0.590000 0.000000560879
0.610000 0.000001329876
0.630000 0.000002929568
0.650000 0.000000787470
0.670000 0.000000412779
0.690000 0.000002102715
0.710000 0.000000447196
0.730000 0.000000562237
0.750000 0.000001498681
0.770000 0.000000477898
0.790000 0.000000621979
0.810000 0.000001530845
0.830000 0.000000424004
0.850000 0.000000447498
0.870000 0.000000979382
0.890000 0.000000297716
0.910000 0.000000379877
0.930000 0.000000601038
0.950000 0.000000274200
0.970000 0.000000431784
0.990000 0.000000704806
1.010000 0.000000401614
1.030000 0.000000986367
1.050000 0.000001552024
1.070000 0.000000570896
1.090000 0.000001166000
1.110000 0.000000658507
1.130000 0.000000279768
1.150000 0.000000483041
1.170000 0.000001674124
1.190000 0.000000558735
1.210000 0.000002654753
1.230000 0.000001733980
1.250000 0.000000795502
1.270000 0.000001110700
1.290000 0.000001862520
1.310000 0.000001824500
1.330000 0.000001360026
1.350000 0.000001319645
1.370000 0.000000689789
1.390000 0.000001013627
1.410000 0.000001108963
1.430000 0.000000898213
1.450000 0.000001171569
1.470000 0.000001317594
1.490000 0.000001000684
1.510000 0.000001179906
1.530000 0.000001259980
1.550000 0.000001148183
1.570000 0.000000951490
1.590000 0.000000970132
1.610000 0.000000972980
1.630000 0.000001209966
1.650000 0.000001250872
1.670000 0.000001219031
1.690000 0.000001332004
1.710000 0.000001171033
1.730000 0.000001223362
1.750000 0.000001196074
1.770000 0.000001090963
1.790000 0.000000954662
1.810000 0.000001032369
1.830000 0.000000847392
1.850000 0.000000649411
1.870000 0.000000618608
1.890000 0.000000627994
1.910000 0.000000532368
1.930000 0.000000765852
1.950000 0.000000891680
1.970000 0.000000741616
1.990000 0.000000631956
2.010000 0.000000781068
2.030000 0.000000633108
2.050000 0.000000729853
2.070000 0.000001253742
2.090000 0.000000948464
2.110000 0.000001334515
2.130000 0.000000999615
2.150000 0.000001031459
2.170000 0.000001059781
2.190000 0.000001099299
2.210000 0.000001614144
2.230000 0.000001551614
2.250000 0.000002825658
2.270000 0.000003233895
2.290000 0.000003244028
2.310000 0.000005083207
2.330000 0.000003220352
2.350000 0.000002689339
2.370000 0.000009228843
2.390000 0.000002204378
2.410000 0.000019131573
2.430000 0.000009968586
2.450000 0.000003840736
2.470000 0.000004952436
2.490000 0.000006728906
2.510000 0.000006263589
2.530000 0.000008171441
2.550000 0.000014979605
2.570000 0.000020071970
2.590000 0.000030263139
2.610000 0.000044811720
2.630000 0.000031091552
2.650000 0.000023675108
2.670000 0.000023562690
2.690000 0.000024954704
2.710000 0.000032189622
2.730000 0.000037111645
2.750000 0.000033149360
2.770000 0.000026005527
2.790000 0.000028364089
2.810000 0.000032394899
2.830000 0.000031460348
2.850000 0.000038180534
2.870000 0.000040221349
2.890000 0.000029670050
2.910000 0.000023880820
2.930000 0.000018379918
2.950000 0.000015769012
2.970000 0.000015607038
2.990000 0.000011204055
3.010000 0.000010120075
3.030000 0.000008156018
3.050000 0.000007066891
3.070000 0.000009523848
3.090000 0.000010065974
3.110000 0.000008799013
3.130000 0.000005194861
3.150000 0.000005485111
3.170000 0.000005640350
3.190000 0.000005779123
3.210000 0.000005191562
3.230000 0.000004798570
3.250000 0.000004809125
3.270000 0.000004650365
3.290000 0.000004770344
3.310000 0.000004855941
3.330000 0.000004450663
3.350000 0.000004234508
3.370000 0.000003889844
3.390000 0.000003586537
3.410000 0.000003058338
3.430000 0.000003087212
3.450000 0.000002369579
3.470000 0.000001987479
3.490000 0.000001591234
3.510000 0.000001588693
3.530000 0.000001685570
3.550000 0.000001738701
3.570000 0.000001652108
3.590000 0.000001726018
3.610000 0.000002127724
3.630000 0.000001570059
3.650000 0.000001715020
3.670000 0.000001387857
3.690000 0.000001460297
3.710000 0.000001727624
3.730000 0.000002285293
3.750000 0.000002134109
3.770000 0.000003753976
3.790000 0.000003362930
3.810000 0.000002629423
3.830000 0.000002187144
3.850000 0.000002111243
3.870000 0.000002102537
3.890000 0.000002153206
3.910000 0.000002576864
3.930000 0.000002784607
3.950000 0.000003156151
3.970000 0.000003098452
3.990000 0.000003602731
4.010000 0.000003734347
4.030000 0.000002717339
4.050000 0.000002715487
4.070000 0.000002279910
4.090000 0.000002092070
4.110000 0.000001995667
4.130000 0.000002123327
4.150000 0.000002436288
4.170000 0.000002990678
4.190000 0.000003261676
4.210000 0.000004323265
4.230000 0.000005506535
4.250000 0.000008607620
4.270000 0.000012715668
4.290000 0.000018317136
4.310000 0.000014533352
4.330000 0.000014030195
4.350000 0.000015794167
4.370000 0.000019259144
4.390000 0.000018200896
4.410000 0.000020750113
4.430000 0.000028318975
4.450000 0.000025044400
4.470000 0.000024650448
4.490000 0.000035417177
4.510000 0.000033918627
4.530000 0.000026448976
4.550000 0.000020020356
4.570000 0.000015167987
4.590000 0.000011700295
4.610000 0.000009920734
4.630000 0.000009139898
4.650000 0.000007486330
4.670000 0.000007561249
4.690000 0.000006572466
4.710000 0.000006225175
4.730000 0.000008080197
4.750000 0.000006249540
4.770000 0.000005642753
4.790000 0.000018997706
4.810000 0.000038390128
4.830000 0.000005080100
4.850000 0.000018503693
4.870000 0.000005208445
4.890000 0.000004334776
4.910000 0.000005621800
4.930000 0.000004245128
4.950000 0.000004128867
4.970000 0.000004385024
4.990000 0.000003750011
5.010000 0.000004174934
5.030000 0.000005056027
5.050000 0.000005260893
5.070000 0.000006401830
5.090000 0.000006715524
5.110000 0.000006503922
5.130000 0.000006981787
5.150000 0.000009168736
5.170000 0.000010749842
5.190000 0.000009940536
5.210000 0.000012727315
5.230000 0.000010790114
5.250000 0.000008889477
5.270000 0.000008283205
5.290000 0.000007680133
5.310000 0.000006646323
5.330000 0.000006380025
5.350000 0.000005680478
5.370000 0.000006062649
5.390000 0.000005736795
5.410000 0.000006262491
5.430000 0.000007261759
5.450000 0.000007401537
5.470000 0.000007462931
5.490000 0.000007537935
5.510000 0.000007689239
5.530000 0.000008336115
5.550000 0.000010232429
5.570000 0.000012128229
5.590000 0.000011469077
5.610000 0.000010598167
5.630000 0.000009342974
5.650000 0.000008621048
5.670000 0.000007448801
5.690000 0.000007387409
5.710000 0.000007589215
5.730000 0.000007226698
5.750000 0.000006840782
5.770000 0.000006891078
5.790000 0.000006868653
5.810000 0.000007330558
5.830000 0.000008221177
5.850000 0.000007945412
5.870000 0.000010104453
5.890000 0.000008245851
5.910000 0.000006915885
5.930000 0.000006432957
5.950000 0.000005800970
5.970000 0.000006632941
5.990000 0.000006718030
6.010000 0.000005122747
6.030000 0.000005013168
6.050000 0.000004435440
6.070000 0.000005392878
6.090000 0.000004606553
6.110000 0.000004946739
6.130000 0.000007505851
6.150000 0.000006081621
6.170000 0.000005020209
6.190000 0.000005024195
6.210000 0.000004981931
6.230000 0.000007071831
6.250000 0.000010007163
6.270000 0.000012445284
6.290000 0.000010142031
6.310000 0.000007987155
6.330000 0.000007280779
6.350000 0.000006880355
6.370000 0.000006817540
6.390000 0.000007442827
6.410000 0.000009101942
6.430000 0.000011046008
6.450000 0.000014105491
6.470000 0.000013262508
6.490000 0.000014003194
6.510000 0.000013888573
6.530000 0.000015521133
6.550000 0.000014196945
6.570000 0.000011681848
6.590000 0.000012255926
6.610000 0.000011882576
6.630000 0.000011206869
6.650000 0.000009380784
6.670000 0.000008451979
6.690000 0.000007579283
6.710000 0.000007384326
6.730000 0.000007025241
6.750000 0.000007528471
6.770000 0.000008264302
6.790000 0.000007858092
6.810000 0.000007623187
6.830000 0.000008141449
6.850000 0.000007884296
6.870000 0.000008281676
6.890000 0.000009318762
6.910000 0.000007734644
6.930000 0.000007478093
6.950000 0.000007014095
6.970000 0.000007277045
6.990000 0.000007118559
7.010000 0.000006642509
7.030000 0.000006909443
7.050000 0.000006665745
7.070000 0.000007036439
7.090000 0.000007600979
7.110000 0.000008974582
7.130000 0.000010283403
7.150000 0.000010647999
7.170000 0.000009192315
7.190000 0.000009423170
7.210000 0.000009266789
7.230000 0.000011246772
7.250000 0.000009792069
7.270000 0.000007294030
7.290000 0.000007220509
7.310000 0.000008130194
7.330000 0.000008695321
7.350000 0.000009821471
7.370000 0.000010394995
7.390000 0.000010579013
7.410000 0.000009297397
7.430000 0.000007938188
7.450000 0.000007196754
7.470000 0.000007411915
7.490000 0.000007223999
7.510000 0.000006808542
7.530000 0.000007413453
7.550000 0.000007704409
7.570000 0.000008236755
7.590000 0.000008668261
7.610000 0.000008491800
7.630000 0.000008052779
7.650000 0.000006745535
7.670000 0.000006387825
7.690000 0.000007354596
7.710000 0.000007121371
7.730000 0.000007521569
7.750000 0.000007855573
7.770000 0.000007563884
7.790000 0.000008230269
7.810000 0.000007991839
7.830000 0.000006921856
7.850000 0.000006498787
7.870000 0.000006375171
7.890000 0.000005922091
7.910000 0.000005610120
7.930000 0.000005157026
7.950000 0.000004848948
7.970000 0.000004982746
7.990000 0.000005198735
8.010000 0.000005691275
8.030000 0.000006014441
8.050000 0.000006186249
8.070000 0.000006346114
8.090000 0.000006753703
8.110000 0.000007509078
8.130000 0.000010223312
8.150000 0.000011322494
8.170000 0.000012453069
8.190000 0.000009290267
8.210000 0.000006699740
8.230000 0.000006364466
8.250000 0.000006502858
8.270000 0.000006801198
8.290000 0.000007119004
8.310000 0.000007196087
8.330000 0.000007002075
8.350000 0.000007484161
8.370000 0.000008813635
8.390000 0.000010144827
8.410000 0.000011680546
8.430000 0.000013820266
8.450000 0.000014151046
8.470000 0.000013430189
8.490000 0.000012892328
8.510000 0.000010315590
8.530000 0.000009719163
8.550000 0.000011241325
8.570000 0.000012727732
8.590000 0.000011950740
8.610000 0.000014309661
8.630000 0.000011707961
8.650000 0.000010366683
8.670000 0.000010093196
8.690000 0.000010549554
8.710000 0.000010760960
8.730000 0.000011530771
8.750000 0.000010989147
8.770000 0.000010902219
8.790000 0.000008828433
8.810000 0.000008267252
8.830000 0.000007369389
8.850000 0.000007128313
8.870000 0.000007066206
8.890000 0.000007210614
8.910000 0.000007560600
8.930000 0.000007523594
8.950000 0.000007499840
8.970000 0.000007570166
8.990000 0.000007062782
9.010000 0.000007017609
9.030000 0.000006864905
9.050000 0.000006666796
9.070000 0.000006940816
9.090000 0.000006810016
9.110000 0.000006988904
9.130000 0.000006450772
9.150000 0.000006058019
9.170000 0.000005626707
9.190000 0.000006022587
9.210000 0.000006514939
9.230000 0.000006740816
9.250000 0.000007052426
9.270000 0.000007020076
9.290000 0.000006419209
9.310000 0.000006527972
9.330000 0.000006805883
9.350000 0.000007033378
9.370000 0.000007263127
9.390000 0.000007201267
9.410000 0.000007666306
9.430000 0.000007703907
9.450000 0.000007932804
9.470000 0.000008346024
9.490000 0.000008130874
9.510000 0.000007740947
9.530000 0.000007413171
9.550000 0.000007608147
9.570000 0.000006953732
9.590000 0.000009058052
9.610000 0.000007133674
9.630000 0.000012527153
9.650000 0.000009053612
9.670000 0.000007418628
9.690000 0.000007357578
9.710000 0.000008165118
9.730000 0.000007780783
9.750000 0.000008138101
9.770000 0.000007712277
9.790000 0.000007571550
9.810000 0.000006628458
9.830000 0.000006547473
9.850000 0.000007381417
9.870000 0.000007526013
9.890000 0.000007058629
9.910000 0.000006594815
9.930000 0.000006538590
9.950000 0.000006955949
9.970000 0.000007964170
9.990000 0.000009541155
