0.000000 1.000000000000
0.087500 0.405139583768
0.112500 0.164179958950
0.137500 0.066548132822
0.162500 0.000000000189
0.187500 0.000000000534
0.237500 0.014915124133
0.262500 0.014545646482
0.287500 0.000000000915
0.312500 0.000001743112
0.337500 0.000354791544
0.362500 0.000162823798
0.387500 0.002404766594
0.412500 0.003354626948
0.437500 0.000000002475
0.462500 0.000251926199
0.487500 0.000056096793
0.512500 0.000000022958
0.537500 0.000004216450
0.562500 0.001588312341
0.587500 0.000086209319
0.612500 0.000118390587
0.637500 0.000000007243
0.662500 0.000001028230
0.687500 0.000023783038
0.712500 0.000258525023
0.737500 0.000387823956
0.762500 0.000030820787
0.787500 0.000009361832
0.812500 0.000005026348
0.837500 0.000009102047
0.862500 0.000000386401
0.887500 0.000284906419
0.912500 0.000024867400
0.937500 0.000013314008
0.962500 0.000002572156
0.987500 0.000003424551
1.012500 0.000000895342
1.037500 0.000052092806
1.062500 0.000101020686
1.087500 0.000006159089
1.112500 0.000001291331
1.137500 0.000002933553
1.162500 0.000000554150
1.187500 0.000034214146
1.212500 0.000055582993
1.237500 0.000003911903
1.262500 0.000001366741
1.287500 0.000001933375
1.312500 0.000000375748
1.337500 0.000000698152
1.362500 0.000019523569
1.387500 0.000034730066
1.412500 0.000003040513
1.437500 0.000000876115
1.462500 0.000000244334
1.487500 0.000000711332
1.512500 0.000012147772
1.537500 0.000024475581
1.562500 0.000001847925
1.587500 0.000000742540
1.612500 0.000000342058
1.637500 0.000000442799
1.662500 0.000008139448
1.687500 0.000000619911
1.712500 0.000016226374
1.737500 0.000000437596
1.762500 0.000000562813
1.787500 0.000000289737
1.812500 0.000000156000
1.837500 0.000005920453
1.862500 0.000010941931
1.887500 0.000000765085
1.912500 0.000000446549
1.937500 0.000000166131
1.962500 0.000000287230
1.987500 0.000004334121
2.012500 0.000000429869
2.037500 0.000008210630
2.062500 0.000000366619
2.087500 0.000000125087
2.112500 0.000000218635
2.137500 0.000002960931
2.162500 0.000000556682
2.187500 0.000006009811
2.212500 0.000000522812
2.237500 0.000000247166
2.262500 0.000000181256
2.287500 0.000000146405
2.312500 0.000002635017
2.337500 0.000000194630
2.362500 0.000004764793
2.387500 0.000000255063
2.412500 0.000000179391
2.437500 0.000000173464
2.462500 0.000001894253
2.487500 0.000000254148
2.512500 0.000003364094
2.537500 0.000000384264
2.562500 0.000000224244
2.587500 0.000000174523
2.612500 0.000000165084
2.637500 0.000001633881
2.662500 0.000000192970
2.687500 0.000002800614
2.712500 0.000000203326
2.737500 0.000000194140
2.762500 0.000000157746
2.787500 0.000001261125
2.812500 0.000000184517
2.837500 0.000002107747
2.862500 0.000000353062
2.887500 0.000000201371
2.912500 0.000000166908
2.937500 0.000001031733
2.962500 0.000000241029
2.987500 0.000000194997
3.012500 0.000001880563
3.037500 0.000000241603
3.062500 0.000000206578
3.087500 0.000000200841
3.112500 0.000000885931
3.137500 0.000000197483
3.162500 0.000001623745
3.187500 0.000000354876
3.212500 0.000000222148
3.237500 0.000000203552
3.262500 0.000000867806
3.287500 0.000000275345
3.312500 0.000000247309
3.337500 0.000001324674
3.362500 0.000000284218
3.387500 0.000000247803
3.412500 0.000000715431
3.437500 0.000000255905
3.462500 0.000000305207
3.487500 0.000001066919
3.512500 0.000000320462
3.537500 0.000000293008
3.562500 0.000000221927
3.587500 0.000000650601
3.612500 0.000000306355
3.637500 0.000000248439
3.662500 0.000001028844
3.687500 0.000000284531
3.712500 0.000000266501
3.737500 0.000000631681
3.762500 0.000000308247
3.787500 0.000000269099
3.812500 0.000000841890
3.837500 0.000000358583
3.862500 0.000000264163
3.887500 0.000000519334
3.912500 0.000000359110
3.937500 0.000000273574
3.962500 0.000000308729
3.987500 0.000000819093
4.012500 0.000000351021
4.037500 0.000000295837
4.062500 0.000000549537
4.087500 0.000000315638
4.112500 0.000000329641
4.137500 0.000000716740
4.162500 0.000000350738
4.187500 0.000000323548
4.212500 0.000000508900
4.237500 0.000000329922
4.262500 0.000000325737
4.287500 0.000000320225
4.312500 0.000000695267
4.337500 0.000000339935
4.362500 0.000000312711
4.387500 0.000000478162
4.412500 0.000000329710
4.437500 0.000000361594
4.462500 0.000000609082
4.487500 0.000000390436
4.512500 0.000000350394
4.537500 0.000000582928
4.562500 0.000000355135
4.587500 0.000000386538
4.612500 0.000000417698
4.637500 0.000000664485
4.662500 0.000000426460
4.687500 0.000000486418
4.712500 0.000000415370
4.737500 0.000000390318
4.762500 0.000000406568
4.787500 0.000000613117
4.812500 0.000000401140
4.837500 0.000000412580
4.862500 0.000000499255
4.887500 0.000000424865
4.912500 0.000000386229
4.937500 0.000000409266
4.962500 0.000000626622
4.987500 0.000000416784
5.012500 0.000000510048
5.037500 0.000000411563
5.062500 0.000000431625
5.087500 0.000000429236
5.112500 0.000000614060
5.137500 0.000000475906
5.162500 0.000000502328
5.187500 0.000000425230
5.212500 0.000000445938
5.237500 0.000000434310
5.262500 0.000000466388
5.287500 0.000000606358
5.312500 0.000000459661
5.337500 0.000000549794
5.362500 0.000000467066
5.387500 0.000000469093
5.412500 0.000000494953
5.437500 0.000000602407
5.462500 0.000000519273
5.487500 0.000000544738
5.512500 0.000000483752
5.537500 0.000000530645
5.562500 0.000000497270
5.587500 0.000000488562
5.612500 0.000000610588
5.637500 0.000000562554
5.662500 0.000000517070
5.687500 0.000000520218
5.712500 0.000000546616
5.737500 0.000000516423
5.762500 0.000000651465
5.787500 0.000000560502
5.812500 0.000000600702
5.837500 0.000000554250
5.862500 0.000000535782
5.887500 0.000000581070
5.912500 0.000000552601
5.937500 0.000000678512
5.962500 0.000000595484
5.987500 0.000000578880
6.012500 0.000000572452
6.037500 0.000000557234
6.062500 0.000000573236
6.087500 0.000000645230
6.112500 0.000000586116
6.137500 0.000000626043
6.162500 0.000000579931
6.187500 0.000000578527
6.212500 0.000000591624
6.237500 0.000000611554
6.262500 0.000000668654
6.287500 0.000000614113
6.312500 0.000000597521
6.337500 0.000000646660
6.362500 0.000000616299
6.387500 0.000000654892
6.412500 0.000000671024
6.437500 0.000000692247
6.462500 0.000000655138
6.487500 0.000000679569
6.512500 0.000000689736
6.537500 0.000000676025
6.562500 0.000000653965
6.587500 0.000000729022
6.612500 0.000000689152
6.637500 0.000000689625
6.662500 0.000000677304
6.687500 0.000000688840
6.712500 0.000000687186
6.737500 0.000000740983
6.762500 0.000000724292
6.787500 0.000000695435
6.812500 0.000000735229
6.837500 0.000000848026
6.862500 0.000000792620
6.887500 0.000000868353
6.912500 0.000001067397
6.937500 0.000000953187
6.962500 0.000000852656
6.987500 0.000000824951
7.012500 0.000000770504
7.037500 0.000000985372
7.062500 0.000000792777
7.087500 0.000001271553
7.112500 0.000001428274
7.137500 0.000001822081
7.162500 0.000000823017
7.187500 0.000001431771
7.212500 0.000001208330
7.237500 0.000000878416
7.262500 0.000001058799
7.287500 0.000000821664
7.312500 0.000000885150
7.337500 0.000000860378
7.362500 0.000000823699
7.387500 0.000000888377
7.412500 0.000000798545
7.437500 0.000000790022
7.462500 0.000000830444
7.487500 0.000000824392
7.512500 0.000000829855
7.537500 0.000000821785
7.562500 0.000000899908
7.587500 0.000000829657
7.612500 0.000000842210
7.637500 0.000000884593
7.662500 0.000000851735
7.687500 0.000000860632
7.712500 0.000000916530
7.737500 0.000000852708
7.762500 0.000000888861
7.787500 0.000000932201
7.812500 0.000000949164
7.837500 0.000000873410
7.862500 0.000000943009
7.887500 0.000000956776
7.912500 0.000000897494
7.937500 0.000000910423
7.962500 0.000000860746
7.987500 0.000000883405
8.012500 0.000000871844
8.037500 0.000000898910
8.062500 0.000000896359
8.087500 0.000000913766
8.112500 0.000000924527
8.137500 0.000000911446
8.162500 0.000000918140
8.187500 0.000000965217
8.212500 0.000000920396
8.237500 0.000000930364
8.262500 0.000000917216
8.287500 0.000000902441
8.312500 0.000000910551
8.337500 0.000000934311
8.362500 0.000000936979
8.387500 0.000000956662
8.412500 0.000000955119
8.437500 0.000000934107
8.462500 0.000000980791
8.487500 0.000000946794
8.512500 0.000000965731
8.537500 0.000001001012
8.562500 0.000000948483
8.587500 0.000001003053
8.612500 0.000000944302
8.637500 0.000000977643
8.662500 0.000000977374
8.687500 0.000000960740
8.712500 0.000000986260
8.737500 0.000000974623
8.762500 0.000000963826
8.787500 0.000000969984
8.812500 0.000001005472
8.837500 0.000000997480
8.862500 0.000001021234
8.887500 0.000000991216
8.912500 0.000001007590
8.937500 0.000001018639
8.962500 0.000001008366
8.987500 0.000001025376
9.012500 0.000001020746
9.037500 0.000001052931
9.062500 0.000001025531
9.087500 0.000001038673
9.112500 0.000001048626
9.137500 0.000001057099
9.162500 0.000001055872
9.187500 0.000001108576
9.212500 0.000001055652
9.237500 0.000001069604
9.262500 0.000001092545
9.287500 0.000001085391
9.312500 0.000001080911
9.337500 0.000001163047
9.362500 0.000001214623
9.387500 0.000001147225
9.412500 0.000001225889
9.437500 0.000001375222
9.462500 0.000001219348
9.487500 0.000001133978
9.512500 0.000001221597
9.537500 0.000001134845
9.562500 0.000001096800
9.587500 0.000001137590
9.612500 0.000001091676
9.637500 0.000001116243
9.662500 0.000001137852
9.687500 0.000001131138
9.712500 0.000001163246
9.737500 0.000001153609
9.762500 0.000001132574
9.787500 0.000001117209
9.812500 0.000001107803
9.837500 0.000001129281
9.862500 0.000001130089
9.887500 0.000001122742
9.912500 0.000001186327
9.937500 0.000001159588
9.962500 0.000001143025
9.987500 0.000001163130
10.012500 0.000001161948
10.037500 0.000001184488
10.062500 0.000001239215
10.087500 0.000001212734
10.112500 0.000001159886
10.137500 0.000001190728
10.162500 0.000001168139
10.187500 0.000001285612
10.212500 0.000001500017
10.237500 0.000001283261
10.262500 0.000001427651
10.287500 0.000001786591
10.312500 0.000001449338
10.337500 0.000001290275
10.362500 0.000001417981
10.387500 0.000001313800
10.412500 0.000001243903
10.437500 0.000001236748
10.462500 0.000001242752
10.487500 0.000001263602
10.512500 0.000001238605
10.537500 0.000001230118
10.562500 0.000001239284
10.587500 0.000001213027
10.612500 0.000001255978
10.637500 0.000001310398
10.662500 0.000001230145
10.687500 0.000001337216
10.712500 0.000001223454
10.737500 0.000001311030
10.762500 0.000001207430
10.787500 0.000001251314
10.812500 0.000001237476
10.837500 0.000001271582
10.862500 0.000001240364
10.887500 0.000001246751
10.912500 0.000001302701
10.937500 0.000001258480
10.962500 0.000001276213
10.987500 0.000001306171
11.012500 0.000001285312
11.037500 0.000001290225
11.062500 0.000001298394
11.087500 0.000001296103
11.112500 0.000001296419
11.137500 0.000001343811
11.162500 0.000001312703
11.187500 0.000001338356
11.212500 0.000001334634
11.237500 0.000001325918
11.262500 0.000001337055
11.287500 0.000001371854
11.312500 0.000001405077
11.337500 0.000001386541
11.362500 0.000001403217
11.387500 0.000001461392
11.412500 0.000001413100
11.437500 0.000001447731
11.462500 0.000001394456
11.487500 0.000001361653
11.512500 0.000001396701
11.537500 0.000001381056
11.562500 0.000001351962
11.587500 0.000001419912
11.612500 0.000001451456
11.637500 0.000001481145
11.662500 0.000001446739
11.687500 0.000001447466
11.712500 0.000001456043
11.737500 0.000001473588
11.762500 0.000001472062
11.787500 0.000001410616
11.812500 0.000001365855
11.837500 0.000001461666
11.862500 0.000001416904
11.887500 0.000001408655
11.912500 0.000001415368
11.937500 0.000001430565
11.962500 0.000001468134
11.987500 0.000001518394
12.012500 0.000001495123
12.037500 0.000001595642
12.062500 0.000001764247
12.087500 0.000001769040
12.112500 0.000001593555
12.137500 0.000001585998
12.162500 0.000001771604
12.187500 0.000001480157
12.212500 0.000001509898
12.237500 0.000001462681
12.262500 0.000001465846
12.287500 0.000001618919
12.312500 0.000001873385
12.337500 0.000003723898
12.362500 0.000001576313
12.387500 0.000001478364
12.412500 0.000010237427
12.437500 0.000003322571
12.462500 0.000005571792
12.487500 0.000009936494
12.512500 0.000005610271
12.537500 0.000012137355
12.562500 0.000006015059
12.587500 0.000001683870
12.612500 0.000007750466
12.637500 0.000003459844
12.662500 0.000007934427
12.687500 0.000001754006
12.712500 0.000001720736
12.737500 0.000009604296
12.762500 0.000001860153
12.787500 0.000002052146
12.812500 0.000003667218
12.837500 0.000001575398
12.862500 0.000001596431
12.887500 0.000001535011
12.912500 0.000001573204
12.937500 0.000001685795
12.962500 0.000001646925
12.987500 0.000001543230
13.012500 0.000001682495
13.037500 0.000001576563
13.062500 0.000001531030
13.087500 0.000001613086
13.112500 0.000001575371
13.137500 0.000001583756
13.162500 0.000002184697
13.187500 0.000001774217
13.212500 0.000001676753
13.237500 0.000001816858
13.262500 0.000001921696
13.287500 0.000001744855
13.312500 0.000003340307
13.337500 0.000005414676
13.362500 0.000003533625
13.387500 0.000005485462
13.412500 0.000010738768
13.437500 0.000005552056
13.462500 0.000003569199
13.487500 0.000005256129
13.512500 0.000003406912
13.537500 0.000001833055
13.562500 0.000002006793
13.587500 0.000001757989
13.612500 0.000001776550
13.637500 0.000002568082
13.662500 0.000001877620
13.687500 0.000002642676
13.712500 0.000001749184
13.737500 0.000005081181
13.762500 0.000001834013
13.787500 0.000006823362
13.812500 0.000002293420
13.837500 0.000001999544
13.862500 0.000005155594
13.887500 0.000001986944
13.912500 0.000003455770
13.937500 0.000003322839
13.962500 0.000003292251
13.987500 0.000006365380
14.012500 0.000007206197
14.037500 0.000007902102
14.062500 0.000007128585
14.087500 0.000006977303
14.112500 0.000006696528
14.137500 0.000003450649
14.162500 0.000003267506
14.187500 0.000003673107
14.212500 0.000004460700
14.237500 0.000002101528
14.262500 0.000004625775
14.287500 0.000006219870
14.312500 0.000002427680
14.337500 0.000005376759
14.362500 0.000004348953
14.387500 0.000004339828
14.412500 0.000005260515
14.437500 0.000003336363
14.462500 0.000004517023
14.487500 0.000002880061
14.512500 0.000002357623
14.537500 0.000002321829
14.562500 0.000003710660
14.587500 0.000003665389
14.612500 0.000004228115
14.637500 0.000004362432
14.662500 0.000004189915
14.687500 0.000004453206
14.712500 0.000002974307
14.737500 0.000003729511
14.762500 0.000004620080
14.787500 0.000003542725
14.812500 0.000003864633
14.837500 0.000007559985
14.862500 0.000003955595
14.887500 0.000004936707
14.912500 0.000003007558
14.937500 0.000003147866
14.962500 0.000001964287
14.987500 0.000001778107
15.012500 0.000002029873
15.037500 0.000002007104
15.062500 0.000002049726
15.087500 0.000002294367
15.112500 0.000002231830
15.137500 0.000002971729
15.162500 0.000002679506
15.187500 0.000004109250
15.212500 0.000002198638
15.237500 0.000003561015
15.262500 0.000001721079
15.287500 0.000002080062
15.312500 0.000001988590
15.337500 0.000001766649
15.362500 0.000001797099
15.387500 0.000001773898
15.412500 0.000001940429
15.437500 0.000001996664
15.462500 0.000001660015
15.487500 0.000002004283
15.512500 0.000001974581
15.537500 0.000001773476
15.562500 0.000001750903
15.587500 0.000001654322
15.612500 0.000001911717
15.637500 0.000002074737
15.662500 0.000001835401
15.687500 0.000001869274
15.712500 0.000002222916
15.737500 0.000002004704
15.762500 0.000001763972
15.787500 0.000001709821
15.812500 0.000001701153
15.837500 0.000001628943
15.862500 0.000001568128
15.887500 0.000001618315
15.912500 0.000001559151
15.937500 0.000001566469
15.962500 0.000001563119
15.987500 0.000001546092
16.012500 0.000001593415
16.037500 0.000001571245
16.062500 0.000001721298
16.087500 0.000001591873
16.112500 0.000001818827
16.137500 0.000001725391
16.162500 0.000001688682
16.187500 0.000001790745
16.212500 0.000001640050
16.237500 0.000001678772
16.262500 0.000001770138
16.287500 0.000001623029
16.312500 0.000001906510
16.337500 0.000001712539
16.362500 0.000001778363
16.387500 0.000001682276
16.412500 0.000001637952
16.437500 0.000001638022
16.462500 0.000001581609
16.487500 0.000001608245
16.512500 0.000001638098
16.537500 0.000001609095
16.562500 0.000001663133
16.587500 0.000001720533
16.612500 0.000001698776
16.637500 0.000001677475
16.662500 0.000001675839
16.687500 0.000001667119
16.712500 0.000001640735
16.737500 0.000001662738
16.762500 0.000001656405
16.787500 0.000001665389
16.812500 0.000001666578
16.837500 0.000001640618
16.862500 0.000001740803
16.887500 0.000001595396
16.912500 0.000001698983
16.937500 0.000001771844
16.962500 0.000001635327
16.987500 0.000001659933
17.012500 0.000001645270
17.037500 0.000001599842
17.062500 0.000001576676
17.087500 0.000001589973
17.112500 0.000001568209
17.137500 0.000001566233
17.162500 0.000001556383
17.187500 0.000001562226
17.212500 0.000001563102
17.237500 0.000001598897
17.262500 0.000001568221
17.287500 0.000001594079
17.312500 0.000001603874
17.337500 0.000001603427
17.362500 0.000001580525
17.387500 0.000001571085
17.412500 0.000001629346
17.437500 0.000001590141
17.462500 0.000001617471
17.487500 0.000001555582
17.512500 0.000001598971
17.537500 0.000001534994
17.562500 0.000001554177
17.587500 0.000001562666
17.612500 0.000001510888
17.637500 0.000001541590
17.662500 0.000001553162
17.687500 0.000001561357
17.712500 0.000001567186
17.737500 0.000001668078
17.762500 0.000001622481
17.787500 0.000001606577
17.812500 0.000001634632
17.837500 0.000001593730
17.862500 0.000001682372
17.887500 0.000001565507
17.912500 0.000001643670
17.937500 0.000001547207
17.962500 0.000001645356
17.987500 0.000001830016
18.012500 0.000001634956
18.037500 0.000001628998
18.062500 0.000001828637
18.087500 0.000002316169
18.112500 0.000001686694
18.137500 0.000003633762
18.162500 0.000003490248
18.187500 0.000002400319
18.212500 0.000006326394
18.237500 0.000004240236
18.262500 0.000003577350
18.287500 0.000001668851
18.312500 0.000002434840
18.337500 0.000001777228
18.362500 0.000001702277
18.387500 0.000001538858
18.412500 0.000001919085
18.437500 0.000001593231
18.462500 0.000001608869
18.487500 0.000001627430
18.512500 0.000001703156
18.537500 0.000001611446
18.562500 0.000001577299
18.587500 0.000001595227
18.612500 0.000001558052
18.637500 0.000001579686
18.662500 0.000001553349
18.687500 0.000001633815
18.712500 0.000001555009
18.737500 0.000001541111
18.762500 0.000001588679
18.787500 0.000001542643
18.812500 0.000001531685
18.837500 0.000001591815
18.862500 0.000001538687
18.887500 0.000001549395
18.912500 0.000001561155
18.937500 0.000001533131
18.962500 0.000001598530
18.987500 0.000001644483
19.012500 0.000001617509
19.037500 0.000001641394
19.062500 0.000001826058
19.087500 0.000001715805
19.112500 0.000001676205
19.137500 0.000001822194
19.162500 0.000001876443
19.187500 0.000002291772
19.212500 0.000002971593
19.237500 0.000002856322
19.262500 0.000003070224
19.287500 0.000003985336
19.312500 0.000002915506
19.337500 0.000003169683
19.362500 0.000001988092
19.387500 0.000002130295
19.412500 0.000001760584
19.437500 0.000001622321
19.462500 0.000001616897
19.487500 0.000001694818
19.512500 0.000001681856
19.537500 0.000001561427
19.562500 0.000001624950
19.587500 0.000001597474
19.612500 0.000001577252
19.637500 0.000001559859
19.662500 0.000001537801
19.687500 0.000001536415
19.712500 0.000001537690
19.737500 0.000001509235
19.762500 0.000001518074
19.787500 0.000001510092
19.812500 0.000001503400
19.837500 0.000001510472
19.862500 0.000001497186
19.887500 0.000001489552
19.912500 0.000001513716
19.937500 0.000001501516
19.962500 0.000001585184
19.987500 0.000001532607
20.012500 0.000001699463
20.037500 0.000001562609
20.062500 0.000001622099
20.087500 0.000001625525
20.112500 0.000001548089
20.137500 0.000001622239
20.162500 0.000001678835
20.187500 0.000001582392
20.212500 0.000001668458
20.237500 0.000001606773
20.262500 0.000001530649
20.287500 0.000001552462
20.312500 0.000001472892
20.337500 0.000001481681
20.362500 0.000001462633
20.387500 0.000001467995
20.412500 0.000001483586
20.437500 0.000001481050
20.462500 0.000001501322
20.487500 0.000001486821
20.512500 0.000001498834
20.537500 0.000001492623
20.562500 0.000001507523
20.587500 0.000001496610
20.612500 0.000001492236
20.637500 0.000001498479
20.662500 0.000001512967
20.687500 0.000001457060
20.712500 0.000001489849
20.737500 0.000001470350
20.762500 0.000001503460
20.787500 0.000001500742
20.812500 0.000001479496
20.837500 0.000001495322
20.862500 0.000001469079
20.887500 0.000001440875
20.912500 0.000001495319
20.937500 0.000001490323
20.962500 0.000001469996
20.987500 0.000001544845
21.012500 0.000001552900
21.037500 0.000001502956
21.062500 0.000001551528
21.087500 0.000001536760
21.112500 0.000001506468
21.137500 0.000001495134
21.162500 0.000001496356
21.187500 0.000001468658
21.212500 0.000001457440
21.237500 0.000001473553
21.262500 0.000001453511
21.287500 0.000001476110
21.312500 0.000001470457
21.337500 0.000001490025
21.362500 0.000001515113
21.387500 0.000001531109
21.412500 0.000001579418
21.437500 0.000001574647
21.462500 0.000001527929
21.487500 0.000001516562
21.512500 0.000001586516
21.537500 0.000001493541
21.562500 0.000001633870
21.587500 0.000001514051
21.612500 0.000001841248
21.637500 0.000001531062
21.662500 0.000001568164
21.687500 0.000002865102
21.712500 0.000001480642
21.737500 0.000003670691
21.762500 0.000001499232
21.787500 0.000002914284
21.812500 0.000001530732
21.837500 0.000001849514
21.862500 0.000001514701
21.887500 0.000001486748
21.912500 0.000001585177
21.937500 0.000001485741
21.962500 0.000001575994
21.987500 0.000001450075
22.012500 0.000001506094
22.037500 0.000001490577
22.062500 0.000001436957
22.087500 0.000001476597
22.112500 0.000001502879
22.137500 0.000001509373
22.162500 0.000001494749
22.187500 0.000001515582
22.212500 0.000001522869
22.237500 0.000001470873
22.262500 0.000001604599
22.287500 0.000001541746
22.312500 0.000002023378
22.337500 0.000001804082
22.362500 0.000001970527
22.387500 0.000002892439
22.412500 0.000002726225
22.437500 0.000002581341
22.462500 0.000001943439
22.487500 0.000002636583
22.512500 0.000003626994
22.537500 0.000003719245
22.562500 0.000004598045
22.587500 0.000005314044
22.612500 0.000006331138
22.637500 0.000004201693
22.662500 0.000003646371
22.687500 0.000003188040
22.712500 0.000003725389
22.737500 0.000002987058
22.762500 0.000002521248
22.787500 0.000003472465
22.812500 0.000002855292
22.837500 0.000002324038
22.862500 0.000002313479
22.887500 0.000001873835
22.912500 0.000001635166
22.937500 0.000001806867
22.962500 0.000001910047
22.987500 0.000001944095
23.012500 0.000002552076
23.037500 0.000002492538
23.062500 0.000003823901
23.087500 0.000002563794
23.112500 0.000002512585
23.137500 0.000003048298
23.162500 0.000001842578
23.187500 0.000001887588
23.212500 0.000001973637
23.237500 0.000002112515
23.262500 0.000002668353
23.287500 0.000001868203
23.312500 0.000002918993
23.337500 0.000002657490
23.362500 0.000002229651
23.387500 0.000001841058
23.412500 0.000001833485
23.437500 0.000001765875
23.462500 0.000002031419
23.487500 0.000001726172
23.512500 0.000001597267
23.537500 0.000001630927
23.562500 0.000001506349
23.587500 0.000001602831
23.612500 0.000001437365
23.637500 0.000001509123
23.662500 0.000001418554
23.687500 0.000001460330
23.712500 0.000001412291
23.737500 0.000001519469
23.762500 0.000001402202
23.787500 0.000001468364
23.812500 0.000001402778
23.837500 0.000001395520
23.862500 0.000001393509
23.887500 0.000001433972
23.912500 0.000001620151
23.937500 0.000001469605
23.962500 0.000001489010
23.987500 0.000001456754
24.012500 0.000001420234
24.037500 0.000001399879
24.062500 0.000001640659
24.087500 0.000001415359
24.112500 0.000001513307
24.137500 0.000001417274
24.162500 0.000001390490
24.187500 0.000001389182
24.212500 0.000001417704
24.237500 0.000001714777
24.262500 0.000001594606
24.287500 0.000001391152
24.312500 0.000001398347
24.337500 0.000001398257
24.362500 0.000001441698
24.387500 0.000001917401
24.412500 0.000001634497
24.437500 0.000001611130
24.462500 0.000001480514
24.487500 0.000001493101
24.512500 0.000001438776
24.537500 0.000001491155
24.562500 0.000002175130
24.587500 0.000001817003
24.612500 0.000001414733
24.637500 0.000001407690
24.662500 0.000001398149
24.687500 0.000001435104
24.712500 0.000002924958
24.737500 0.000002279899
24.762500 0.000001470189
24.787500 0.000001572976
24.812500 0.000001538866
24.837500 0.000001462286
24.862500 0.000001419802
24.887500 0.000006203281
24.912500 0.000003491636
24.937500 0.000002484858
24.962500 0.000002928070
24.987500 0.000001414352
25.012500 0.000004029078
25.037500 0.000040133328
25.062500 0.000022206217
25.087500 0.000001834613
25.112500 0.000002153150
25.137500 0.000001487891
25.162500 0.000001475318
25.187500 0.000001548377
25.212500 0.000001576620
25.237500 0.000001593718
25.262500 0.000001529078
25.287500 0.000001511381
25.312500 0.000001480275
25.337500 0.000002031691
25.362500 0.000001539358
25.387500 0.000002605536
25.412500 0.000002982348
25.437500 0.000003969625
25.462500 0.000001638068
25.487500 0.000002998556
25.512500 0.000002657217
25.537500 0.000001608074
25.562500 0.000002037687
25.587500 0.000001668778
25.612500 0.000001596927
25.637500 0.000001700016
25.662500 0.000001877464
25.687500 0.000001806162
25.712500 0.000001958519
25.737500 0.000002442094
25.762500 0.000002600846
25.787500 0.000002531886
25.812500 0.000003577198
25.837500 0.000002340186
25.862500 0.000002673188
25.887500 0.000002108784
25.912500 0.000002294607
25.937500 0.000002390440
25.962500 0.000002185645
25.987500 0.000003048523
26.012500 0.000002943676
26.037500 0.000002765471
26.062500 0.000002871454
26.087500 0.000003047220
26.112500 0.000003738430
26.137500 0.000003469553
26.162500 0.000004640765
26.187500 0.000004347952
26.212500 0.000003237756
26.237500 0.000003605120
26.262500 0.000003183564
26.287500 0.000002356167
26.312500 0.000002529513
26.337500 0.000001833289
26.362500 0.000001903230
26.387500 0.000001589168
26.412500 0.000001607405
26.437500 0.000001590073
26.462500 0.000001539969
26.487500 0.000001525824
26.512500 0.000001509111
26.537500 0.000001490559
26.562500 0.000001488894
26.587500 0.000001479503
26.612500 0.000001495227
26.637500 0.000001467241
26.662500 0.000001520204
26.687500 0.000001501298
26.712500 0.000001510277
26.737500 0.000001583655
26.762500 0.000001500268
26.787500 0.000001596886
26.812500 0.000001458659
26.837500 0.000001498082
26.862500 0.000001464508
26.887500 0.000001473382
26.912500 0.000001517152
26.937500 0.000001563313
26.962500 0.000001467469
26.987500 0.000001586872
27.012500 0.000001590109
27.037500 0.000001591138
27.062500 0.000001575956
27.087500 0.000001671034
27.112500 0.000001647349
27.137500 0.000001515198
27.162500 0.000001573220
27.187500 0.000001564784
27.212500 0.000001532202
27.237500 0.000001511051
27.262500 0.000001542377
27.287500 0.000001493048
27.312500 0.000001517729
27.337500 0.000001484494
27.362500 0.000001508211
27.387500 0.000001470603
27.412500 0.000001531385
27.437500 0.000001509830
27.462500 0.000001540989
27.487500 0.000001622983
27.512500 0.000001556748
27.537500 0.000001552421
27.562500 0.000001520682
27.587500 0.000001521433
27.612500 0.000001533213
27.637500 0.000001500900
27.662500 0.000001571888
27.687500 0.000001529535
27.712500 0.000001497365
27.737500 0.000001502467
27.762500 0.000001580983
27.787500 0.000001480807
27.812500 0.000001699948
27.837500 0.000001657455
27.862500 0.000001572542
27.887500 0.000001585386
27.912500 0.000002007144
27.937500 0.000001655485
27.962500 0.000002850028
27.987500 0.000003065949
28.012500 0.000001985124
28.037500 0.000002666105
28.062500 0.000003170322
28.087500 0.000002864603
28.112500 0.000001508468
28.137500 0.000001891925
28.162500 0.000001493706
28.187500 0.000001495549
28.212500 0.000001509816
28.237500 0.000001531525
28.262500 0.000001514543
28.287500 0.000001585921
28.312500 0.000001560558
28.337500 0.000001474283
28.362500 0.000001462968
28.387500 0.000002136921
28.412500 0.000002722110
28.437500 0.000001860483
28.462500 0.000002240919
28.487500 0.000001524495
28.512500 0.000001513336
28.537500 0.000001615554
28.562500 0.000001617909
28.587500 0.000001903354
28.612500 0.000002019095
28.637500 0.000002182650
28.662500 0.000001949685
28.687500 0.000002633260
28.712500 0.000002826565
28.737500 0.000001924599
28.762500 0.000002635564
28.787500 0.000001556536
28.812500 0.000002358102
28.837500 0.000001934849
28.862500 0.000001781245
28.887500 0.000001671919
28.912500 0.000001473488
28.937500 0.000001481105
28.962500 0.000001438562
28.987500 0.000001442610
29.012500 0.000001445102
29.037500 0.000001462229
29.062500 0.000001517882
29.087500 0.000001532652
29.112500 0.000001575472
29.137500 0.000001571712
29.162500 0.000001565914
29.187500 0.000001563060
29.212500 0.000001524753
29.237500 0.000001580098
29.262500 0.000001450260
29.287500 0.000001421779
29.312500 0.000001489190
29.337500 0.000001400637
29.362500 0.000001419223
29.387500 0.000001385046
29.412500 0.000001455023
29.437500 0.000001449874
29.462500 0.000001538035
29.487500 0.000001411417
29.512500 0.000001528573
29.537500 0.000001524136
29.562500 0.000001498310
29.587500 0.000001451695
29.612500 0.000001489973
29.637500 0.000001468243
29.662500 0.000001381654
29.687500 0.000001392701
29.712500 0.000001374349
29.737500 0.000001371619
29.762500 0.000001332204
29.787500 0.000001354307
29.812500 0.000001321131
29.837500 0.000001342143
29.862500 0.000001319816
29.887500 0.000001349742
29.912500 0.000001335985
29.937500 0.000001329688
29.962500 0.000001324951
29.987500 0.000001334871
30.012500 0.000001333756
30.037500 0.000001352978
30.062500 0.000001348272
30.087500 0.000001380043
30.112500 0.000001355223
30.137500 0.000001351850
30.162500 0.000001364243
30.187500 0.000001335588
30.212500 0.000001343969
30.237500 0.000001334540
30.262500 0.000001318000
30.287500 0.000001324297
30.312500 0.000001312215
30.337500 0.000001355501
30.362500 0.000001357258
30.387500 0.000001350472
30.412500 0.000001385950
30.437500 0.000001416028
30.462500 0.000001378589
30.487500 0.000001383920
30.512500 0.000001339576
30.537500 0.000001352192
30.562500 0.000001298749
30.587500 0.000001363812
30.612500 0.000001293457
30.637500 0.000001332246
30.662500 0.000001282205
30.687500 0.000001336405
30.712500 0.000001334764
30.737500 0.000001325712
30.762500 0.000001320633
30.787500 0.000001340983
30.812500 0.000001413848
30.837500 0.000001480291
30.862500 0.000001450030
30.887500 0.000001406915
30.912500 0.000001483531
30.937500 0.000002150864
30.962500 0.000002537834
30.987500 0.000001513289
31.012500 0.000002178440
31.037500 0.000001543985
31.062500 0.000001532861
31.087500 0.000001558516
31.112500 0.000001525269
31.137500 0.000001656039
31.162500 0.000001824812
31.187500 0.000002266031
31.212500 0.000003240386
31.237500 0.000003673004
31.262500 0.000004963228
31.287500 0.000004011162
31.312500 0.000004885433
31.337500 0.000004564862
31.362500 0.000003573212
31.387500 0.000003478672
31.412500 0.000003413734
31.437500 0.000002881016
31.462500 0.000002619872
31.487500 0.000002498732
31.512500 0.000002142980
31.537500 0.000002127117
31.562500 0.000002367028
31.587500 0.000003072705
31.612500 0.000002443759
31.637500 0.000004242511
31.662500 0.000003250684
31.687500 0.000002272224
31.712500 0.000002063506
31.737500 0.000001899673
31.762500 0.000001717806
31.787500 0.000001505271
31.812500 0.000001508977
31.837500 0.000001419289
31.862500 0.000001352303
31.887500 0.000001294851
31.912500 0.000001323079
31.937500 0.000001293658
31.962500 0.000001275062
31.987500 0.000001263303
32.012500 0.000001268574
32.037500 0.000001216163
32.062500 0.000001236788
32.087500 0.000001210404
32.112500 0.000001217208
32.137500 0.000001229784
32.162500 0.000001212321
32.187500 0.000001200053
32.212500 0.000001193209
32.237500 0.000001190961
32.262500 0.000001187991
32.287500 0.000001201103
32.312500 0.000001171726
32.337500 0.000001191543
32.362500 0.000001182535
32.387500 0.000001184977
32.412500 0.000001165045
32.437500 0.000001183198
32.462500 0.000001166150
32.487500 0.000001165783
32.512500 0.000001166617
32.537500 0.000001171680
32.562500 0.000001202980
32.587500 0.000001180438
32.612500 0.000001271115
32.637500 0.000001215478
32.662500 0.000001410447
32.687500 0.000001237913
32.712500 0.000001369314
32.737500 0.000001223921
32.762500 0.000001288458
32.787500 0.000001194668
32.812500 0.000001232314
32.837500 0.000001170146
32.862500 0.000001241040
32.887500 0.000001192604
32.912500 0.000001197766
32.937500 0.000001214436
32.962500 0.000001196275
32.987500 0.000001214633
33.012500 0.000001261286
33.037500 0.000001175392
33.062500 0.000001358240
33.087500 0.000001421945
33.112500 0.000001176864
33.137500 0.000001795285
33.162500 0.000002115825
33.187500 0.000001212371
33.212500 0.000001775941
33.237500 0.000001311324
33.262500 0.000001195299
33.287500 0.000001277251
33.312500 0.000001244124
33.337500 0.000001276380
33.362500 0.000001306563
33.387500 0.000001260222
33.412500 0.000001322751
33.437500 0.000001326379
33.462500 0.000001339186
33.487500 0.000001319271
33.512500 0.000001355132
33.537500 0.000001539418
33.562501 0.000001633053
33.587501 0.000002011622
33.612501 0.000001751407
33.637501 0.000001767384
33.662501 0.000002260721
33.687501 0.000001228178
33.712501 0.000002231488
33.737501 0.000001729806
33.762501 0.000001115776
33.787501 0.000001243014
33.812501 0.000001212166
33.837501 0.000001225299
33.862501 0.000001244118
33.887501 0.000001133551
33.912501 0.000001128944
33.937501 0.000001124372
33.962501 0.000001158243
33.987501 0.000001156349
34.012501 0.000001121066
34.037501 0.000001096838
34.062501 0.000001169628
34.087501 0.000001163545
34.112501 0.000001168170
34.137501 0.000001113051
34.162501 0.000001128315
34.187501 0.000001252655
34.212501 0.000001202181
34.237501 0.000001099155
34.262501 0.000001118691
34.287501 0.000001257645
34.312501 0.000001182324
34.337501 0.000001096184
34.362501 0.000001110471
34.387501 0.000001223339
34.412501 0.000001262887
34.437501 0.000001205933
34.462501 0.000001100388
34.487501 0.000001151056
34.512501 0.000001360209
34.537501 0.000001237316
34.562501 0.000001104619
34.587501 0.000001105536
34.612501 0.000001283972
34.637501 0.000001325743
34.662501 0.000001336863
34.687501 0.000001147856
34.712501 0.000001161584
34.737501 0.000001620756
34.762501 0.000001396170
34.787501 0.000001157885
34.812501 0.000001103326
34.837501 0.000001517399
34.862501 0.000001849323
34.887501 0.000001139636
34.912501 0.000001130109
34.937501 0.000001155051
34.962501 0.000002215241
34.987501 0.000001692773
35.012501 0.000001156571
35.037501 0.000001142031
35.062501 0.000002088258
35.087501 0.000002988143
35.112501 0.000001165084
35.137501 0.000001226850
35.162501 0.000001199551
35.187501 0.000003010866
35.212501 0.000004889280
35.237501 0.000001321713
35.262501 0.000001570230
35.287501 0.000001468004
35.312501 0.000015095190
35.337501 0.000001359398
35.362501 0.000003584287
35.387501 0.000001632222
35.412501 0.000025416418
35.437501 0.000044041569
35.462501 0.000002651486
35.487501 0.000001953808
35.512501 0.000001267764
35.537501 0.000001461171
35.562501 0.000001629792
35.587501 0.000001513235
35.612501 0.000001493442
35.637501 0.000002054894
35.662501 0.000002567789
35.687501 0.000003100075
35.712501 0.000004265452
35.737501 0.000002936827
35.762501 0.000002502205
35.787501 0.000001644860
35.812501 0.000001237017
35.837501 0.000001167507
35.862501 0.000001357937
35.887501 0.000001163008
35.912501 0.000001088796
35.937501 0.000001129671
35.962501 0.000001152202
35.987501 0.000001109139
36.012501 0.000001062749
36.037501 0.000001072767
36.062501 0.000001114955
36.087501 0.000001080171
36.112501 0.000001073263
36.137501 0.000001114959
36.162501 0.000001092817
36.187501 0.000001133756
36.212501 0.000001047259
36.237501 0.000001128601
36.262501 0.000001073180
36.287501 0.000001118754
36.312501 0.000001043470
36.337501 0.000001066330
36.362501 0.000001029401
36.387501 0.000001037684
36.412501 0.000001004386
36.437501 0.000001049267
36.462501 0.000001049906
36.487501 0.000001070564
36.512501 0.000001035276
36.537501 0.000001044121
36.562501 0.000001066104
36.587501 0.000001089944
36.612501 0.000001052483
36.637501 0.000001196573
36.662501 0.000001029004
36.687501 0.000001189654
36.712501 0.000001026937
36.737501 0.000001007363
36.762501 0.000000978426
36.787501 0.000001024397
36.812501 0.000000981555
36.837501 0.000000960689
36.862501 0.000000969506
36.887501 0.000000998954
36.912501 0.000000966573
36.937501 0.000000937031
36.962501 0.000000954761
36.987501 0.000001028568
37.012501 0.000000931481
37.037501 0.000001002972
37.062501 0.000000993143
37.087501 0.000000975962
37.112501 0.000000949264
37.137501 0.000000926387
37.162501 0.000000902931
37.187501 0.000000949880
37.212501 0.000001002644
37.237501 0.000000948979
37.262501 0.000000869985
37.287501 0.000000937776
37.312501 0.000001038466
37.337501 0.000000955148
37.362501 0.000000836071
37.387501 0.000001010172
37.412501 0.000001276062
37.437501 0.000001119596
37.462501 0.000000855758
37.487501 0.000000839861
37.512501 0.000001398683
37.537501 0.000002591378
37.562501 0.000002019226
37.587501 0.000000807858
37.612501 0.000001889307
37.637501 0.000002247732
37.662501 0.000001109231
37.687501 0.000000776021
37.712501 0.000000774845
37.737501 0.000000780027
37.762501 0.000000766025
37.787501 0.000000780148
37.812501 0.000000768488
37.837501 0.000000778604
37.862501 0.000000761677
37.887501 0.000000757173
37.912501 0.000000759701
37.937501 0.000000744603
37.962501 0.000000758909
37.987501 0.000000733609
38.012501 0.000000762887
38.037501 0.000000756549
38.062501 0.000000759545
38.087501 0.000000821559
38.112501 0.000000763652
38.137501 0.000000946495
38.162501 0.000000727603
38.187501 0.000001049801
38.212501 0.000000816468
38.237501 0.000000785436
38.262501 0.000000728537
38.287501 0.000000674061
38.312501 0.000000682762
38.337501 0.000000698203
38.362501 0.000000644995
38.387501 0.000000652402
38.412501 0.000000640585
38.437501 0.000000647749
38.462501 0.000000636630
38.487501 0.000000643254
38.512501 0.000000646616
38.537501 0.000000635498
38.562501 0.000000642103
38.587501 0.000000647812
38.612501 0.000000637974
38.637501 0.000000701867
38.662501 0.000000594816
38.687501 0.000000656105
38.712501 0.000000582633
38.737501 0.000000606306
38.762501 0.000000566934
38.787501 0.000000590752
38.812501 0.000000555160
38.837501 0.000000566320
38.862501 0.000000542593
38.887501 0.000000540586
38.912501 0.000000520091
38.937501 0.000000525600
38.962501 0.000000499107
38.987501 0.000000512177
39.012501 0.000000480830
39.037501 0.000000520201
39.062501 0.000000482726
39.087501 0.000000519892
39.112501 0.000000484375
39.137501 0.000000505505
39.162501 0.000000490657
39.187501 0.000000502120
39.212501 0.000000491437
39.237501 0.000000483257
39.262501 0.000000496708
39.287501 0.000000468408
39.312501 0.000000466993
39.337501 0.000000460512
39.362501 0.000000455215
39.387501 0.000000428309
39.412501 0.000000477787
39.437501 0.000000408387
39.462501 0.000000453787
39.487501 0.000000401689
39.512501 0.000000428995
39.537501 0.000000421756
39.562501 0.000000419016
39.587501 0.000000434274
39.612501 0.000000410338
39.637501 0.000000431839
39.662501 0.000000387195
39.687501 0.000000437457
39.712501 0.000000382143
39.737501 0.000000405695
39.762501 0.000000388223
39.787501 0.000000369396
39.812501 0.000000389171
39.837501 0.000000357877
39.862501 0.000000382373
39.887501 0.000000360657
39.912501 0.000000376790
39.937501 0.000000358729
39.962501 0.000000356274
39.987501 0.000000375722
