0.000000000000000000e+00 2.555977681297583913e+05
8.749999999999999445e-02 2.141796327842969331e+05
1.125000000000000028e-01 1.510006793422046467e+05
1.375000000000000111e-01 9.036062028150049446e+04
1.625000000000000056e-01 4.670259252031192591e+04
1.875000000000000000e-01 2.168600177847765008e+04
2.374999999999999889e-01 9.852331769314301710e+03
2.625000000000000111e-01 4.905449294476698924e+03
2.874999999999999778e-01 2.737954192737831363e+03
3.125000000000000000e-01 1.584644326669505062e+03
3.375000000000000222e-01 9.575587953237736656e+02
3.624999999999999889e-01 7.006019787214650023e+02
3.875000000000000111e-01 6.340785357923571155e+02
4.124999999999999778e-01 5.816004853926975784e+02
4.375000000000000000e-01 4.677012864762978097e+02
4.625000000000000222e-01 3.237037995501104888e+02
4.874999999999999889e-01 2.143952508398267014e+02
5.124999999999999556e-01 1.700304388755668583e+02
5.374999999999999778e-01 1.712012188252352303e+02
5.625000000000000000e-01 1.761510670121097064e+02
5.875000000000000222e-01 1.571254945890728152e+02
6.125000000000000444e-01 1.174188265150737038e+02
6.374999999999999556e-01 7.922102931617564536e+01
6.624999999999999778e-01 5.979794915718653670e+01
6.875000000000000000e-01 5.933638076368304581e+01
7.125000000000000222e-01 6.542506990362542751e+01
7.375000000000000444e-01 6.504616222694036765e+01
7.624999999999999556e-01 5.428104904853923074e+01
7.874999999999999778e-01 3.917597664784518940e+01
8.125000000000000000e-01 2.860206020210938149e+01
8.375000000000000222e-01 2.647663724646652028e+01
8.625000000000000444e-01 2.969454464058250664e+01
8.874999999999999556e-01 3.179433664021975048e+01
9.124999999999999778e-01 2.870734553977760584e+01
9.375000000000000000e-01 2.165260420035501454e+01
9.625000000000000222e-01 1.502087126212133938e+01
9.875000000000000444e-01 1.212659676589689006e+01
1.012499999999999956e+00 1.296004349823065027e+01
1.037500000000000089e+00 1.494510351110594293e+01
1.062500000000000000e+00 1.530583662983187310e+01
1.087499999999999911e+00 1.324085822905349374e+01
1.112500000000000044e+00 1.024453996076529094e+01
1.137499999999999956e+00 8.391438747835620049e+00
1.162500000000000089e+00 8.364856087787078565e+00
1.187500000000000000e+00 9.092606011096027174e+00
1.212499999999999911e+00 9.003314435241996705e+00
1.237500000000000044e+00 7.516398192433756620e+00
1.262499999999999956e+00 5.387708115176441659e+00
1.287500000000000089e+00 3.847846334145519354e+00
1.312500000000000000e+00 3.582005405754844052e+00
1.337499999999999911e+00 4.352064554975373589e+00
1.362500000000000044e+00 5.273389586572751142e+00
1.387499999999999956e+00 5.477098794018457895e+00
1.412500000000000089e+00 4.771128382817785507e+00
1.437500000000000000e+00 3.743067756483386077e+00
1.462499999999999911e+00 3.164527923338944060e+00
1.487500000000000044e+00 3.285743817900142361e+00
1.512499999999999956e+00 3.685199423530113538e+00
1.537500000000000089e+00 3.737988337898035418e+00
1.562500000000000000e+00 3.212440287825713892e+00
1.587499999999999911e+00 2.423694656150291671e+00
1.612500000000000044e+00 1.866715988043029295e+00
1.637499999999999956e+00 1.777683761673729990e+00
1.662500000000000089e+00 2.018268001293604286e+00
1.687500000000000000e+00 2.256474929950447628e+00
1.712499999999999911e+00 2.224921628200539292e+00
1.737500000000000044e+00 1.904027836672579799e+00
1.762499999999999956e+00 1.523478083111222015e+00
1.787500000000000089e+00 1.357246717206775477e+00
1.812500000000000000e+00 1.474535569729574558e+00
1.837499999999999911e+00 1.681883582053213422e+00
1.862500000000000044e+00 1.712666390869858724e+00
1.887499999999999956e+00 1.479589837862563595e+00
1.912500000000000089e+00 1.137310816420697979e+00
1.937500000000000000e+00 9.135540465296213553e-01
1.962499999999999911e+00 9.107502412643051493e-01
1.987500000000000044e+00 1.055608946082758459e+00
2.012500000000000178e+00 1.187224531798394933e+00
2.037500000000000089e+00 1.182686392726720381e+00
2.062500000000000000e+00 1.042390835369728208e+00
2.087499999999999911e+00 8.789184068907855973e-01
2.112499999999999822e+00 8.096330147874224448e-01
2.137500000000000178e+00 8.504975620982659912e-01
2.162500000000000089e+00 9.125606763073113026e-01
2.187500000000000000e+00 8.916993402195162455e-01
2.212499999999999911e+00 7.637743370577181334e-01
2.237499999999999822e+00 6.025292132962649649e-01
2.262500000000000178e+00 5.099056292678078028e-01
2.287500000000000089e+00 5.300717158550087849e-01
2.312500000000000000e+00 6.224689834199191862e-01
2.337499999999999911e+00 7.016340395772365790e-01
2.362499999999999822e+00 7.021055411462315821e-01
2.387500000000000178e+00 6.254911995008238801e-01
2.412500000000000089e+00 5.345642054063497461e-01
2.437500000000000000e+00 4.940865250246716522e-01
2.462499999999999911e+00 5.127247560920769054e-01
2.487499999999999822e+00 5.425237484173196512e-01
2.512500000000000178e+00 5.282975487623657873e-01
2.537500000000000089e+00 4.581948970747672378e-01
2.562500000000000000e+00 3.725463913524028614e-01
2.587499999999999911e+00 3.262979097168072773e-01
2.612499999999999822e+00 3.424494504697545016e-01
2.637500000000000178e+00 3.971954229669691916e-01
2.662500000000000089e+00 4.422467370351836347e-01
2.687500000000000000e+00 4.416008368428906428e-01
2.712499999999999911e+00 3.978558063703182546e-01
2.737499999999999822e+00 3.479047931200426325e-01
2.762500000000000178e+00 3.285853601689979753e-01
2.787500000000000089e+00 3.439913046096531035e-01
2.812500000000000000e+00 3.661163360304341419e-01
2.837499999999999911e+00 3.636960176422095459e-01
2.862499999999999822e+00 3.302714299805651343e-01
2.887500000000000178e+00 2.868561244145337863e-01
2.912500000000000089e+00 2.598428125490711005e-01
2.937500000000000000e+00 2.595806230345153454e-01
2.962499999999999911e+00 2.778728631815166605e-01
2.987499999999999822e+00 2.968032751455552121e-01
3.012500000000000178e+00 2.992120792197154322e-01
3.037500000000000089e+00 2.817573107622811102e-01
3.062500000000000000e+00 2.605611479279830167e-01
3.087499999999999911e+00 2.565938547268675207e-01
3.112499999999999822e+00 2.737089933323575974e-01
3.137500000000000178e+00 2.945772484741394082e-01
3.162500000000000089e+00 2.977590311957957203e-01
3.187500000000000000e+00 2.779690554802466962e-01
3.212499999999999911e+00 2.496579995552332953e-01
3.237499999999999822e+00 2.316815780858850760e-01
3.262500000000000178e+00 2.314398173853252361e-01
3.287500000000000089e+00 2.435008050997021500e-01
3.312500000000000000e+00 2.568832781034323665e-01
3.337499999999999911e+00 2.614504949511658460e-01
3.362499999999999822e+00 2.538238544293127674e-01
3.387500000000000178e+00 2.402049750302910902e-01
3.412500000000000089e+00 2.307384250854388197e-01
3.437500000000000000e+00 2.300722328741091338e-01
3.462499999999999911e+00 2.335951268486558541e-01
3.487499999999999822e+00 2.321221301898873657e-01
3.512500000000000178e+00 2.214630138007289695e-01
3.537500000000000089e+00 2.072563839791272400e-01
3.562500000000000000e+00 1.990786155135609303e-01
3.587499999999999911e+00 2.014111923842726304e-01
3.612499999999999822e+00 2.114532669435189027e-01
3.637500000000000178e+00 2.224056834561611573e-01
3.662500000000000089e+00 2.274594533249327255e-01
3.687500000000000000e+00 2.241723859494064164e-01
3.712499999999999911e+00 2.165055099359365909e-01
3.737499999999999822e+00 2.109997342787884866e-01
3.762500000000000178e+00 2.108903023213986594e-01
3.787500000000000089e+00 2.139398624872309584e-01
3.812500000000000000e+00 2.147896725634140247e-01
3.837499999999999911e+00 2.099546178951641195e-01
3.862499999999999822e+00 2.010173772005456050e-01
3.887500000000000178e+00 1.929195837508259070e-01
3.912500000000000089e+00 1.902247717127092397e-01
3.937500000000000000e+00 1.946077131016924477e-01
3.962499999999999911e+00 2.033210341464052606e-01
3.987499999999999822e+00 2.102167167776752832e-01
4.012500000000000178e+00 2.109415567177895245e-01
4.037499999999999645e+00 2.070616513559015437e-01
4.062500000000000000e+00 2.037321725763820424e-01
4.087500000000000355e+00 2.041864983958250612e-01
4.112499999999999822e+00 2.071411838461010291e-01
4.137500000000000178e+00 2.085352441241674071e-01
4.162499999999999645e+00 2.055574549281969088e-01
4.187500000000000000e+00 1.991053163495564160e-01
4.212500000000000355e+00 1.926017018694751726e-01
4.237499999999999822e+00 1.894594245581009140e-01
4.262500000000000178e+00 1.911833842450082754e-01
4.287499999999999645e+00 1.959910878071905449e-01
4.312500000000000000e+00 1.995720075573489960e-01
4.337500000000000355e+00 1.990712028534998290e-01
4.362499999999999822e+00 1.960573928286408196e-01
4.387500000000000178e+00 1.945796292361979818e-01
4.412499999999999645e+00 1.970148567722493915e-01
4.437500000000000000e+00 2.023193476329066542e-01
4.462500000000000355e+00 2.074671648253350320e-01
4.487499999999999822e+00 2.102035993926867907e-01
4.512500000000000178e+00 2.105343073292358924e-01
4.537499999999999645e+00 2.101475321449149947e-01
4.562500000000000000e+00 2.113022867811712169e-01
4.587500000000000355e+00 2.155640587831629262e-01
4.612499999999999822e+00 2.219481362437374372e-01
4.637500000000000178e+00 2.266986815005003764e-01
4.662499999999999645e+00 2.265135984315926887e-01
4.687500000000000000e+00 2.219826246604651165e-01
4.712500000000000355e+00 2.170595667267632700e-01
4.737499999999999822e+00 2.152680535169000375e-01
4.762500000000000178e+00 2.167100994000419334e-01
4.787499999999999645e+00 2.186260350281912235e-01
4.812500000000000000e+00 2.185528912255472744e-01
4.837500000000000355e+00 2.164441297648939111e-01
4.862499999999999822e+00 2.140539960514641349e-01
4.887500000000000178e+00 2.134377565198825599e-01
4.912499999999999645e+00 2.158412504758505934e-01
4.937500000000000000e+00 2.205541679128291688e-01
4.962500000000000355e+00 2.247880602787626914e-01
4.987499999999999822e+00 2.259618668563188604e-01
5.012500000000000178e+00 2.243694937631692810e-01
5.037499999999999645e+00 2.230105744897538655e-01
5.062500000000000000e+00 2.246385217893502872e-01
5.087500000000000355e+00 2.289961435263543899e-01
5.112499999999999822e+00 2.328973904602346379e-01
5.137500000000000178e+00 2.332148955521268219e-01
5.162499999999999645e+00 2.298294830037651559e-01
5.187500000000000000e+00 2.257104721608036435e-01
5.212500000000000355e+00 2.244300485960824543e-01
5.237499999999999822e+00 2.275062341857348458e-01
5.262500000000000178e+00 2.334524653671615768e-01
5.287499999999999645e+00 2.390370847204782156e-01
5.312500000000000000e+00 2.418455107857607755e-01
5.337500000000000355e+00 2.420511210933847523e-01
5.362499999999999822e+00 2.419382156938702511e-01
5.387500000000000178e+00 2.437117400508252429e-01
5.412499999999999645e+00 2.474935657960100621e-01
5.437500000000000000e+00 2.512598474659309966e-01
5.462500000000000355e+00 2.528426436470644911e-01
5.487499999999999822e+00 2.519209485601785481e-01
5.512500000000000178e+00 2.501011402805224937e-01
5.537499999999999645e+00 2.494829451047054225e-01
5.562500000000000000e+00 2.512071839070754153e-01
5.587500000000000355e+00 2.547334238036190190e-01
5.612499999999999822e+00 2.581911712891630239e-01
5.637500000000000178e+00 2.599710745459407613e-01
5.662499999999999645e+00 2.603359285936672762e-01
5.687500000000000000e+00 2.611958443035571342e-01
5.712500000000000355e+00 2.641498447120159687e-01
5.737499999999999822e+00 2.688789383756252649e-01
5.762500000000000178e+00 2.733731717911752623e-01
5.787499999999999645e+00 2.756732508375016599e-01
5.812500000000000000e+00 2.755198574495597574e-01
5.837500000000000355e+00 2.745436066208779002e-01
5.862499999999999822e+00 2.749394957020300789e-01
5.887500000000000178e+00 2.777030775443009025e-01
5.912499999999999645e+00 2.817479975775468160e-01
5.937500000000000000e+00 2.847077801659131380e-01
5.962500000000000355e+00 2.849498177448555603e-01
5.987499999999999822e+00 2.830243179740803416e-01
6.012500000000000178e+00 2.811259254792348172e-01
6.037499999999999645e+00 2.811559654875880332e-01
6.062500000000000000e+00 2.832531679875090469e-01
6.087500000000000355e+00 2.859386381065637250e-01
6.112499999999999822e+00 2.875566405360265865e-01
6.137500000000000178e+00 2.876755564514411612e-01
6.162499999999999645e+00 2.873330422065002443e-01
6.187500000000000000e+00 2.880752251459380298e-01
6.212500000000000355e+00 2.905969950218688092e-01
6.237499999999999822e+00 2.941408713910664274e-01
6.262500000000000178e+00 2.972769132501612566e-01
6.287499999999999645e+00 2.993557691120405928e-01
6.312500000000000000e+00 3.010681973662461819e-01
6.337500000000000355e+00 3.036060446316465322e-01
6.362499999999999822e+00 3.075148084897146861e-01
6.387500000000000178e+00 3.123245330509065720e-01
6.412499999999999645e+00 3.169779965039614122e-01
6.437500000000000000e+00 3.205924459086555989e-01
6.462500000000000355e+00 3.229709712892284146e-01
6.487499999999999822e+00 3.245082097175343572e-01
6.512500000000000178e+00 3.257676188569930131e-01
6.537499999999999645e+00 3.271817783026308435e-01
6.562500000000000000e+00 3.288328425035323410e-01
6.587500000000000355e+00 3.303337213016371288e-01
6.612499999999999822e+00 3.312164537603410341e-01
6.637500000000000178e+00 3.316355587023016582e-01
6.662499999999999645e+00 3.324622049304480353e-01
6.687500000000000000e+00 3.345517971245698385e-01
6.712500000000000355e+00 3.380733349194328663e-01
6.737499999999999822e+00 3.427825684756908853e-01
6.762500000000000178e+00 3.489717527398196184e-01
6.787499999999999645e+00 3.578294698672050966e-01
6.812500000000000000e+00 3.705688865188403458e-01
6.837500000000000355e+00 3.872034825451748929e-01
6.862499999999999822e+00 4.058237619467077173e-01
6.887500000000000178e+00 4.224706126835953146e-01
6.912499999999999645e+00 4.323531933119354465e-01
6.937500000000000000e+00 4.332416824359115459e-01
6.962500000000000355e+00 4.285831269751364525e-01
6.987499999999999822e+00 4.268494541465885916e-01
7.012500000000000178e+00 4.373694113838071384e-01
7.037499999999999645e+00 4.659304992140350654e-01
7.062500000000000000e+00 5.111772418788921302e-01
7.087500000000000355e+00 5.623560451760541978e-01
7.112499999999999822e+00 6.024046663144070335e-01
7.137500000000000178e+00 6.179051657812932863e-01
7.162499999999999645e+00 6.074554582853857188e-01
7.187500000000000000e+00 5.794058031755484617e-01
7.212500000000000355e+00 5.434724734065445872e-01
7.237499999999999822e+00 5.065573219321564125e-01
7.262500000000000178e+00 4.734506085605006964e-01
7.287499999999999645e+00 4.472797018113617851e-01
7.312500000000000000e+00 4.288610486942373567e-01
7.337500000000000355e+00 4.168437195247251537e-01
7.362499999999999822e+00 4.088497056331768520e-01
7.387500000000000178e+00 4.029070024846247988e-01
7.412499999999999645e+00 3.983562121216086549e-01
7.437500000000000000e+00 3.956738334591226591e-01
7.462500000000000355e+00 3.953547206227742139e-01
7.487499999999999822e+00 3.971689197986917330e-01
7.512500000000000178e+00 4.003099824667990525e-01
7.537499999999999645e+00 4.038176312726896033e-01
7.562500000000000000e+00 4.069190947355590948e-01
7.587500000000000355e+00 4.093530514159449130e-01
7.612499999999999822e+00 4.114422041418562825e-01
7.637500000000000178e+00 4.136799756773586467e-01
7.662499999999999645e+00 4.163139276506577779e-01
7.687500000000000000e+00 4.193596858193468502e-01
7.712500000000000355e+00 4.228516623450324086e-01
7.737499999999999822e+00 4.269156130307655284e-01
7.762500000000000178e+00 4.314511198220108978e-01
7.787499999999999645e+00 4.358398815218221811e-01
7.812500000000000000e+00 4.392844882480215207e-01
7.837500000000000355e+00 4.413361111385543101e-01
7.862499999999999822e+00 4.417589568033161163e-01
7.887500000000000178e+00 4.402150650890693795e-01
7.912499999999999645e+00 4.366955315628959222e-01
7.937500000000000000e+00 4.321479274933509584e-01
7.962500000000000355e+00 4.282142528017763849e-01
7.987499999999999822e+00 4.262653573870051060e-01
8.012499999999999289e+00 4.267183339186966240e-01
8.037499999999999645e+00 4.290791123519400729e-01
8.062500000000000000e+00 4.324354876639852074e-01
8.087500000000000355e+00 4.359720219667658214e-01
8.112500000000000711e+00 4.392510189704821877e-01
8.137499999999999289e+00 4.421225349764011936e-01
8.162499999999999645e+00 4.443618015832232482e-01
8.187500000000000000e+00 4.455037658322344996e-01
8.212500000000000355e+00 4.452188967465350311e-01
8.237500000000000711e+00 4.438448414648579199e-01
8.262499999999999289e+00 4.424093229139213213e-01
8.287499999999999645e+00 4.420793404594134390e-01
8.312500000000000000e+00 4.434848755936452447e-01
8.337500000000000355e+00 4.463836380038256335e-01
8.362500000000000711e+00 4.499005651422325336e-01
8.387499999999999289e+00 4.531664430881718886e-01
8.412499999999999645e+00 4.558313355737352301e-01
8.437500000000000000e+00 4.580809363987262683e-01
8.462500000000000355e+00 4.602544207039304114e-01
8.487500000000000711e+00 4.624795230401426149e-01
8.512499999999999289e+00 4.645517903174389285e-01
8.537499999999999645e+00 4.660727706667893711e-01
8.562500000000000000e+00 4.667728421206970291e-01
8.587500000000000355e+00 4.667715919338968900e-01
8.612500000000000711e+00 4.665082393912047820e-01
8.637499999999999289e+00 4.664043638054318208e-01
8.662499999999999645e+00 4.666001112565236753e-01
8.687500000000000000e+00 4.669907736735471326e-01
8.712500000000000355e+00 4.674967431579012400e-01
8.737500000000000711e+00 4.683142454641863184e-01
8.762499999999999289e+00 4.698799321083323433e-01
8.787499999999999645e+00 4.724458935929496395e-01
8.812500000000000000e+00 4.756631200864928077e-01
8.837500000000000355e+00 4.787493999488228735e-01
8.862500000000000711e+00 4.811329313475350977e-01
8.887499999999999289e+00 4.828674730490565281e-01
8.912499999999999645e+00 4.844176288760945193e-01
8.937500000000000000e+00 4.861978722211897086e-01
8.962500000000000355e+00 4.883599747516341738e-01
8.987500000000000711e+00 4.908301133098319502e-01
9.012499999999999289e+00 4.933910647011005013e-01
9.037499999999999645e+00 4.958422651809966109e-01
9.062500000000000000e+00 4.982284792748683522e-01
9.087500000000000355e+00 5.008628142010035367e-01
9.112500000000000711e+00 5.040176064334048744e-01
9.137499999999999289e+00 5.075785518031338261e-01
9.162499999999999645e+00 5.110369899789490855e-01
9.187500000000000000e+00 5.139057806524938155e-01
9.212500000000000355e+00 5.162651439998506842e-01
9.237500000000000711e+00 5.189272274447709332e-01
9.262499999999999289e+00 5.230829184659667730e-01
9.287499999999999645e+00 5.297664833151398689e-01
9.312500000000000000e+00 5.393428514593738843e-01
9.337500000000000355e+00 5.512338155449236776e-01
9.362500000000000711e+00 5.641506989424482921e-01
9.387499999999999289e+00 5.763328544825268018e-01
9.412499999999999645e+00 5.853050028585472520e-01
9.437500000000000000e+00 5.883277756137916814e-01
9.462500000000000355e+00 5.843168157997474799e-01
9.487500000000000711e+00 5.750680998341989314e-01
9.512499999999999289e+00 5.639006073831172028e-01
9.537499999999999645e+00 5.535379493956628094e-01
9.562500000000000000e+00 5.455063285401459128e-01
9.587500000000000355e+00 5.405456852983349103e-01
9.612500000000000711e+00 5.388059875806906485e-01
9.637499999999999289e+00 5.397937165966455453e-01
9.662499999999999645e+00 5.424075483885228977e-01
9.687500000000000000e+00 5.451655340698597918e-01
9.712500000000000355e+00 5.466682223332353097e-01
9.737500000000000711e+00 5.462224242927289364e-01
9.762499999999999289e+00 5.442560099279266650e-01
9.787499999999999645e+00 5.420862632579421803e-01
9.812500000000000000e+00 5.411120581923858364e-01
9.837500000000000355e+00 5.420597721609465847e-01
9.862500000000000711e+00 5.447642654555564512e-01
9.887499999999999289e+00 5.483878672241222496e-01
9.912499999999999645e+00 5.518940551428432872e-01
9.937500000000000000e+00 5.547381056049118797e-01
9.962500000000000355e+00 5.573221446037205373e-01
9.987500000000000711e+00 5.605765597878397122e-01
1.001249999999999929e+01 5.648792627863347127e-01
1.003749999999999964e+01 5.694154868397938163e-01
1.006250000000000000e+01 5.728961980946960519e-01
1.008750000000000036e+01 5.752915551551391893e-01
1.011250000000000071e+01 5.789510450547050713e-01
1.013749999999999929e+01 5.875889586460854019e-01
1.016249999999999964e+01 6.035790923390600415e-01
1.018750000000000000e+01 6.260816384241996158e-01
1.021250000000000036e+01 6.517502281930483976e-01
1.023750000000000071e+01 6.763068307557231762e-01
1.026249999999999929e+01 6.946368466409753584e-01
1.028749999999999964e+01 7.013156923985568447e-01
1.031250000000000000e+01 6.940662598538152039e-01
1.033750000000000036e+01 6.764043252368169279e-01
1.036250000000000071e+01 6.550273807906601409e-01
1.038749999999999929e+01 6.352210160767780556e-01
1.041249999999999964e+01 6.194906594402039834e-01
1.043750000000000000e+01 6.085966731858944989e-01
1.046250000000000036e+01 6.020851778104453489e-01
1.048750000000000071e+01 5.985243883852575664e-01
1.051249999999999929e+01 5.964845885891060240e-01
1.053749999999999964e+01 5.955265510675508134e-01
1.056250000000000000e+01 5.961109728187475865e-01
1.058750000000000036e+01 5.986480515849627038e-01
1.061250000000000071e+01 6.026356454420815911e-01
1.063749999999999929e+01 6.066881080637989143e-01
1.066249999999999964e+01 6.093380204786863485e-01
1.068750000000000000e+01 6.097822419427617602e-01
1.071250000000000036e+01 6.081029418680831133e-01
1.073750000000000071e+01 6.051507389768977507e-01
1.076249999999999929e+01 6.022201324778968523e-01
1.078749999999999964e+01 6.004502756596546975e-01
1.081250000000000000e+01 6.002738017148118166e-01
1.083750000000000036e+01 6.014548177725003164e-01
1.086250000000000071e+01 6.035821704096252516e-01
1.088749999999999929e+01 6.063300454823543628e-01
1.091249999999999964e+01 6.093669469181530740e-01
1.093750000000000000e+01 6.123594897341082532e-01
1.096250000000000036e+01 6.150769144427586932e-01
1.098750000000000071e+01 6.173941232449641214e-01
1.101249999999999929e+01 6.193028354509614308e-01
1.103749999999999964e+01 6.210419318996278637e-01
1.106250000000000000e+01 6.230600333553752979e-01
1.108750000000000036e+01 6.257184316728334750e-01
1.111250000000000071e+01 6.289800112045836888e-01
1.113749999999999929e+01 6.323981721638375353e-01
1.116249999999999964e+01 6.354856739264480581e-01
1.118750000000000000e+01 6.381837761383024610e-01
1.121250000000000036e+01 6.410380268892998945e-01
1.123750000000000071e+01 6.449041777373005768e-01
1.126249999999999929e+01 6.503203220870242829e-01
1.128749999999999964e+01 6.570478331559237439e-01
1.131250000000000000e+01 6.642497170598071765e-01
1.133750000000000036e+01 6.710259453894991122e-01
1.136250000000000071e+01 6.765679089936420532e-01
1.138749999999999929e+01 6.799683456681309135e-01
1.141249999999999964e+01 6.804244619939491256e-01
1.143750000000000000e+01 6.779328176964269925e-01
1.146250000000000036e+01 6.736678306445695874e-01
1.148750000000000071e+01 6.695338983413534617e-01
1.151249999999999929e+01 6.673325238739569176e-01
1.153749999999999964e+01 6.682567409337051290e-01
1.156250000000000000e+01 6.726478165855649394e-01
1.158750000000000036e+01 6.796377244586281341e-01
1.161250000000000071e+01 6.871910034370367626e-01
1.163749999999999929e+01 6.931914615940737434e-01
1.166249999999999964e+01 6.967334358823712437e-01
1.168750000000000000e+01 6.981522345199879798e-01
1.171250000000000036e+01 6.978789549266944947e-01
1.173750000000000071e+01 6.957969870875129192e-01
1.176249999999999929e+01 6.919635891431965558e-01
1.178749999999999964e+01 6.874794257882186344e-01
1.181250000000000000e+01 6.839837311913705697e-01
1.183750000000000036e+01 6.823714943412171330e-01
1.186250000000000071e+01 6.825993123793010486e-01
1.188749999999999929e+01 6.847311736487763367e-01
1.191249999999999964e+01 6.895437176389994649e-01
1.193750000000000000e+01 6.980334949780769849e-01
1.196250000000000036e+01 7.108533638946232802e-01
1.198750000000000071e+01 7.281843049224461240e-01
1.201249999999999929e+01 7.491461886267625214e-01
1.203749999999999964e+01 7.705487355243306746e-01
1.206250000000000000e+01 7.871313115606015653e-01
1.208750000000000036e+01 7.945842219815659746e-01
1.211250000000000071e+01 7.923674588099545169e-01
1.213749999999999929e+01 7.829609621512416684e-01
1.216249999999999964e+01 7.695535531700792298e-01
1.218750000000000000e+01 7.567513405672421367e-01
1.221250000000000036e+01 7.534734749280911359e-01
1.223750000000000071e+01 7.730368248940984177e-01
1.226249999999999929e+01 8.291457440269028867e-01
1.228749999999999964e+01 9.302579354597220185e-01
1.231250000000000000e+01 1.081800079387525981e+00
1.233750000000000036e+01 1.297639668852242911e+00
1.236250000000000071e+01 1.597257905014813684e+00
1.238749999999999929e+01 1.976073460443142027e+00
1.241249999999999964e+01 2.389384075712420064e+00
1.243750000000000000e+01 2.784581045778469210e+00
1.246250000000000036e+01 3.130142420902597422e+00
1.248750000000000071e+01 3.389291374087737729e+00
1.251249999999999929e+01 3.496109282429795684e+00
1.253749999999999964e+01 3.402283419514542384e+00
1.256250000000000000e+01 3.147638561636809662e+00
1.258750000000000036e+01 2.849762117720761712e+00
1.261250000000000071e+01 2.605310222416299393e+00
1.263749999999999929e+01 2.424719099902332697e+00
1.266249999999999964e+01 2.275430586325124516e+00
1.268750000000000000e+01 2.146814032216964652e+00
1.271250000000000036e+01 2.037503146073438298e+00
1.273750000000000071e+01 1.913863643699162509e+00
1.276249999999999929e+01 1.734818900046115608e+00
1.278749999999999964e+01 1.506060316008177802e+00
1.281250000000000000e+01 1.273341827351048838e+00
1.283750000000000036e+01 1.076798133019113202e+00
1.286250000000000071e+01 9.331633943923882679e-01
1.288749999999999929e+01 8.435529861572341748e-01
1.291249999999999964e+01 7.987261083468761846e-01
1.293750000000000000e+01 7.818825175103918390e-01
1.296250000000000036e+01 7.767341077946958716e-01
1.298750000000000071e+01 7.738854547495410685e-01
1.301249999999999929e+01 7.706251249713760298e-01
1.303749999999999964e+01 7.684408898168293423e-01
1.306250000000000000e+01 7.709861238611116496e-01
1.308750000000000036e+01 7.822076154061803344e-01
1.311250000000000071e+01 8.032447223416078197e-01
1.313749999999999929e+01 8.296882410410686415e-01
1.316249999999999964e+01 8.540817179725996855e-01
1.318750000000000000e+01 8.751118110772466707e-01
1.321250000000000036e+01 9.064525482150558311e-01
1.323750000000000071e+01 9.766572646648264966e-01
1.326249999999999929e+01 1.118378909886223571e+00
1.328749999999999964e+01 1.350944774265356862e+00
1.331250000000000000e+01 1.668004979267024845e+00
1.333750000000000036e+01 2.039026900064932146e+00
1.336250000000000071e+01 2.411022531843648231e+00
1.338749999999999929e+01 2.700763314507468316e+00
1.341249999999999964e+01 2.812562499294440244e+00
1.343750000000000000e+01 2.701184394383085774e+00
1.346250000000000036e+01 2.412430095719535483e+00
1.348750000000000071e+01 2.043725308926906070e+00
1.351249999999999929e+01 1.679932799646929542e+00
1.353749999999999964e+01 1.374848870454853156e+00
1.356250000000000000e+01 1.160540129966936673e+00
1.358750000000000036e+01 1.046931238130559993e+00
1.361250000000000071e+01 1.019410453948076611e+00
1.363749999999999929e+01 1.052935081115371041e+00
1.366249999999999964e+01 1.131468730593084171e+00
1.368750000000000000e+01 1.251332642049872490e+00
1.371250000000000036e+01 1.404790048512736256e+00
1.373750000000000071e+01 1.562311749979768294e+00
1.376249999999999929e+01 1.677674380987741021e+00
1.378749999999999964e+01 1.717934187765965071e+00
1.381250000000000000e+01 1.690926808443908413e+00
1.383750000000000036e+01 1.638882762609558341e+00
1.386250000000000071e+01 1.606358567866611020e+00
1.388749999999999929e+01 1.625512465347405122e+00
1.391249999999999964e+01 1.727540665102912376e+00
1.393750000000000000e+01 1.942342737050028356e+00
1.396250000000000036e+01 2.269256174625747136e+00
1.398750000000000071e+01 2.650768389163718375e+00
1.401249999999999929e+01 2.985690330234691103e+00
1.403749999999999964e+01 3.177440758772212881e+00
1.406250000000000000e+01 3.176353541723251350e+00
1.408750000000000036e+01 2.991537620153339017e+00
1.411250000000000071e+01 2.683274921888818110e+00
1.413749999999999929e+01 2.345353955585288475e+00
1.416249999999999964e+01 2.069626900126145141e+00
1.418750000000000000e+01 1.907191755189288962e+00
1.421250000000000036e+01 1.859419461478941882e+00
1.423750000000000071e+01 1.896402750733589659e+00
1.426249999999999929e+01 1.974111709818352267e+00
1.428749999999999964e+01 2.049268732962095108e+00
1.431250000000000000e+01 2.099106603271002403e+00
1.433750000000000036e+01 2.124542713626041746e+00
1.436250000000000071e+01 2.129126320569574737e+00
1.438749999999999929e+01 2.103330021685044571e+00
1.441249999999999964e+01 2.032139394630718687e+00
1.443750000000000000e+01 1.911542485420702153e+00
1.446250000000000036e+01 1.759312303174879633e+00
1.448750000000000071e+01 1.616011132276549134e+00
1.451249999999999929e+01 1.531622834585194548e+00
1.453749999999999964e+01 1.537721115993421428e+00
1.456250000000000000e+01 1.625113885537349923e+00
1.458750000000000036e+01 1.749845763138732746e+00
1.461250000000000071e+01 1.860929056185539832e+00
1.463749999999999929e+01 1.924978039647043282e+00
1.466249999999999964e+01 1.935912648497981170e+00
1.468750000000000000e+01 1.914072509294217017e+00
1.471250000000000036e+01 1.895498292176597932e+00
1.473750000000000071e+01 1.913177870912649237e+00
1.476249999999999929e+01 1.981413649690585199e+00
1.478749999999999964e+01 2.088597072599451820e+00
1.481250000000000000e+01 2.193112010883283780e+00
1.483750000000000036e+01 2.232205904452329914e+00
1.486250000000000071e+01 2.157112446801189520e+00
1.488749999999999929e+01 1.968377936200178979e+00
1.491249999999999964e+01 1.713406360773714443e+00
1.493750000000000000e+01 1.454231995190152338e+00
1.496250000000000036e+01 1.240054201194470185e+00
1.498750000000000071e+01 1.096868271463759870e+00
1.501249999999999929e+01 1.027334247511483944e+00
1.503749999999999964e+01 1.018321398352083129e+00
1.506250000000000000e+01 1.053064654803874234e+00
1.508750000000000036e+01 1.119144043453704773e+00
1.511250000000000071e+01 1.205863617741315341e+00
1.513749999999999929e+01 1.296494943493400553e+00
1.516249999999999964e+01 1.365381730341965749e+00
1.518750000000000000e+01 1.386501323478124270e+00
1.521250000000000036e+01 1.348007547169606246e+00
1.523750000000000071e+01 1.260350135725633924e+00
1.526249999999999929e+01 1.150692725294259366e+00
1.528749999999999964e+01 1.048130765794636154e+00
1.531250000000000000e+01 9.707026915673002687e-01
1.533750000000000036e+01 9.225442920030761940e-01
1.536250000000000071e+01 8.991706351221159244e-01
1.538749999999999929e+01 8.927828467697851433e-01
1.541249999999999964e+01 8.948643433491654253e-01
1.543750000000000000e+01 8.985781446949321349e-01
1.546250000000000036e+01 9.001409309525213454e-01
1.548750000000000071e+01 8.977493887370288084e-01
1.551249999999999929e+01 8.907150559991049432e-01
1.553749999999999964e+01 8.815756798936533745e-01
1.556250000000000000e+01 8.766641090602134145e-01
1.558750000000000036e+01 8.814648949603173245e-01
1.561250000000000071e+01 8.954346480624755245e-01
1.563749999999999929e+01 9.128834264691061406e-01
1.566249999999999964e+01 9.278221685545366970e-01
1.568750000000000000e+01 9.356550886863737038e-01
1.571250000000000036e+01 9.318338992445178715e-01
1.573750000000000071e+01 9.135253922875388177e-01
1.576249999999999929e+01 8.835031268348783051e-01
1.578749999999999964e+01 8.495454344116233347e-01
1.581250000000000000e+01 8.190746666033961176e-01
1.583750000000000036e+01 7.954602762452192000e-01
1.586250000000000071e+01 7.786550492505857068e-01
1.588749999999999929e+01 7.672911146600467358e-01
1.591249999999999964e+01 7.600142766094171165e-01
1.593750000000000000e+01 7.561026888322111006e-01
1.596250000000000036e+01 7.556452578480452598e-01
1.598750000000000071e+01 7.591812991774103958e-01
1.601249999999999929e+01 7.670139912065809806e-01
1.603750000000000142e+01 7.786119198183532042e-01
1.606250000000000000e+01 7.924019139858384797e-01
1.608749999999999858e+01 8.059884622513305841e-01
1.611250000000000071e+01 8.167768001962684155e-01
1.613749999999999929e+01 8.229727118655008056e-01
1.616250000000000142e+01 8.245219098652745160e-01
1.618750000000000000e+01 8.232071969387528831e-01
1.621249999999999858e+01 8.218299867952874038e-01
1.623750000000000071e+01 8.228682585748520184e-01
1.626249999999999929e+01 8.270625825602445635e-01
1.628750000000000142e+01 8.326662486009258624e-01
1.631250000000000000e+01 8.361319192900047437e-01
1.633749999999999858e+01 8.341767421724610720e-01
1.636250000000000071e+01 8.259034971142170667e-01
1.638749999999999929e+01 8.132618858931239814e-01
1.641250000000000142e+01 7.997383345237543129e-01
1.643750000000000000e+01 7.886241522158656814e-01
1.646249999999999858e+01 7.819751665554277587e-01
1.648750000000000071e+01 7.804120889821106744e-01
1.651249999999999929e+01 7.834029221499689832e-01
1.653750000000000142e+01 7.895877068680399180e-01
1.656250000000000000e+01 7.969197913291524715e-01
1.658749999999999858e+01 8.029930456909949443e-01
1.661250000000000071e+01 8.060140455562472273e-01
1.663749999999999929e+01 8.057182677547544136e-01
1.666250000000000142e+01 8.032659314282284413e-01
1.668750000000000000e+01 8.002884961665223118e-01
1.671249999999999858e+01 7.980365384682719387e-01
1.673750000000000071e+01 7.970385592892144100e-01
1.676249999999999929e+01 7.971966665166129173e-01
1.678750000000000142e+01 7.981425335651370911e-01
1.681250000000000000e+01 7.995591375286489333e-01
1.683749999999999858e+01 8.012951198392304075e-01
1.686250000000000071e+01 8.033257056395897155e-01
1.688749999999999929e+01 8.054503321511112812e-01
1.691250000000000142e+01 8.067331563639568159e-01
1.693750000000000000e+01 8.055709360457308232e-01
1.696249999999999858e+01 8.008913328773241691e-01
1.698750000000000071e+01 7.931529999810309484e-01
1.701249999999999929e+01 7.839266069910773016e-01
1.703750000000000142e+01 7.748474865065363426e-01
1.706250000000000000e+01 7.670272536433642152e-01
1.708749999999999858e+01 7.609399752115033611e-01
1.711250000000000071e+01 7.565867777029853247e-01
1.713749999999999929e+01 7.538588442681917190e-01
1.716250000000000142e+01 7.527701879643966532e-01
1.718750000000000000e+01 7.533002306617990751e-01
1.721249999999999858e+01 7.551311292375380013e-01
1.723750000000000071e+01 7.576691348582241803e-01
1.726249999999999929e+01 7.602900189872465742e-01
1.728750000000000142e+01 7.624824583512670451e-01
1.731250000000000000e+01 7.639070787492245884e-01
1.733749999999999858e+01 7.645874714814868689e-01
1.736250000000000071e+01 7.649787017158811153e-01
1.738749999999999929e+01 7.654751249925937362e-01
1.741250000000000142e+01 7.657867917370528854e-01
1.743750000000000000e+01 7.650681647031898347e-01
1.746249999999999858e+01 7.627160852652620227e-01
1.748750000000000071e+01 7.588922989175168610e-01
1.751249999999999929e+01 7.543213042638620136e-01
1.753750000000000142e+01 7.498036118750366352e-01
1.756250000000000000e+01 7.459539042765310768e-01
1.758749999999999858e+01 7.432997383234341005e-01
1.761250000000000071e+01 7.424793808760725700e-01
1.763749999999999929e+01 7.441634763508695460e-01
1.766250000000000142e+01 7.486696627363500500e-01
1.768750000000000000e+01 7.555529573460708637e-01
1.771249999999999858e+01 7.634495938523073733e-01
1.773750000000000071e+01 7.704564743312649622e-01
1.776249999999999929e+01 7.751725054499920553e-01
1.778750000000000142e+01 7.775032703941601175e-01
1.781250000000000000e+01 7.782637344182667949e-01
1.783749999999999858e+01 7.781722115974084586e-01
1.786250000000000071e+01 7.776924537190393893e-01
1.788749999999999929e+01 7.778773945766033204e-01
1.791250000000000142e+01 7.806631350917874190e-01
1.793750000000000000e+01 7.877307279478086288e-01
1.796249999999999858e+01 7.993472483222388014e-01
1.798750000000000071e+01 8.160224809571055005e-01
1.801249999999999929e+01 8.422830258652043156e-01
1.803750000000000142e+01 8.878144592947763147e-01
1.806250000000000000e+01 9.642017901238941757e-01
1.808749999999999858e+01 1.079455263193411341e+00
1.811250000000000071e+01 1.233449059826437599e+00
1.813749999999999929e+01 1.415428647660501582e+00
1.816250000000000142e+01 1.602319435264933478e+00
1.818750000000000000e+01 1.754214126903951065e+00
1.821249999999999858e+01 1.817281536938092135e+00
1.823750000000000071e+01 1.752686412002957050e+00
1.826249999999999929e+01 1.574292670966880969e+00
1.828750000000000142e+01 1.347006533801946127e+00
1.831250000000000000e+01 1.140845693801362692e+00
1.833749999999999858e+01 9.913936618799946698e-01
1.836250000000000071e+01 8.988716542541430599e-01
1.838749999999999929e+01 8.477066642424597731e-01
1.841250000000000142e+01 8.209037970313575183e-01
1.843750000000000000e+01 8.059101958311536418e-01
1.846249999999999858e+01 7.962436111394111116e-01
1.848750000000000071e+01 7.893117491231755878e-01
1.851249999999999929e+01 7.833770379628796077e-01
1.853750000000000142e+01 7.769635613997635248e-01
1.856250000000000000e+01 7.700595926163630311e-01
1.858749999999999858e+01 7.639542554055779311e-01
1.861250000000000071e+01 7.598565469784899218e-01
1.863749999999999929e+01 7.578778140040034472e-01
1.866250000000000142e+01 7.570516553369606161e-01
1.868750000000000000e+01 7.560622463114461400e-01
1.871249999999999858e+01 7.542136709135416339e-01
1.873750000000000071e+01 7.517851607836785188e-01
1.876249999999999929e+01 7.495110832196048012e-01
1.878750000000000142e+01 7.479016973593254347e-01
1.881250000000000000e+01 7.470268184793465993e-01
1.883749999999999858e+01 7.466867434917194846e-01
1.886250000000000071e+01 7.468430116896220827e-01
1.888749999999999929e+01 7.480470088194123290e-01
1.891250000000000142e+01 7.513525407321988148e-01
1.893750000000000000e+01 7.576487008120211808e-01
1.896249999999999858e+01 7.670812597612028938e-01
1.898750000000000071e+01 7.791535553745414511e-01
1.901249999999999929e+01 7.931165258392944839e-01
1.903750000000000142e+01 8.081845549391615258e-01
1.906250000000000000e+01 8.245667544441004360e-01
1.908749999999999858e+01 8.460178089332963669e-01
1.911250000000000071e+01 8.813901981212977077e-01
1.913749999999999929e+01 9.416167591660843383e-01
1.916250000000000142e+01 1.032385849361159069e+00
1.918750000000000000e+01 1.148135901005344905e+00
1.921249999999999858e+01 1.272329077521310969e+00
1.923750000000000071e+01 1.382543651697001330e+00
1.926249999999999929e+01 1.454893217066712818e+00
1.928750000000000142e+01 1.468554314695263763e+00
1.931250000000000000e+01 1.414842772091816414e+00
1.933749999999999858e+01 1.305586106730676210e+00
1.936250000000000071e+01 1.169811798178334250e+00
1.938749999999999929e+01 1.039284926133122511e+00
1.941250000000000142e+01 9.352059213176864283e-01
1.943750000000000000e+01 8.644009360075822768e-01
1.946249999999999858e+01 8.227368102348908696e-01
1.948750000000000071e+01 8.005862374047940655e-01
1.951249999999999929e+01 7.881860633597435051e-01
1.953750000000000142e+01 7.793045497610354699e-01
1.956250000000000000e+01 7.714942237478716880e-01
1.958749999999999858e+01 7.641554918438683286e-01
1.961250000000000071e+01 7.570669906932401272e-01
1.963749999999999929e+01 7.502882551103464692e-01
1.966250000000000142e+01 7.441443056110055299e-01
1.968750000000000000e+01 7.388948800723462718e-01
1.971249999999999858e+01 7.345314049225257769e-01
1.973750000000000071e+01 7.309258372177712682e-01
1.976249999999999929e+01 7.279928260506274285e-01
1.978750000000000142e+01 7.256660451925665001e-01
1.981250000000000000e+01 7.238964076337268683e-01
1.983749999999999858e+01 7.228029677818010867e-01
1.986250000000000071e+01 7.228795940752168470e-01
1.988749999999999929e+01 7.249541509042212173e-01
1.991250000000000142e+01 7.297958356980092098e-01
1.993750000000000000e+01 7.375388505151069252e-01
1.996249999999999858e+01 7.472476801604677199e-01
1.998750000000000071e+01 7.569836261985034565e-01
2.001249999999999929e+01 7.646137834810455836e-01
2.003750000000000142e+01 7.690205152747131567e-01
2.006250000000000000e+01 7.707661942022026036e-01
2.008749999999999858e+01 7.715763442804304262e-01
2.011250000000000071e+01 7.730115130935304446e-01
2.013749999999999929e+01 7.752500431581551554e-01
2.016250000000000142e+01 7.768617437786029534e-01
2.018750000000000000e+01 7.757683834663549050e-01
2.021249999999999858e+01 7.705347973126610572e-01
2.023750000000000071e+01 7.611098884850582280e-01
2.026249999999999929e+01 7.488626656666321768e-01
2.028750000000000142e+01 7.359941611774594161e-01
2.031250000000000000e+01 7.246765223952893464e-01
2.033749999999999858e+01 7.163953305843289154e-01
2.036250000000000071e+01 7.116918311339945902e-01
2.038749999999999929e+01 7.102035196803356820e-01
2.041250000000000142e+01 7.109411641411597094e-01
2.043750000000000000e+01 7.127335507217777977e-01
2.046249999999999858e+01 7.146635791917228531e-01
2.048750000000000071e+01 7.162737625240263029e-01
2.051249999999999929e+01 7.174763450324577185e-01
2.053750000000000142e+01 7.182973656477573687e-01
2.056250000000000000e+01 7.187175190864761865e-01
2.058749999999999858e+01 7.186853928796996804e-01
2.061250000000000071e+01 7.181407568576279044e-01
2.063749999999999929e+01 7.170335944797232575e-01
2.066250000000000142e+01 7.155039627282059334e-01
2.068750000000000000e+01 7.140717311486335372e-01
2.071249999999999858e+01 7.133849376096003114e-01
2.073750000000000071e+01 7.136012969332174993e-01
2.076249999999999929e+01 7.141237157724478202e-01
2.078750000000000142e+01 7.140544014022933705e-01
2.081250000000000000e+01 7.129287408707959406e-01
2.083749999999999858e+01 7.111156761379484603e-01
2.086250000000000071e+01 7.096670048731096303e-01
2.088749999999999929e+01 7.097348521647033337e-01
2.091250000000000142e+01 7.119438601314337367e-01
2.093750000000000000e+01 7.161456398441927718e-01
2.096249999999999858e+01 7.215392400802184136e-01
2.098750000000000071e+01 7.268855017289665987e-01
2.101249999999999929e+01 7.309035817843274607e-01
2.103750000000000142e+01 7.327783299837691278e-01
2.106250000000000000e+01 7.323008266051279636e-01
2.108749999999999858e+01 7.296582759406018415e-01
2.111250000000000071e+01 7.253345841845492137e-01
2.113749999999999929e+01 7.200978824536780065e-01
2.116250000000000142e+01 7.148250904067712241e-01
2.118750000000000000e+01 7.103009270515040496e-01
2.121249999999999858e+01 7.071326105175868015e-01
2.123750000000000071e+01 7.057048024092715810e-01
2.126249999999999929e+01 7.062000631787966887e-01
2.128750000000000142e+01 7.087186335288656602e-01
2.131250000000000000e+01 7.133236667598341629e-01
2.133749999999999858e+01 7.198327483287185746e-01
2.136250000000000071e+01 7.274679435820134987e-01
2.138749999999999929e+01 7.347288112656356063e-01
2.141250000000000142e+01 7.399550863516939359e-01
2.143750000000000000e+01 7.424227212652558805e-01
2.146249999999999858e+01 7.430651579295637355e-01
2.148750000000000071e+01 7.440039584469678724e-01
2.151249999999999929e+01 7.473742616024448004e-01
2.153750000000000142e+01 7.548014089859960141e-01
2.156250000000000000e+01 7.676091260882857981e-01
2.158749999999999858e+01 7.881193851832031250e-01
2.161250000000000071e+01 8.208677014199479149e-01
2.163749999999999929e+01 8.711736012610461488e-01
2.166250000000000142e+01 9.389541241177675746e-01
2.168750000000000000e+01 1.012864969005092153e+00
2.171249999999999858e+01 1.072262221814926253e+00
2.173750000000000071e+01 1.097097592936342236e+00
2.176249999999999929e+01 1.078414627354376876e+00
2.178750000000000142e+01 1.022426658415151346e+00
2.181250000000000000e+01 9.465473341690678888e-01
2.183749999999999858e+01 8.708881142087213645e-01
2.186250000000000071e+01 8.102380888010340954e-01
2.188749999999999929e+01 7.699842549534565705e-01
2.191250000000000142e+01 7.471791846555615457e-01
2.193750000000000000e+01 7.350515757288265117e-01
2.196249999999999858e+01 7.275277447795033270e-01
2.198750000000000071e+01 7.215006922694885416e-01
2.201249999999999929e+01 7.163631094970359658e-01
2.203750000000000142e+01 7.127726012480559703e-01
2.206250000000000000e+01 7.114827518468569423e-01
2.208749999999999858e+01 7.126642269189878975e-01
2.211250000000000071e+01 7.155756453048187637e-01
2.213749999999999929e+01 7.190863046731499342e-01
2.216250000000000142e+01 7.227766909494197645e-01
2.218750000000000000e+01 7.278049723761756962e-01
2.221249999999999858e+01 7.371664258397212510e-01
2.223750000000000071e+01 7.552045335681890625e-01
2.226249999999999929e+01 7.862082864455388620e-01
2.228750000000000142e+01 8.330352821653113082e-01
2.231250000000000000e+01 8.966868532838390138e-01
2.233749999999999858e+01 9.750923944219075379e-01
2.236250000000000071e+01 1.059535065447698265e+00
2.238749999999999929e+01 1.134967169856712754e+00
2.241250000000000142e+01 1.192506724007664998e+00
2.243750000000000000e+01 1.245384824172150129e+00
2.246249999999999858e+01 1.326778277909057557e+00
2.248750000000000071e+01 1.465697983348830391e+00
2.251249999999999929e+01 1.664057218820946371e+00
2.253750000000000142e+01 1.892558186666852826e+00
2.256250000000000000e+01 2.099357048080795707e+00
2.258749999999999858e+01 2.224934767092642485e+00
2.261250000000000071e+01 2.228869735143460318e+00
2.263749999999999929e+01 2.118282333178642673e+00
2.266250000000000142e+01 1.946181609990275341e+00
2.268750000000000000e+01 1.773823003538470555e+00
2.271249999999999858e+01 1.635066596718623977e+00
2.273750000000000071e+01 1.532788331302653351e+00
2.276249999999999929e+01 1.453684492866161193e+00
2.278750000000000142e+01 1.379097861542498915e+00
2.281250000000000000e+01 1.293005729910847501e+00
2.283749999999999858e+01 1.191749878315115030e+00
2.286250000000000071e+01 1.087377131124707352e+00
2.288749999999999929e+01 1.000217834520027438e+00
2.291250000000000142e+01 9.487984759312292349e-01
2.293750000000000000e+01 9.437118156184053364e-01
2.296249999999999858e+01 9.860326029175474627e-01
2.298750000000000071e+01 1.067233223829909594e+00
2.301249999999999929e+01 1.168004327157813993e+00
2.303750000000000142e+01 1.259259936200013641e+00
2.306250000000000000e+01 1.311690737445053934e+00
2.308749999999999858e+01 1.310457872596224371e+00
2.311250000000000071e+01 1.261506664033477110e+00
2.313749999999999929e+01 1.185435534890467490e+00
2.316250000000000142e+01 1.108774235237289796e+00
2.318750000000000000e+01 1.056346619690729405e+00
2.321249999999999858e+01 1.041600322436000203e+00
2.323750000000000071e+01 1.060522720283602283e+00
2.326249999999999929e+01 1.096320381842422309e+00
2.328750000000000142e+01 1.128653664197878381e+00
2.331250000000000000e+01 1.139193216685352006e+00
2.333749999999999858e+01 1.116664650298503592e+00
2.336250000000000071e+01 1.064250173815980860e+00
2.338749999999999929e+01 9.997094365393570659e-01
2.341250000000000142e+01 9.426208461126222016e-01
2.343750000000000000e+01 9.006289430580322053e-01
2.346249999999999858e+01 8.685416091403521666e-01
2.348750000000000071e+01 8.384747694621457192e-01
2.351249999999999929e+01 8.081276459305564153e-01
2.353750000000000142e+01 7.800863624579523758e-01
2.356250000000000000e+01 7.568247209197391800e-01
2.358749999999999858e+01 7.383610378989837741e-01
2.361250000000000071e+01 7.236132578974280305e-01
2.363749999999999929e+01 7.120876788894189291e-01
2.366250000000000142e+01 7.039630647751712322e-01
2.368750000000000000e+01 6.991535956114435235e-01
2.371249999999999858e+01 6.966215850831083412e-01
2.373750000000000071e+01 6.946161591676545122e-01
2.376249999999999929e+01 6.917889345807000101e-01
2.378750000000000142e+01 6.882757468024152114e-01
2.381250000000000000e+01 6.858942239381160544e-01
2.383749999999999858e+01 6.871245188359640377e-01
2.386250000000000071e+01 6.930844126557250684e-01
2.388749999999999929e+01 7.018397158074077824e-01
2.391250000000000142e+01 7.091239524726775656e-01
2.393750000000000000e+01 7.115658999066558632e-01
2.396249999999999858e+01 7.094331660840615950e-01
2.398750000000000071e+01 7.061269082724143109e-01
2.401249999999999929e+01 7.050259596257242301e-01
2.403750000000000142e+01 7.065588655383064909e-01
2.406250000000000000e+01 7.079961067746510794e-01
2.408749999999999858e+01 7.062499128915769031e-01
2.411250000000000071e+01 7.010660042554370808e-01
2.413749999999999929e+01 6.957719351376216999e-01
2.416250000000000142e+01 6.951434281495747491e-01
2.418750000000000000e+01 7.016307692816772246e-01
2.421249999999999858e+01 7.123109349501092202e-01
2.423750000000000071e+01 7.201160369323282850e-01
2.426249999999999929e+01 7.201190250149018812e-01
2.428750000000000142e+01 7.152802837644254286e-01
2.431250000000000000e+01 7.147522464111515372e-01
2.433749999999999858e+01 7.254141308543945454e-01
2.436250000000000071e+01 7.447566056143664071e-01
2.438749999999999929e+01 7.621734739236152301e-01
2.441250000000000142e+01 7.679616437778394866e-01
2.443750000000000000e+01 7.616894440855899173e-01
2.446249999999999858e+01 7.525538862577272337e-01
2.448750000000000071e+01 7.522847014149374179e-01
2.451249999999999929e+01 7.660346865964067220e-01
2.453750000000000142e+01 7.868433611607219547e-01
2.456250000000000000e+01 7.996183867766845088e-01
2.458749999999999858e+01 7.952182163149519312e-01
2.461250000000000071e+01 7.827371186839710004e-01
2.463749999999999929e+01 7.849572821985421056e-01
2.466250000000000142e+01 8.174582263860621367e-01
2.468750000000000000e+01 8.700677655484231332e-01
2.471249999999999858e+01 9.108569461472193485e-01
2.473750000000000071e+01 9.146198025151505151e-01
2.476249999999999929e+01 8.904383745429196306e-01
2.478750000000000142e+01 8.819482085978195274e-01
2.481250000000000000e+01 9.403500563703772741e-01
2.483749999999999858e+01 1.087712045906424008e+00
2.486250000000000071e+01 1.291335261144628710e+00
2.488749999999999929e+01 1.489360073269035967e+00
2.491250000000000142e+01 1.684168779274690664e+00
2.493750000000000000e+01 2.035525560212561924e+00
2.496249999999999858e+01 2.811628999367497883e+00
2.498750000000000071e+01 4.120156581702743459e+00
2.501249999999999929e+01 5.599666121802943763e+00
2.503750000000000142e+01 6.487461394862535258e+00
2.506250000000000000e+01 6.202756687160146498e+00
2.508749999999999858e+01 4.885150443796796083e+00
2.511250000000000071e+01 3.248880268390679227e+00
2.513749999999999929e+01 1.953069701163333338e+00
2.516250000000000142e+01 1.210468494480739343e+00
2.518750000000000000e+01 8.887046464059995543e-01
2.521249999999999858e+01 7.819462105785762729e-01
2.523750000000000071e+01 7.571399357637624838e-01
2.526249999999999929e+01 7.613185005670111138e-01
2.528750000000000142e+01 7.857284028876558857e-01
2.531250000000000000e+01 8.365364877754279949e-01
2.533749999999999858e+01 9.204181731254259535e-01
2.536250000000000071e+01 1.034397345821482128e+00
2.538749999999999929e+01 1.157316308234868751e+00
2.541250000000000142e+01 1.253341789446463128e+00
2.543750000000000000e+01 1.292503642543250120e+00
2.546249999999999858e+01 1.270098239768065573e+00
2.548750000000000071e+01 1.203370383504292151e+00
2.551249999999999929e+01 1.114404199032622333e+00
2.553750000000000142e+01 1.021766479356636337e+00
2.556250000000000000e+01 9.413960246332455650e-01
2.558749999999999858e+01 8.855144528134278881e-01
2.561250000000000071e+01 8.598352949235429366e-01
2.563749999999999929e+01 8.641536263744358237e-01
2.566250000000000142e+01 8.957002874246494661e-01
2.568750000000000000e+01 9.516350889040740002e-01
2.571249999999999858e+01 1.027970697372875053e+00
2.573750000000000071e+01 1.115934157903677004e+00
2.576249999999999929e+01 1.199797898682141595e+00
2.578750000000000142e+01 1.259727523172854413e+00
2.581250000000000000e+01 1.280161429020853614e+00
2.583749999999999858e+01 1.260255061084301520e+00
2.586250000000000071e+01 1.217332104837260731e+00
2.588749999999999929e+01 1.177882023577877302e+00
2.591250000000000142e+01 1.163490468408916900e+00
2.593750000000000000e+01 1.182292314675124967e+00
2.596249999999999858e+01 1.228353674839381737e+00
2.598750000000000071e+01 1.287219148227813026e+00
2.601249999999999929e+01 1.346874005193835711e+00
2.603750000000000142e+01 1.407709602798131954e+00
2.606250000000000000e+01 1.480834868981558472e+00
2.608749999999999858e+01 1.574462054971494052e+00
2.611250000000000071e+01 1.680929577605339897e+00
2.613749999999999929e+01 1.774789944256002006e+00
2.616250000000000142e+01 1.823804407480259293e+00
2.618750000000000000e+01 1.806836988763238505e+00
2.621249999999999858e+01 1.725390281066093268e+00
2.623750000000000071e+01 1.598444953009115377e+00
2.626249999999999929e+01 1.448479965855661522e+00
2.628750000000000142e+01 1.293826125302987018e+00
2.631250000000000000e+01 1.148619625771787334e+00
2.633749999999999858e+01 1.023249170969117383e+00
2.636250000000000071e+01 9.235951987069325186e-01
2.638749999999999929e+01 8.507470802261105636e-01
2.641250000000000142e+01 8.016222610360719258e-01
2.643750000000000000e+01 7.703603460961561122e-01
2.646249999999999858e+01 7.505789610681558033e-01
2.648750000000000071e+01 7.374289302665741896e-01
2.651249999999999929e+01 7.282167029626548382e-01
2.653750000000000142e+01 7.218066302840913107e-01
2.656250000000000000e+01 7.177817430375007524e-01
2.658749999999999858e+01 7.159323961494385991e-01
2.661250000000000071e+01 7.161141215537014659e-01
2.663749999999999929e+01 7.181607324543667348e-01
2.666250000000000142e+01 7.217573140072074400e-01
2.668750000000000000e+01 7.262671185627438408e-01
2.671249999999999858e+01 7.305964335835408718e-01
2.673750000000000071e+01 7.332798518811483035e-01
2.676249999999999929e+01 7.330304190738121672e-01
2.678750000000000142e+01 7.296249354717552205e-01
2.681250000000000000e+01 7.244217987083030330e-01
2.683749999999999858e+01 7.198759887644308186e-01
2.686250000000000071e+01 7.181940483467221803e-01
2.688749999999999929e+01 7.201417334572544071e-01
2.691250000000000142e+01 7.249957123352319677e-01
2.693750000000000000e+01 7.315803562263017978e-01
2.696249999999999858e+01 7.391844741982038780e-01
2.698750000000000071e+01 7.474147244497540976e-01
2.701249999999999929e+01 7.556121420691096491e-01
2.703750000000000142e+01 7.627427433942184365e-01
2.706250000000000000e+01 7.675039640424314857e-01
2.708749999999999858e+01 7.685514460462991027e-01
2.711250000000000071e+01 7.653747288403520699e-01
2.713749999999999929e+01 7.591145556799792082e-01
2.716250000000000142e+01 7.518726173535270618e-01
2.718750000000000000e+01 7.451559513201928553e-01
2.721249999999999858e+01 7.393603539265851676e-01
2.723750000000000071e+01 7.343722956141259806e-01
2.726249999999999929e+01 7.300625525029067475e-01
2.728750000000000142e+01 7.263847749119775044e-01
2.731250000000000000e+01 7.234622743560887859e-01
2.733749999999999858e+01 7.216967297529987002e-01
2.736250000000000071e+01 7.217000193166730471e-01
2.738749999999999929e+01 7.240285589461752380e-01
2.741250000000000142e+01 7.287821657092921068e-01
2.743750000000000000e+01 7.351823030045308016e-01
2.746249999999999858e+01 7.414367798635066453e-01
2.748750000000000071e+01 7.453425366078554326e-01
2.751249999999999929e+01 7.456137261447549625e-01
2.753750000000000142e+01 7.428295701413123453e-01
2.756250000000000000e+01 7.389520543580821998e-01
2.758749999999999858e+01 7.358740637038996280e-01
2.761250000000000071e+01 7.343547981603273378e-01
2.763749999999999929e+01 7.339447039248641058e-01
2.766250000000000142e+01 7.337660922858271206e-01
2.768750000000000000e+01 7.336390821517010385e-01
2.771249999999999858e+01 7.346809850790769758e-01
2.773750000000000071e+01 7.386346741908256242e-01
2.776249999999999929e+01 7.465023078861701133e-01
2.778750000000000142e+01 7.577926441096436427e-01
2.781250000000000000e+01 7.716471067776105031e-01
2.783749999999999858e+01 7.897927496334502528e-01
2.786250000000000071e+01 8.187262086944452344e-01
2.788749999999999929e+01 8.675732017980757327e-01
2.791250000000000142e+01 9.409482169530976048e-01
2.793750000000000000e+01 1.031528868963095036e+00
2.796249999999999858e+01 1.120535201747746346e+00
2.798750000000000071e+01 1.189191398333630634e+00
2.801249999999999929e+01 1.228754326638163752e+00
2.803750000000000142e+01 1.235508284343116436e+00
2.806250000000000000e+01 1.201916999755357374e+00
2.808749999999999858e+01 1.124144468578097467e+00
2.811250000000000071e+01 1.016632988863591880e+00
2.813749999999999929e+01 9.086034657396275804e-01
2.816250000000000142e+01 8.246428390344764381e-01
2.818750000000000000e+01 7.726333027200433801e-01
2.821249999999999858e+01 7.472570236987385872e-01
2.823750000000000071e+01 7.389037614955197286e-01
2.826249999999999929e+01 7.399799281953897134e-01
2.828750000000000142e+01 7.483761036710636638e-01
2.831250000000000000e+01 7.686882894014035461e-01
2.833749999999999858e+01 8.082219294611460159e-01
2.836250000000000071e+01 8.665417633587275681e-01
2.838749999999999929e+01 9.272185287073334559e-01
2.841250000000000142e+01 9.641857942097415979e-01
2.843750000000000000e+01 9.606303657650568928e-01
2.846249999999999858e+01 9.220378519684335750e-01
2.848750000000000071e+01 8.717300080498047166e-01
2.851249999999999929e+01 8.355592534079513412e-01
2.853750000000000142e+01 8.288837946278763136e-01
2.856250000000000000e+01 8.527180617735068413e-01
2.858749999999999858e+01 8.982441302505037584e-01
2.861250000000000071e+01 9.546499248311188790e-01
2.863749999999999929e+01 1.013639124822929505e+00
2.866250000000000142e+01 1.067439680589299167e+00
2.868750000000000000e+01 1.105051022369255787e+00
2.871249999999999858e+01 1.115545919605897662e+00
2.873750000000000071e+01 1.096927502305331315e+00
2.876249999999999929e+01 1.058671752436206370e+00
2.878750000000000142e+01 1.013268103478979665e+00
2.881250000000000000e+01 9.665974094735856337e-01
2.883749999999999858e+01 9.174764791003399145e-01
2.886250000000000071e+01 8.647230674411847673e-01
2.888749999999999929e+01 8.121709602415220219e-01
2.891250000000000142e+01 7.667445118891699218e-01
2.893750000000000000e+01 7.336413837589363940e-01
2.896249999999999858e+01 7.140150139518928185e-01
2.898750000000000071e+01 7.060035753407815085e-01
2.901249999999999929e+01 7.067622156751410811e-01
2.903750000000000142e+01 7.134361044317065748e-01
2.906250000000000000e+01 7.232217779459584328e-01
2.908749999999999858e+01 7.332993071500515381e-01
2.911250000000000071e+01 7.412623270506155659e-01
2.913749999999999929e+01 7.456417647319149022e-01
2.916250000000000142e+01 7.460161770253654900e-01
2.918750000000000000e+01 7.425744975066779219e-01
2.921249999999999858e+01 7.356586040709824914e-01
2.923750000000000071e+01 7.259136539349629880e-01
2.926249999999999929e+01 7.147334229819243268e-01
2.928750000000000142e+01 7.039944880522732706e-01
2.931250000000000000e+01 6.951992099396815394e-01
2.933749999999999858e+01 6.892329068799929459e-01
2.936250000000000071e+01 6.868168651776774825e-01
2.938749999999999929e+01 6.883980780924050524e-01
2.941250000000000142e+01 6.933753746022038866e-01
2.943750000000000000e+01 6.999980807834877972e-01
2.946249999999999858e+01 7.064051203088254072e-01
2.948750000000000071e+01 7.115165830967974392e-01
2.951249999999999929e+01 7.147518021921056564e-01
2.953750000000000142e+01 7.154684202252736824e-01
2.956250000000000000e+01 7.131888920986595437e-01
2.958749999999999858e+01 7.080020454776654315e-01
2.961250000000000071e+01 7.003619451549769614e-01
2.963749999999999929e+01 6.908953963614621330e-01
2.966250000000000142e+01 6.806235524286086136e-01
2.968750000000000000e+01 6.708267731970209979e-01
2.971249999999999858e+01 6.623822557222528440e-01
2.973750000000000071e+01 6.554734150030717688e-01
2.976249999999999929e+01 6.499777451460557742e-01
2.978750000000000142e+01 6.458423608188142984e-01
2.981250000000000000e+01 6.430741951434645332e-01
2.983749999999999858e+01 6.415546421105177144e-01
2.986250000000000071e+01 6.409275600818657992e-01
2.988749999999999929e+01 6.406784954165447576e-01
2.991250000000000142e+01 6.404349454449814738e-01
2.993750000000000000e+01 6.402603019696442299e-01
2.996249999999999858e+01 6.405900781525721843e-01
2.998750000000000071e+01 6.418374383603819844e-01
3.001249999999999929e+01 6.440354147759274062e-01
3.003750000000000142e+01 6.467541723843157619e-01
3.006250000000000000e+01 6.492592048315417586e-01
3.008749999999999858e+01 6.508279859366660203e-01
3.011250000000000071e+01 6.510770247582231551e-01
3.013749999999999929e+01 6.500667570137272921e-01
3.016250000000000142e+01 6.481159612957960725e-01
3.018750000000000000e+01 6.455879070218117910e-01
3.021249999999999858e+01 6.428605867053757139e-01
3.023750000000000071e+01 6.404343933436884573e-01
3.026249999999999929e+01 6.389895044460500717e-01
3.028750000000000142e+01 6.392139964543470665e-01
3.031250000000000000e+01 6.414301086411348107e-01
3.033749999999999858e+01 6.453766250420045480e-01
3.036250000000000071e+01 6.503587749747445912e-01
3.038749999999999929e+01 6.554661404768087340e-01
3.041250000000000142e+01 6.595538584283516803e-01
3.043750000000000000e+01 6.613671306023739538e-01
3.046249999999999858e+01 6.601464067192051033e-01
3.048750000000000071e+01 6.562101860629997452e-01
3.051249999999999929e+01 6.508116837265945920e-01
3.053750000000000142e+01 6.453768978055103300e-01
3.056250000000000000e+01 6.407874749657946900e-01
3.058749999999999858e+01 6.372440630575875176e-01
3.061250000000000071e+01 6.347074416217242110e-01
3.063749999999999929e+01 6.333381916972974368e-01
3.066250000000000142e+01 6.333877220323661517e-01
3.068750000000000000e+01 6.348481150602671708e-01
3.071249999999999858e+01 6.376345231225092336e-01
3.073750000000000071e+01 6.422292510666791632e-01
3.076249999999999929e+01 6.496960328033938303e-01
3.078750000000000142e+01 6.607554930416414951e-01
3.081250000000000000e+01 6.755699294753400030e-01
3.083749999999999858e+01 6.956619297114430278e-01
3.086250000000000071e+01 7.259756961510541728e-01
3.088749999999999929e+01 7.717513961138893208e-01
3.091250000000000142e+01 8.297299199506924516e-01
3.093750000000000000e+01 8.834736560909464131e-01
3.096249999999999858e+01 9.122872833522703839e-01
3.098750000000000071e+01 9.068175100246143039e-01
3.101249999999999929e+01 8.749097570913573207e-01
3.103750000000000142e+01 8.344227600510287779e-01
3.106250000000000000e+01 8.039349967870803582e-01
3.108749999999999858e+01 7.989059503230041548e-01
3.111250000000000071e+01 8.325982347900430236e-01
3.113749999999999929e+01 9.174092333562544610e-01
3.116250000000000142e+01 1.062036187161358836e+00
3.118750000000000000e+01 1.263170556430777580e+00
3.121249999999999858e+01 1.497957017304998306e+00
3.123750000000000071e+01 1.726587864507802994e+00
3.126249999999999929e+01 1.906609684905991253e+00
3.128750000000000142e+01 2.008751369654525831e+00
3.131250000000000000e+01 2.024065792386907869e+00
3.133749999999999858e+01 1.962769028944883587e+00
3.136250000000000071e+01 1.848997449932559878e+00
3.138749999999999929e+01 1.710930751232746960e+00
3.141250000000000142e+01 1.569750426098720286e+00
3.143750000000000000e+01 1.437057530938268712e+00
3.146249999999999858e+01 1.321268285874174886e+00
3.148750000000000071e+01 1.233711310989308529e+00
3.151249999999999929e+01 1.188033319302434609e+00
3.153750000000000142e+01 1.193555784483587123e+00
3.156250000000000000e+01 1.246800621881116289e+00
3.158749999999999858e+01 1.326117833989797212e+00
3.161250000000000071e+01 1.393797148317600598e+00
3.163749999999999929e+01 1.409182025470504973e+00
3.166250000000000142e+01 1.351087833125309334e+00
3.168750000000000000e+01 1.232910584302645329e+00
3.171249999999999858e+01 1.092199403664988910e+00
3.173750000000000071e+01 9.635907328643847913e-01
3.176249999999999929e+01 8.623813744168666862e-01
3.178750000000000142e+01 7.879758287992426613e-01
3.181250000000000000e+01 7.341638820942668620e-01
3.183749999999999858e+01 6.951101387967402179e-01
3.186250000000000071e+01 6.667970395907700798e-01
3.188749999999999929e+01 6.466901940012931282e-01
3.191250000000000142e+01 6.327127955534165293e-01
3.193750000000000000e+01 6.227372953935473854e-01
3.196249999999999858e+01 6.148813779825275105e-01
3.198750000000000071e+01 6.079641749570067200e-01
3.201250000000000284e+01 6.015837042984517602e-01
3.203750000000000142e+01 5.959063686774322965e-01
3.206250000000000000e+01 5.913152130241945414e-01
3.208749999999999858e+01 5.879661267994574780e-01
3.211249999999999716e+01 5.855182560301008809e-01
3.213750000000000284e+01 5.832979168668549486e-01
3.216250000000000142e+01 5.807981649033132632e-01
3.218750000000000000e+01 5.780440763313562380e-01
3.221249999999999858e+01 5.754553879576624897e-01
3.223749999999999716e+01 5.733879525907819019e-01
3.226250000000000284e+01 5.718573125591767115e-01
3.228750000000000142e+01 5.706521134072348733e-01
3.231250000000000000e+01 5.695760434536465411e-01
3.233749999999999858e+01 5.685106658785186173e-01
3.236249999999999716e+01 5.673594338588379138e-01
3.238750000000000284e+01 5.660730242682394664e-01
3.241250000000000142e+01 5.647304522912440783e-01
3.243750000000000000e+01 5.635472409207655797e-01
3.246249999999999858e+01 5.628818525761687397e-01
3.248749999999999716e+01 5.632528690209833711e-01
3.251250000000000284e+01 5.652827851233543921e-01
3.253750000000000142e+01 5.695324299006737645e-01
3.256250000000000000e+01 5.763724079960143021e-01
3.258749999999999858e+01 5.857819020929734277e-01
3.261249999999999716e+01 5.969282271936654505e-01
3.263750000000000284e+01 6.078254142347981892e-01
3.266250000000000142e+01 6.157883669480918032e-01
3.268750000000000000e+01 6.187314512175676740e-01
3.271249999999999858e+01 6.162807899330500216e-01
3.273749999999999716e+01 6.097662375573293936e-01
3.276250000000000284e+01 6.013651871083167677e-01
3.278750000000000142e+01 5.932057567600389492e-01
3.281250000000000000e+01 5.867707198633194121e-01
3.283749999999999858e+01 5.825869914059362831e-01
3.286249999999999716e+01 5.803319093179776234e-01
3.288750000000000284e+01 5.793908407224768187e-01
3.291250000000000142e+01 5.794803646647725959e-01
3.293750000000000000e+01 5.808396454300722711e-01
3.296249999999999858e+01 5.840901031464291737e-01
3.298749999999999716e+01 5.901791987880166124e-01
3.301250000000000284e+01 6.005243754636750975e-01
3.303750000000000142e+01 6.169785133361529450e-01
3.306250000000000000e+01 6.415652220877118284e-01
3.308749999999999858e+01 6.750731337221064221e-01
3.311249999999999716e+01 7.136319534593178471e-01
3.313750000000000284e+01 7.463272787198241831e-01
3.316250000000000142e+01 7.598421669059549632e-01
3.318750000000000000e+01 7.482257397583805814e-01
3.321249999999999858e+01 7.172372241016912175e-01
3.323749999999999716e+01 6.793883863151009006e-01
3.326250000000000284e+01 6.464466589791607598e-01
3.328750000000000142e+01 6.249566357280905704e-01
3.331250000000000000e+01 6.153676348383601002e-01
3.333749999999999858e+01 6.141819745444621059e-01
3.336249999999999716e+01 6.173739161249635066e-01
3.338750000000000284e+01 6.225123048788850921e-01
3.341250000000000142e+01 6.288937725327254924e-01
3.343750000000000000e+01 6.372691752399946008e-01
3.346249999999999858e+01 6.501744414735657340e-01
3.348749999999999716e+01 6.716016472177614993e-01
3.351250000000000284e+01 7.046753000960639390e-01
3.353750000000000142e+01 7.480464926304082329e-01
3.356250099999999748e+01 7.946502415269434128e-01
3.358750100000000316e+01 8.348961159220706918e-01
3.361250100000000174e+01 8.616993280672003985e-01
3.363750100000000032e+01 8.726124380134965275e-01
3.366250099999999890e+01 8.678511552569969645e-01
3.368750099999999748e+01 8.471029584187248496e-01
3.371250100000000316e+01 8.089850167695413763e-01
3.373750100000000174e+01 7.553159665859898730e-01
3.376250100000000032e+01 6.957104658767856442e-01
3.378750099999999890e+01 6.440238748181983386e-01
3.381250099999999748e+01 6.084657762833872718e-01
3.383750100000000316e+01 5.872433726981421964e-01
3.386250100000000174e+01 5.737566731133563191e-01
3.388750100000000032e+01 5.634874146767865355e-01
3.391250099999999890e+01 5.556534137408312146e-01
3.393750099999999748e+01 5.506615604583637857e-01
3.396250100000000316e+01 5.480363471811064979e-01
3.398750100000000174e+01 5.467298383518282012e-01
3.401250100000000032e+01 5.463730034415575920e-01
3.403750099999999890e+01 5.472323285990539077e-01
3.406250099999999748e+01 5.491264012136449768e-01
3.408750100000000316e+01 5.512614385234976266e-01
3.411250100000000174e+01 5.532882398008603930e-01
3.413750100000000032e+01 5.556716031997530614e-01
3.416250099999999890e+01 5.584722793412196795e-01
3.418750099999999748e+01 5.605622220654356003e-01
3.421250100000000316e+01 5.609646554249225758e-01
3.423750100000000174e+01 5.602932648047727060e-01
3.426250100000000032e+01 5.597402245970882761e-01
3.428750099999999890e+01 5.593860334718216976e-01
3.431250099999999748e+01 5.589588272448944295e-01
3.433750100000000316e+01 5.595128851141997206e-01
3.436250100000000174e+01 5.624412838155224970e-01
3.438750100000000032e+01 5.670093908646496317e-01
3.441250099999999890e+01 5.707823730219507841e-01
3.443750099999999748e+01 5.727998682492080329e-01
3.446250100000000316e+01 5.745500810891428500e-01
3.448750100000000174e+01 5.770390100125490918e-01
3.451250100000000032e+01 5.788271989772514337e-01
3.453750099999999890e+01 5.787355974277954562e-01
3.456250099999999748e+01 5.790172435715471577e-01
3.458750100000000316e+01 5.833120900935337971e-01
3.461250100000000174e+01 5.918676300847960370e-01
3.463750100000000032e+01 6.013337704263492789e-01
3.466250099999999890e+01 6.095388775176536766e-01
3.468750099999999748e+01 6.177369391751578176e-01
3.471250100000000316e+01 6.267690792571490865e-01
3.473750100000000174e+01 6.340190978487920681e-01
3.476250100000000032e+01 6.376549267095292794e-01
3.478750099999999890e+01 6.413850385574068058e-01
3.481250099999999748e+01 6.498526428230527729e-01
3.483750100000000316e+01 6.605310562469530744e-01
3.486250100000000174e+01 6.669739768476452557e-01
3.488750100000000032e+01 6.706581967094668029e-01
3.491250099999999890e+01 6.816385851683719466e-01
3.493750099999999748e+01 7.041185513232706139e-01
3.496250100000000316e+01 7.294326044095656991e-01
3.498750100000000174e+01 7.501352204059780204e-01
3.501250100000000032e+01 7.730643000819482635e-01
3.503750099999999890e+01 8.070246480993841232e-01
3.506250099999999748e+01 8.433202443669982618e-01
3.508750100000000316e+01 8.659378581539951547e-01
3.511250100000000174e+01 8.838583186334044717e-01
3.513750100000000032e+01 9.330197774278732314e-01
3.516250099999999890e+01 1.035000286625643140e+00
3.518750099999999748e+01 1.169596601776811795e+00
3.521250100000000316e+01 1.315309136788546995e+00
3.523750100000000174e+01 1.504604881832243279e+00
3.526250100000000032e+01 1.794789185178246926e+00
3.528750099999999890e+01 2.189084281876778171e+00
3.531250099999999748e+01 2.670891803338260928e+00
3.533750100000000316e+01 3.352865453678282037e+00
3.536250100000000174e+01 4.439358103855143511e+00
3.538750100000000032e+01 5.855775789994494218e+00
3.541250099999999890e+01 6.986556522381708767e+00
3.543750099999999748e+01 7.058453002903813278e+00
3.546250100000000316e+01 5.884332029650739315e+00
3.548750100000000174e+01 4.071087686904593994e+00
3.551250100000000032e+01 2.446943593808803552e+00
3.553750099999999890e+01 1.436790594421551104e+00
3.556250099999999748e+01 9.910159842312662448e-01
3.558750100000000316e+01 8.827216539811666429e-01
3.561250100000000174e+01 9.382269843124455555e-01
3.563750100000000032e+01 1.070023378088037269e+00
3.566250099999999890e+01 1.224267718887587453e+00
3.568750099999999748e+01 1.344737040881102352e+00
3.571250100000000316e+01 1.378411912832843145e+00
3.573750100000000174e+01 1.304122162400399798e+00
3.576250100000000032e+01 1.146724032946186966e+00
3.578750099999999890e+01 9.612519602265641172e-01
3.581250099999999748e+01 7.995712832854089402e-01
3.583750100000000316e+01 6.865653870888152044e-01
3.586250100000000174e+01 6.192908895479020126e-01
3.588750100000000032e+01 5.819819232503582462e-01
3.591250099999999890e+01 5.606110096696201861e-01
3.593750099999999748e+01 5.474222084689026602e-01
3.596250100000000316e+01 5.385917324821087870e-01
3.598750100000000174e+01 5.320621778358950449e-01
3.601250100000000032e+01 5.272374062264857386e-01
3.603750099999999890e+01 5.243292687452243417e-01
3.606250099999999748e+01 5.232971278657777559e-01
3.608750100000000316e+01 5.236220621574224632e-01
3.611250100000000174e+01 5.247102162715515661e-01
3.613750100000000032e+01 5.259771977237251983e-01
3.616250099999999890e+01 5.267906957249864908e-01
3.618750099999999748e+01 5.267556443827963175e-01
3.621250100000000316e+01 5.259061723607104666e-01
3.623750100000000174e+01 5.243260559869225013e-01
3.626250100000000032e+01 5.217370999493375905e-01
3.628750099999999890e+01 5.177661823163022259e-01
3.631250099999999748e+01 5.125607756788937985e-01
3.633750100000000316e+01 5.069672975635909351e-01
3.636250100000000174e+01 5.021690192182035606e-01
3.638750100000000032e+01 4.992029185314688089e-01
3.641250099999999890e+01 4.985307729329611082e-01
3.643750099999999748e+01 4.997525342380929603e-01
3.646250100000000316e+01 5.018163627907029634e-01
3.648750100000000174e+01 5.038715788591345834e-01
3.651250100000000032e+01 5.059730634052099774e-01
3.653750099999999890e+01 5.088769462506188557e-01
3.656250099999999748e+01 5.131284674039405802e-01
3.658750100000000316e+01 5.183622171557313862e-01
3.661250100000000174e+01 5.232042520389541540e-01
3.663750100000000032e+01 5.256690806094371782e-01
3.666250099999999890e+01 5.239394990436228028e-01
3.668750099999999748e+01 5.173804756556524831e-01
3.671250100000000316e+01 5.072278594988094413e-01
3.673750100000000174e+01 4.961482817341539286e-01
3.676250100000000032e+01 4.866143456833905701e-01
3.678750099999999890e+01 4.795613714366616653e-01
3.681250099999999748e+01 4.746245268809510254e-01
3.683750100000000316e+01 4.711799503544500389e-01
3.686250100000000174e+01 4.687410148243727481e-01
3.688750100000000032e+01 4.669071265130109172e-01
3.691250099999999890e+01 4.656120447970828469e-01
3.693750099999999748e+01 4.652501008146303074e-01
3.696250100000000316e+01 4.660629332524984791e-01
3.698750100000000174e+01 4.675747142325757943e-01
3.701250100000000032e+01 4.688148873473497735e-01
3.703750099999999890e+01 4.688132439059313206e-01
3.706250099999999748e+01 4.668690227321224961e-01
3.708750100000000316e+01 4.629663233680409995e-01
3.711250100000000174e+01 4.582293831859859945e-01
3.713750100000000032e+01 4.545264919245066704e-01
3.716250099999999890e+01 4.530597237584538250e-01
3.718750099999999748e+01 4.532890756456158243e-01
3.721250100000000316e+01 4.536758468188527571e-01
3.723750100000000174e+01 4.536138649263332656e-01
3.726250100000000032e+01 4.540236199922159654e-01
3.728750099999999890e+01 4.559628288841270916e-01
3.731250099999999748e+01 4.599044425883674347e-01
3.733750100000000316e+01 4.668024135093628013e-01
3.736250100000000174e+01 4.777602332342567593e-01
3.738750100000000032e+01 4.915950512433497899e-01
3.741250099999999890e+01 5.061496352500775009e-01
3.743750099999999748e+01 5.255940204459065290e-01
3.746250100000000316e+01 5.630527823527784470e-01
3.748750100000000174e+01 6.277881958314743827e-01
3.751250100000000032e+01 7.079396825051110786e-01
3.753750099999999890e+01 7.739034670407783922e-01
3.756250099999999748e+01 8.035310806504918357e-01
3.758750100000000316e+01 7.968991816737894807e-01
3.761250100000000174e+01 7.626105103610907321e-01
3.763750100000000032e+01 7.023364670759815187e-01
3.766250099999999890e+01 6.187530865805731528e-01
3.768750099999999748e+01 5.282691690913389193e-01
3.771250100000000316e+01 4.535384455612916921e-01
3.773750100000000174e+01 4.063480847989591194e-01
3.776250100000000032e+01 3.832448815005742304e-01
3.778750099999999890e+01 3.741544113883928935e-01
3.781250099999999748e+01 3.707729421984522489e-01
3.783750100000000316e+01 3.688523493390069019e-01
3.786250100000000174e+01 3.669867913682468563e-01
3.788750100000000032e+01 3.650416668122701269e-01
3.791250099999999890e+01 3.632647160167313816e-01
3.793750099999999748e+01 3.619791006542742995e-01
3.796250100000000316e+01 3.615281333504887784e-01
3.798750100000000174e+01 3.623134343866502016e-01
3.801250100000000032e+01 3.647501327387506209e-01
3.803750099999999890e+01 3.691954124337913368e-01
3.806250099999999748e+01 3.758069026627390841e-01
3.808750100000000316e+01 3.843244836156806676e-01
3.811250100000000174e+01 3.938095741142771944e-01
3.813750100000000032e+01 4.023999519408786307e-01
3.816250099999999890e+01 4.072484157716769748e-01
3.818750099999999748e+01 4.052849798059785513e-01
3.821250100000000316e+01 3.951561305802736013e-01
3.823750100000000174e+01 3.788489997271947129e-01
3.826250100000000032e+01 3.608405468754167233e-01
3.828750099999999890e+01 3.452298311377422491e-01
3.831250099999999748e+01 3.336380459994402470e-01
3.833750100000000316e+01 3.254587363868417516e-01
3.836250100000000174e+01 3.194727981476051526e-01
3.838750100000000032e+01 3.149980931696929609e-01
3.841250099999999890e+01 3.118617664100578057e-01
3.843750099999999748e+01 3.099306756667912777e-01
3.846250100000000316e+01 3.089053189216243167e-01
3.848750100000000174e+01 3.084612057425982767e-01
3.851250100000000032e+01 3.084042597019730492e-01
3.853750099999999890e+01 3.087151935854542395e-01
3.856250099999999748e+01 3.093760163069735336e-01
3.858750100000000316e+01 3.100384071545779774e-01
3.861250100000000174e+01 3.098740918924612342e-01
3.863750100000000032e+01 3.079615995206967938e-01
3.866250099999999890e+01 3.039615648368776957e-01
3.868750099999999748e+01 2.983883937852583879e-01
3.871250100000000316e+01 2.922165344915592655e-01
3.873750100000000174e+01 2.862888396992438467e-01
3.876250100000000032e+01 2.809853528781654508e-01
3.878750099999999890e+01 2.762315370398744641e-01
3.881250099999999748e+01 2.717244250210494871e-01
3.883750100000000316e+01 2.671974088358112787e-01
3.886250100000000174e+01 2.625594685584472510e-01
3.888750100000000032e+01 2.578962804255626184e-01
3.891250099999999890e+01 2.533924763402187197e-01
3.893750099999999748e+01 2.492781291622953033e-01
3.896250100000000316e+01 2.458044125484191433e-01
3.898750100000000174e+01 2.432041727185407509e-01
3.901250100000000032e+01 2.415624087420117361e-01
3.903750099999999890e+01 2.407061245182410547e-01
3.906250099999999748e+01 2.402652467365637423e-01
3.908750100000000316e+01 2.398899832369919549e-01
3.911250100000000174e+01 2.394133065164872343e-01
3.913750100000000032e+01 2.388146711899928887e-01
3.916250099999999890e+01 2.380658090692980289e-01
3.918750099999999748e+01 2.370503566506676485e-01
3.921250100000000316e+01 2.356090983773783953e-01
3.923750100000000174e+01 2.336070320415682411e-01
3.926250100000000032e+01 2.309877787269273841e-01
3.928750099999999890e+01 2.278427853511634793e-01
3.931250099999999748e+01 2.244360232651806397e-01
3.933750100000000316e+01 2.210990341418450633e-01
3.936250100000000174e+01 2.180519938428133186e-01
3.938750100000000032e+01 2.152808260830790243e-01
3.941250099999999890e+01 2.125864327842536261e-01
3.943750099999999748e+01 2.098436174686123534e-01
3.946250100000000316e+01 2.072254855989445754e-01
3.948750100000000174e+01 2.051158928589221220e-01
3.951250100000000032e+01 2.037734839217272831e-01
3.953750099999999890e+01 2.030962344992488511e-01
3.956250099999999748e+01 2.026777208049462820e-01
3.958750100000000316e+01 2.020648684226511449e-01
3.961250100000000174e+01 2.009950943485191432e-01
3.963750100000000032e+01 1.994470972530725250e-01
3.966250099999999890e+01 1.975036294900001099e-01
3.968750099999999748e+01 1.951920984439402540e-01
3.971250100000000316e+01 1.925058649448753156e-01
3.973750100000000174e+01 1.895337970961772922e-01
3.976250100000000032e+01 1.865148271257890400e-01
3.978750099999999890e+01 1.837484054183430859e-01
3.981250099999999748e+01 1.814571857524786003e-01
3.983750100000000316e+01 1.796985001259199799e-01
3.986250100000000174e+01 1.783723537308469775e-01
3.988750100000000032e+01 1.773283084980629698e-01
3.991250099999999890e+01 1.765094189891401877e-01
3.993750099999999748e+01 1.759952118333014404e-01
3.996250100000000316e+01 1.758313769420777606e-01
3.998750100000000174e+01 1.758625906264055794e-01
