0.000000 1.000000000000
0.087500 0.405324786635
0.112500 0.164330933789
0.137500 0.066642079279
0.162500 0.000000245720
0.187500 0.000000017713
0.212500 0.000000000000
0.237500 0.019068257652
0.262500 0.013601742418
0.287500 0.000000007883
0.312500 0.000001028544
0.337500 0.000430142301
0.362500 0.000063516460
0.387500 0.002289979646
0.412500 0.003042571273
0.437500 0.000000002085
0.462500 0.000224389414
0.487500 0.000031334562
0.512500 0.000001240185
0.537500 0.000690073819
0.562500 0.000928222402
0.587500 0.000113627207
0.612500 0.000077467845
0.637500 0.000000569310
0.662500 0.000006832040
0.687500 0.000250717444
0.712500 0.000003597257
0.737500 0.000349605002
0.762500 0.000033178051
0.787500 0.000010098965
0.812500 0.000004831260
0.837500 0.000095125740
0.862500 0.000006007262
0.887500 0.000167668305
0.912500 0.000021413082
0.937500 0.000011011890
0.962500 0.000002076386
0.987500 0.000060682125
1.012500 0.000004900236
1.037500 0.000001609787
1.062500 0.000085955018
1.087500 0.000006611454
1.112500 0.000001390659
1.137500 0.000042074431
1.162500 0.000002563122
1.187500 0.000000616590
1.212500 0.000053903272
1.237500 0.000003628683
1.262500 0.000000493220
1.287500 0.000042187776
1.312500 0.000005663140
1.337500 0.000000855116
1.362500 0.000007161538
1.387500 0.000032591316
1.412500 0.000002409021
1.437500 0.000003075085
1.462500 0.000001897068
1.487500 0.000000840574
1.512500 0.000000206629
1.537500 0.000018486174
1.562500 0.000001457405
1.587500 0.000000597483
1.612500 0.000005638515
1.637500 0.000000334688
1.662500 0.000000272259
1.687500 0.000000162078
1.712500 0.000008417901
1.737500 0.000000216014
1.762500 0.000004700852
1.787500 0.000004634964
1.812500 0.000000447810
1.837500 0.000000301841
1.862500 0.000020846461
1.887500 0.000001412339
1.912500 0.000004037163
1.937500 0.000000236118
1.962500 0.000000242683
1.987500 0.000001857352
2.012500 0.000000159662
2.037500 0.000010343500
2.062500 0.000004185196
2.087500 0.000000168671
2.112500 0.000000375278
2.137500 0.000002124975
2.162500 0.000000126864
2.187500 0.000007230883
2.212500 0.000002317382
2.237500 0.000000366112
2.262500 0.000000147243
2.287500 0.000000533966
2.312500 0.000000122212
2.337500 0.000000056907
2.362500 0.000005558947
2.387500 0.000000246299
2.412500 0.000000071984
2.437500 0.000000469692
2.462500 0.000000095677
2.487500 0.000000031249
2.512500 0.000005182903
2.537500 0.000000397471
2.562500 0.000000096031
2.587500 0.000000291113
2.612500 0.000000145729
2.637500 0.000000025580
2.662500 0.000003862141
2.687500 0.000003112388
2.712500 0.000000174166
2.737500 0.000002775880
2.762500 0.000000236652
2.787500 0.000000099458
2.812500 0.000000429830
2.837500 0.000002115699
2.862500 0.000000227950
2.887500 0.000000146473
2.912500 0.000000052991
2.937500 0.000000059520
2.962500 0.000000176865
2.987500 0.000000198110
3.012500 0.000001673641
3.037500 0.000000065865
3.062500 0.000000154361
3.087500 0.000000059966
3.112500 0.000000021974
3.137500 0.000000479482
3.162500 0.000001618235
3.187500 0.000000225991
3.212500 0.000000070312
3.237500 0.000000032951
3.262500 0.000000164424
3.287500 0.000000570602
3.312500 0.000000078831
3.337500 0.000001120843
3.362500 0.000000703558
3.387500 0.000000088434
3.412500 0.000000117591
3.437500 0.000000864680
3.462500 0.000000143367
3.487500 0.000000724948
3.512500 0.000000914607
3.537500 0.000000123975
3.562500 0.000000054246
3.587500 0.000001770290
3.612500 0.000000150341
3.637500 0.000000047306
3.662500 0.000003314167
3.687500 0.000000176312
3.712500 0.000000068892
3.737500 0.000000171955
3.762500 0.000000142113
3.787500 0.000000026662
3.812500 0.000001550318
3.837500 0.000000177444
3.862500 0.000000062708
3.887500 0.000000291301
3.912500 0.000000136737
3.937500 0.000000020784
3.962500 0.000000330280
3.987500 0.000001326274
4.012500 0.000000247957
4.037500 0.000001167983
4.062500 0.000000322482
4.087500 0.000000087079
4.112500 0.000001431000
4.137500 0.000000647335
4.162500 0.000000430161
4.187500 0.000000385214
4.212500 0.000000482376
4.237500 0.000000133235
4.262500 0.000000264338
4.287500 0.000000175206
4.312500 0.000000812241
4.337500 0.000000205468
4.362500 0.000000063588
4.387500 0.000000105195
4.412500 0.000000150647
4.437500 0.000000087915
4.462500 0.000000846838
4.487500 0.000000168997
4.512500 0.000000304996
4.537500 0.000000216429
4.562500 0.000000048634
4.587500 0.000000106245
4.612500 0.000000101673
4.637500 0.000003338510
4.662500 0.000000508974
4.687500 0.000000051328
4.712500 0.000004821044
4.737500 0.000000433639
4.762500 0.000000106616
4.787500 0.000001208889
4.812500 0.000000525759
4.837500 0.000000482312
4.862500 0.000000051052
4.887500 0.000000932693
4.912500 0.000000051661
4.937500 0.000000101259
4.962500 0.000000349412
4.987500 0.000000031275
5.012500 0.000000113977
5.037500 0.000000262043
5.062500 0.000000074855
5.087500 0.000000055868
5.112500 0.000000191123
5.137500 0.000000069489
5.162500 0.000000031119
5.187500 0.000000260461
5.212500 0.000000118349
5.237500 0.000000030269
5.262500 0.000000201443
5.287500 0.000000356283
5.312500 0.000000074475
5.337500 0.000000233084
5.362500 0.000000451691
5.387500 0.000000148278
5.412500 0.000000520077
5.437500 0.000000294267
5.462500 0.000000195864
5.487500 0.000000916970
5.512500 0.000000112899
5.537500 0.000000267039
5.562500 0.000000317710
5.587500 0.000000134383
5.612500 0.000000233931
5.637500 0.000000161347
5.662500 0.000000147856
5.687500 0.000000133258
5.712500 0.000000192271
5.737500 0.000000144716
5.762500 0.000000548928
5.787500 0.000000299664
5.812500 0.000000084174
5.837500 0.000000041581
5.862500 0.000000648138
5.887500 0.000000104925
5.912500 0.000000056479
5.937500 0.000000194091
5.962500 0.000000130921
5.987500 0.000000264077
6.012500 0.000000077818
6.037500 0.000000411552
6.062500 0.000000105304
6.087500 0.000000075235
6.112500 0.000000227689
6.137500 0.000000085423
6.162500 0.000000078093
6.187500 0.000000533333
6.212500 0.000000272100
6.237500 0.000000138431
6.262500 0.000000836659
6.287500 0.000000550610
6.312500 0.000000220296
6.337500 0.000000483134
6.362500 0.000000144827
6.387500 0.000000135207
6.412500 0.000000263330
6.437500 0.000000113145
6.462500 0.000000121108
6.487500 0.000000443745
6.512500 0.000000167019
6.537500 0.000000191308
6.562500 0.000000718709
6.587500 0.000000320227
6.612500 0.000000134097
6.637500 0.000000278935
6.662500 0.000000398682
6.687500 0.000000323333
6.712500 0.000000386676
6.737500 0.000000767513
6.762500 0.000000339413
6.787500 0.000000376008
6.812500 0.000000930887
6.837500 0.000001921901
6.862500 0.000001173960
6.887500 0.000001845134
6.912500 0.000003920004
6.937500 0.000001890366
6.962500 0.000001118966
6.987500 0.000002117488
7.012500 0.000001201214
7.037500 0.000000484267
7.062500 0.000000523815
7.087500 0.000000496538
7.112500 0.000000271594
7.137500 0.000000323500
7.162500 0.000000508362
7.187500 0.000000168243
7.212500 0.000000174599
7.237500 0.000000527116
7.262500 0.000000226174
7.287500 0.000000160554
7.312500 0.000000407528
7.337500 0.000000155128
7.362500 0.000000127071
7.387500 0.000000683221
7.412500 0.000000243863
7.437500 0.000000135844
7.462500 0.000000263670
7.487500 0.000000422142
7.512500 0.000000182814
7.537500 0.000000322873
7.562500 0.000000684965
7.587500 0.000000222234
7.612500 0.000000251973
7.637500 0.000000657297
7.662500 0.000000267535
7.687500 0.000000205747
7.712500 0.000000541914
7.737500 0.000000209838
7.762500 0.000000370307
7.787500 0.000000606379
7.812500 0.000000401245
7.837500 0.000000259363
7.862500 0.000000734095
7.887500 0.000000620767
7.912500 0.000000684380
7.937500 0.000001008366
7.962500 0.000000603054
7.987500 0.000000734578
8.012500 0.000000772586
8.037500 0.000000585041
8.062500 0.000000765494
8.087500 0.000001153164
8.112500 0.000000657216
8.137500 0.000000338091
8.162500 0.000000608183
8.187500 0.000000388017
8.212500 0.000000130586
8.237500 0.000000670579
8.262500 0.000000198278
8.287500 0.000000344835
8.312500 0.000000453161
8.337500 0.000000242293
8.362500 0.000000240537
8.387500 0.000000355081
8.412500 0.000000294704
8.437500 0.000000177314
8.462500 0.000000418587
8.487500 0.000000266008
8.512500 0.000000383231
8.537500 0.000000870992
8.562500 0.000000373841
8.587500 0.000000475293
8.612500 0.000000712920
8.637500 0.000000308701
8.662500 0.000000231138
8.687500 0.000000341921
8.712500 0.000000221149
8.737500 0.000000211856
8.762500 0.000000653872
8.787500 0.000000184892
8.812500 0.000000464773
8.837500 0.000000524476
8.862500 0.000000471694
8.887500 0.000000350634
8.912500 0.000000936971
8.937500 0.000000447502
8.962500 0.000000310605
8.987500 0.000000376499
9.012500 0.000000407810
9.037500 0.000000373778
9.062500 0.000000273841
9.087500 0.000000498038
9.112500 0.000000267343
9.137500 0.000000415064
9.162500 0.000000378520
9.187500 0.000000359693
9.212500 0.000000351820
9.237500 0.000000672402
9.262500 0.000000277761
9.287500 0.000000497258
9.312500 0.000000331832
9.337500 0.000000467799
9.362500 0.000001302061
9.387500 0.000000565205
9.412500 0.000000471876
9.437500 0.000002577689
9.462500 0.000000783774
9.487500 0.000000423091
9.512500 0.000000978671
9.537500 0.000000495010
9.562500 0.000000777658
9.587500 0.000000247950
9.612500 0.000001431181
9.637500 0.000000285468
9.662500 0.000000970759
9.687500 0.000000562303
9.712500 0.000000366863
9.737500 0.000000660227
9.762500 0.000000481419
9.787500 0.000000724170
9.812500 0.000000504739
9.837500 0.000001049040
9.862500 0.000000621350
9.887500 0.000000502771
9.912500 0.000000894615
9.937500 0.000000390964
9.962500 0.000000761923
9.987500 0.000001053785
10.012500 0.000000613143
10.037500 0.000001091415
10.062500 0.000000780036
10.087500 0.000000790850
10.112500 0.000000701669
10.137500 0.000001419178
10.162500 0.000000562727
10.187500 0.000000583294
10.212500 0.000000989430
10.237500 0.000000559283
10.262500 0.000000616441
10.287500 0.000001406305
10.312500 0.000000642636
10.337500 0.000000659983
10.362500 0.000000853740
10.387500 0.000000502916
10.412500 0.000000596483
10.437500 0.000000720907
10.462500 0.000000553727
10.487500 0.000001052744
10.512500 0.000000358548
10.537500 0.000001048274
10.562500 0.000000481678
10.587500 0.000000764491
10.612500 0.000000667510
10.637500 0.000000328781
10.662500 0.000000362610
10.687500 0.000000401407
10.712500 0.000000445779
10.737500 0.000000833652
10.762500 0.000001028216
10.787500 0.000000520688
10.812500 0.000000597825
10.837500 0.000001546134
10.862500 0.000000748714
10.887500 0.000000486641
10.912500 0.000000968063
10.937500 0.000000588037
10.962500 0.000000292143
10.987500 0.000001012751
11.012500 0.000000281498
11.037500 0.000000676242
11.062500 0.000001381217
11.087500 0.000000615314
11.112500 0.000001124643
11.137500 0.000002483631
11.162500 0.000001192343
11.187500 0.000001180038
11.212500 0.000001851678
11.237500 0.000001134547
11.262500 0.000000713352
11.287500 0.000000902403
11.312500 0.000000711150
11.337500 0.000000580158
11.362500 0.000000762179
11.387500 0.000000547605
11.412500 0.000000441580
11.437500 0.000001027969
11.462500 0.000000498435
11.487500 0.000000818183
11.512500 0.000003065239
11.537500 0.000001309637
11.562500 0.000000403823
11.587500 0.000002167136
11.612500 0.000000838411
11.637500 0.000000821653
11.662500 0.000001208144
11.687500 0.000001158873
11.712500 0.000000752587
11.737500 0.000000765955
11.762500 0.000000897781
11.787500 0.000000572343
11.812500 0.000000711693
11.837500 0.000000503223
11.862500 0.000000629124
11.887500 0.000000763576
11.912500 0.000000880391
11.937500 0.000000832480
11.962500 0.000001073783
11.987500 0.000002416317
12.012500 0.000000719487
12.037500 0.000000650317
12.062500 0.000000900136
12.087500 0.000000545370
12.112500 0.000000409642
12.137500 0.000006932470
12.162500 0.000000860466
12.187500 0.000000545647
12.212500 0.000017305578
12.237500 0.000001030744
12.262500 0.000000540241
12.287500 0.000008520331
12.312500 0.000001547526
12.337500 0.000000989936
12.362500 0.000001004699
12.387500 0.000000659217
12.412500 0.000001339767
12.437500 0.000004632569
12.462500 0.000008317680
12.487500 0.000005696930
12.512500 0.000008704748
12.537500 0.000022051606
12.562500 0.000009708574
12.587500 0.000002426598
12.612500 0.000013170088
12.637500 0.000005157082
12.662500 0.000002074036
12.687500 0.000002347972
12.712500 0.000001532265
12.737500 0.000001392088
12.762500 0.000001652320
12.787500 0.000001703854
12.812500 0.000008279555
12.837500 0.000001115070
12.862500 0.000001081913
12.887500 0.000015979539
12.912500 0.000001369384
12.937500 0.000001475567
12.962500 0.000006971692
12.987500 0.000001084948
13.012500 0.000001832578
13.037500 0.000001728546
13.062500 0.000001127516
13.087500 0.000001540466
13.112500 0.000002380368
13.137500 0.000000973079
13.162500 0.000002838314
13.187500 0.000002234200
13.212500 0.000001324955
13.237500 0.000002476929
13.262500 0.000002388956
13.287500 0.000001674370
13.312500 0.000004045583
13.337500 0.000008734082
13.362500 0.000005270946
13.387500 0.000009079006
13.412500 0.000018994863
13.437500 0.000010071795
13.462500 0.000005642642
13.487500 0.000008146959
13.512500 0.000006040156
13.537500 0.000001633102
13.562500 0.000002343755
13.587500 0.000003856421
13.612500 0.000002487421
13.637500 0.000004474763
13.662500 0.000002838287
13.687500 0.000003813062
13.712500 0.000004058960
13.737500 0.000009058872
13.762500 0.000005414083
13.787500 0.000016603210
13.812500 0.000004098417
13.837500 0.000012254424
13.862500 0.000015898962
13.887500 0.000012710558
13.912500 0.000008467843
13.937500 0.000017860350
13.962500 0.000008536407
13.987500 0.000007470997
14.012500 0.000009000891
14.037500 0.000005576761
14.062500 0.000005301905
14.087500 0.000003296944
14.112500 0.000004459820
14.137500 0.000004629192
14.162500 0.000006813438
14.187500 0.000007469958
14.212500 0.000008322423
14.237500 0.000009438359
14.262500 0.000008595622
14.287500 0.000004223932
14.312500 0.000003333563
14.337500 0.000004617281
14.362500 0.000005425354
14.387500 0.000002515965
14.412500 0.000006732393
14.437500 0.000010196365
14.462500 0.000003429389
14.487500 0.000005278032
14.512500 0.000005612728
14.537500 0.000003296389
14.562500 0.000002607389
14.587500 0.000002139264
14.612500 0.000003405404
14.637500 0.000005869863
14.662500 0.000004761421
14.687500 0.000008291862
14.712500 0.000011247259
14.737500 0.000013996688
14.762500 0.000014623805
14.787500 0.000008503160
14.812500 0.000015871959
14.837500 0.000008812921
14.862500 0.000006385274
14.887500 0.000003731104
14.912500 0.000004152941
14.937500 0.000003412140
14.962500 0.000002926415
14.987500 0.000004213147
15.012500 0.000004130779
15.037500 0.000005815121
15.062500 0.000005666943
15.087500 0.000006883072
15.112500 0.000005266332
15.137500 0.000004171575
15.162500 0.000003112258
15.187500 0.000002462199
15.212500 0.000002071931
15.237500 0.000002379402
15.262500 0.000001435399
15.287500 0.000002894179
15.312500 0.000002464667
15.337500 0.000002331888
15.362500 0.000002388796
15.387500 0.000002521853
15.412500 0.000002389552
15.437500 0.000001936295
15.462500 0.000001893615
15.487500 0.000001713673
15.512500 0.000001330576
15.537500 0.000001293393
15.562500 0.000001496116
15.587500 0.000000802344
15.612500 0.000001719291
15.637500 0.000001508856
15.662500 0.000001118491
15.687500 0.000002168423
15.712500 0.000001645412
15.737500 0.000001673499
15.762500 0.000001655055
15.787500 0.000001087383
15.812500 0.000001682893
15.837500 0.000001809936
15.862500 0.000001762979
15.887500 0.000001163090
15.912500 0.000001484128
15.937500 0.000001542256
15.962500 0.000001925394
15.987500 0.000001596666
16.012500 0.000002057345
16.037500 0.000001751831
16.062500 0.000001659843
16.087500 0.000001342418
16.112500 0.000001220722
16.137500 0.000001127179
16.162500 0.000001111724
16.187500 0.000001010814
16.212500 0.000001058909
16.237500 0.000000896763
16.262500 0.000001135638
16.287500 0.000000793066
16.312500 0.000001130790
16.337500 0.000001223227
16.362500 0.000001004137
16.387500 0.000001176699
16.412500 0.000001065363
16.437500 0.000001640521
16.462500 0.000001233323
16.487500 0.000001733042
16.512500 0.000001768535
16.537500 0.000000980163
16.562500 0.000001390098
16.587500 0.000001196246
16.612500 0.000000916449
16.637500 0.000000951630
16.662500 0.000001082037
16.687500 0.000001075914
16.712500 0.000001068285
16.737500 0.000000972604
16.762500 0.000000978572
16.787500 0.000001017603
16.812500 0.000000886440
16.837500 0.000000957837
16.862500 0.000001295193
16.887500 0.000001174318
16.912500 0.000001130114
16.937500 0.000001530900
16.962500 0.000001181062
16.987500 0.000001220759
17.012500 0.000001035919
17.037500 0.000001018887
17.062500 0.000000997820
17.087500 0.000000923680
17.112500 0.000000689555
17.137500 0.000000981671
17.162500 0.000000761792
17.187500 0.000000763179
17.212500 0.000000821656
17.237500 0.000000852309
17.262500 0.000000679380
17.287500 0.000000872739
17.312500 0.000000999758
17.337500 0.000000894598
17.362500 0.000000945626
17.387500 0.000000986773
17.412500 0.000000919197
17.437500 0.000000920071
17.462500 0.000001154911
17.487500 0.000000701864
17.512500 0.000001056494
17.537500 0.000000786352
17.562500 0.000001012986
17.587500 0.000001012567
17.612500 0.000001011696
17.637500 0.000000912794
17.662500 0.000001072660
17.687500 0.000001078724
17.712500 0.000000744157
17.737500 0.000001026653
17.762500 0.000000787002
17.787500 0.000000893889
17.812500 0.000000845613
17.837500 0.000001065302
17.862500 0.000001313186
17.887500 0.000000873848
17.912500 0.000002071095
17.937500 0.000000844341
17.962500 0.000002435686
17.987500 0.000001418970
18.012500 0.000002325152
18.037500 0.000001163478
18.062500 0.000001476270
18.087500 0.000002369762
18.112500 0.000000858551
18.137500 0.000004676981
18.162500 0.000004645240
18.187500 0.000002207673
18.212500 0.000010458666
18.237500 0.000005938465
18.262500 0.000004799992
18.287500 0.000000943722
18.312500 0.000002455881
18.337500 0.000001430753
18.362500 0.000001139579
18.387500 0.000001805842
18.412500 0.000001842527
18.437500 0.000002489933
18.462500 0.000001200051
18.487500 0.000002535253
18.512500 0.000002137821
18.537500 0.000001311308
18.562500 0.000001487649
18.587500 0.000001257534
18.612500 0.000000790464
18.637500 0.000000969260
18.662500 0.000000747101
18.687500 0.000001130400
18.712500 0.000000857130
18.737500 0.000000889463
18.762500 0.000001280789
18.787500 0.000001096987
18.812500 0.000000833954
18.837500 0.000001117860
18.862500 0.000001010090
18.887500 0.000000875871
18.912500 0.000001113658
18.937500 0.000000981864
18.962500 0.000001434774
18.987500 0.000001298532
19.012500 0.000001509557
19.037500 0.000001543423
19.062500 0.000001425161
19.087500 0.000002256626
19.112500 0.000002010604
19.137500 0.000003755810
19.162500 0.000005626081
19.187500 0.000007507791
19.212500 0.000004753164
19.237500 0.000003960049
19.262500 0.000004062967
19.287500 0.000002149394
19.312500 0.000002091826
19.337500 0.000001566021
19.362500 0.000001557405
19.387500 0.000001641423
19.412500 0.000001488062
19.437500 0.000001847070
19.462500 0.000001797095
19.487500 0.000001639542
19.512500 0.000001172082
19.537500 0.000001167762
19.562500 0.000001124507
19.587500 0.000000853529
19.612500 0.000000990563
19.637500 0.000001141922
19.662500 0.000001048970
19.687500 0.000001085945
19.712500 0.000001050224
19.737500 0.000001004226
19.762500 0.000000921747
19.787500 0.000000958875
19.812500 0.000000967437
19.837500 0.000001128504
19.862500 0.000000907735
19.887500 0.000001338645
19.912500 0.000001103406
19.937500 0.000001202207
19.962500 0.000001112250
19.987500 0.000000874055
20.012500 0.000001007432
20.037500 0.000000783104
20.062500 0.000000811550
20.087500 0.000000759843
20.112500 0.000000697947
20.137500 0.000000971252
20.162500 0.000000662914
20.187500 0.000000843635
20.212500 0.000000890333
20.237500 0.000000900869
20.262500 0.000001101945
20.287500 0.000001008599
20.312500 0.000001297818
20.337500 0.000001242109
20.362500 0.000000936366
20.387500 0.000001143182
20.412500 0.000001082297
20.437500 0.000000891554
20.462500 0.000000946352
20.487500 0.000001217349
20.512500 0.000000930986
20.537500 0.000000971139
20.562500 0.000001003988
20.587500 0.000001024540
20.612500 0.000000821326
20.637500 0.000000887856
20.662500 0.000001175655
20.687500 0.000000705519
20.712500 0.000001109327
20.737500 0.000000753168
20.762500 0.000000827049
20.787500 0.000000945677
20.812500 0.000000793462
20.837500 0.000000839152
20.862500 0.000000749644
20.887500 0.000000770574
20.912500 0.000000824894
20.937500 0.000000822864
20.962500 0.000000828332
20.987500 0.000001034211
21.012500 0.000001001580
21.037500 0.000000927119
21.062500 0.000001133984
21.087500 0.000000880233
21.112500 0.000000959746
21.137500 0.000000934311
21.162500 0.000000913946
21.187500 0.000000969905
21.212500 0.000001073751
21.237500 0.000000926698
21.262500 0.000000815393
21.287500 0.000001046619
21.312500 0.000001076849
21.337500 0.000001047410
21.362500 0.000001000463
21.387500 0.000001126451
21.412500 0.000000899536
21.437500 0.000001180175
21.462500 0.000001425828
21.487500 0.000001317476
21.512500 0.000001450735
21.537500 0.000001775164
21.562500 0.000001615140
21.587500 0.000001580770
21.612500 0.000001878901
21.637500 0.000001233320
21.662500 0.000001096717
21.687500 0.000003764258
21.712500 0.000001135296
21.737500 0.000005518727
21.762500 0.000001035579
21.787500 0.000003805075
21.812500 0.000000949982
21.837500 0.000001768986
21.862500 0.000001368522
21.887500 0.000001587361
21.912500 0.000001479121
21.937500 0.000001605082
21.962500 0.000001948749
21.987500 0.000001102751
22.012500 0.000001503695
22.037500 0.000001117079
22.062500 0.000001284598
22.087500 0.000001339877
22.112500 0.000001286892
22.137500 0.000002077894
22.162500 0.000001949392
22.187500 0.000003044461
22.212500 0.000002810866
22.237500 0.000001975300
22.262500 0.000004479048
22.287500 0.000001951286
22.312500 0.000002456971
22.337500 0.000002645967
22.362500 0.000001678396
22.387500 0.000001924713
22.412500 0.000001762357
22.437500 0.000003130392
22.462500 0.000003639015
22.487500 0.000005223598
22.512500 0.000004080757
22.537500 0.000004302422
22.562500 0.000006816928
22.587500 0.000004341854
22.612500 0.000004619563
22.637500 0.000007084706
22.662500 0.000003008462
22.687500 0.000005761191
22.712500 0.000005945880
22.737500 0.000004665546
22.762500 0.000008391702
22.787500 0.000003244525
22.812500 0.000006109532
22.837500 0.000005313528
22.862500 0.000003769730
22.887500 0.000005648716
22.912500 0.000003842027
22.937500 0.000004154650
22.962500 0.000002658564
22.987500 0.000003420652
23.012500 0.000001954587
23.037500 0.000001781796
23.062500 0.000001988832
23.087500 0.000001759191
23.112500 0.000001670860
23.137500 0.000002296243
23.162500 0.000002152233
23.187500 0.000004983468
23.212500 0.000003941890
23.237500 0.000006984543
23.262500 0.000004004830
23.287500 0.000003792507
23.312500 0.000004204725
23.337500 0.000002235577
23.362500 0.000001755785
23.387500 0.000002345725
23.412500 0.000002148562
23.437500 0.000003039801
23.462500 0.000001313503
23.487500 0.000003505545
23.512500 0.000003045498
23.537500 0.000002236349
23.562500 0.000002205835
23.587500 0.000001596919
23.612500 0.000001604275
23.637500 0.000001582924
23.662500 0.000001230155
23.687500 0.000001359724
23.712500 0.000001161902
23.737500 0.000001200318
23.762500 0.000001272926
23.787500 0.000001249153
23.812500 0.000001100427
23.837500 0.000000943215
23.862500 0.000000961166
23.887500 0.000001046908
23.912500 0.000001264575
23.937500 0.000000997332
23.962500 0.000001258514
23.987500 0.000001028576
24.012500 0.000000945114
24.037500 0.000000985727
24.062500 0.000001369465
24.087500 0.000001175935
24.112500 0.000001051459
24.137500 0.000000971052
24.162500 0.000000828506
24.187500 0.000000846456
24.212500 0.000000856307
24.237500 0.000001112183
24.262500 0.000001098816
24.287500 0.000001126421
24.312500 0.000000911131
24.337500 0.000001328581
24.362500 0.000001082130
24.387500 0.000001396663
24.412500 0.000001225892
24.437500 0.000000885446
24.462500 0.000000732738
24.487500 0.000000749966
24.512500 0.000000749600
24.537500 0.000000836400
24.562500 0.000001783001
24.587500 0.000001051403
24.612500 0.000000796869
24.637500 0.000000998131
24.662500 0.000000875308
24.687500 0.000000996609
24.712500 0.000002962526
24.737500 0.000000838026
24.762500 0.000000829189
24.787500 0.000000832346
24.812500 0.000000785820
24.837500 0.000000694706
24.862500 0.000002676045
24.887500 0.000005740692
24.912500 0.000000735516
24.937500 0.000002784997
24.962500 0.000003760237
24.987500 0.000000724991
25.012500 0.000023806451
25.037500 0.000039840511
25.062500 0.000003705982
25.087500 0.000001230948
25.112500 0.000002129952
25.137500 0.000000839881
25.162500 0.000001089664
25.187500 0.000001025850
25.212500 0.000001314253
25.237500 0.000001201444
25.262500 0.000001223442
25.287500 0.000001144468
25.312500 0.000000845393
25.337500 0.000002152178
25.362500 0.000000960854
25.387500 0.000003184921
25.412500 0.000003756031
25.437500 0.000006020722
25.462500 0.000001542322
25.487500 0.000004556667
25.512500 0.000003358655
25.537500 0.000001861852
25.562500 0.000002245426
25.587500 0.000001739100
25.612500 0.000001477085
25.637500 0.000001999893
25.662500 0.000003050103
25.687500 0.000003374713
25.712500 0.000003395873
25.737500 0.000004167039
25.762500 0.000004407644
25.787500 0.000004463799
25.812500 0.000005154843
25.837500 0.000003757307
25.862500 0.000003798041
25.887500 0.000004518647
25.912500 0.000002969899
25.937500 0.000003468059
25.962500 0.000002040413
25.987500 0.000002196243
26.012500 0.000001735938
26.037500 0.000001634673
26.062500 0.000001907948
26.087500 0.000002378717
26.112500 0.000004469927
26.137500 0.000004291130
26.162500 0.000007422375
26.187500 0.000005069043
26.212500 0.000006215298
26.237500 0.000005641572
26.262500 0.000005443178
26.287500 0.000005423487
26.312500 0.000005279303
26.337500 0.000003933244
26.362500 0.000003670526
26.387500 0.000002656566
26.412500 0.000001668058
26.437500 0.000001462279
26.462500 0.000001434808
26.487500 0.000001243268
26.512500 0.000001556687
26.537500 0.000001339111
26.562500 0.000001395294
26.587500 0.000001084199
26.612500 0.000001115880
26.637500 0.000000986984
26.662500 0.000000857991
26.687500 0.000000928462
26.712500 0.000000854546
26.737500 0.000001062693
26.762500 0.000000923913
26.787500 0.000001052916
26.812500 0.000001038816
26.837500 0.000000925800
26.862500 0.000001008983
26.887500 0.000001194410
26.912500 0.000001324516
26.937500 0.000001219099
26.962500 0.000001008779
26.987500 0.000000987252
27.012500 0.000000844349
27.037500 0.000000794485
27.062500 0.000000782757
27.087500 0.000000808269
27.112500 0.000000647836
27.137500 0.000000936321
27.162500 0.000000864652
27.187500 0.000001084841
27.212500 0.000000765017
27.237500 0.000000955426
27.262500 0.000001103203
27.287500 0.000000832874
27.312500 0.000001054523
27.337500 0.000000705710
27.362500 0.000000916407
27.387500 0.000000840652
27.412500 0.000001138105
27.437500 0.000000808237
27.462500 0.000000727204
27.487500 0.000000746320
27.512500 0.000000769179
27.537500 0.000001002455
27.562500 0.000001170439
27.587500 0.000001289011
27.612500 0.000000890067
27.637500 0.000000942912
27.662500 0.000000754905
27.687500 0.000000983653
27.712500 0.000001097786
27.737500 0.000000854141
27.762500 0.000000879701
27.787500 0.000000744996
27.812500 0.000000806116
27.837500 0.000001940727
27.862500 0.000003605076
27.887500 0.000002422374
27.912500 0.000000749739
27.937500 0.000001204852
27.962500 0.000001690155
27.987500 0.000004129518
28.012500 0.000002036157
28.037500 0.000001017601
28.062500 0.000001020472
28.087500 0.000000713049
28.112500 0.000000844570
28.137500 0.000001852737
28.162500 0.000003464553
28.187500 0.000000613339
28.212500 0.000001825304
28.237500 0.000000646367
28.262500 0.000001129561
28.287500 0.000000720047
28.312500 0.000000924217
28.337500 0.000001711692
28.362500 0.000001305293
28.387500 0.000003781387
28.412500 0.000002281268
28.437500 0.000001134262
28.462500 0.000001444594
28.487500 0.000001255063
28.512500 0.000001038155
28.537500 0.000001275935
28.562500 0.000002064356
28.587500 0.000002079394
28.612500 0.000001586846
28.637500 0.000001466875
28.662500 0.000000920088
28.687500 0.000000822405
28.712500 0.000000945036
28.737500 0.000001048588
28.762500 0.000001439740
28.787500 0.000001068370
28.812500 0.000003072512
28.837500 0.000000717216
28.862500 0.000004450086
28.887500 0.000001293193
28.912500 0.000003928704
28.937500 0.000001705252
28.962500 0.000001843390
28.987500 0.000001044619
29.012500 0.000001348436
29.037500 0.000000964873
29.062500 0.000000833121
29.087500 0.000001316575
29.112500 0.000000871544
29.137500 0.000000811454
29.162500 0.000000810333
29.187500 0.000000618269
29.212500 0.000000920513
29.237500 0.000000761371
29.262500 0.000000940327
29.287500 0.000000894007
29.312500 0.000001248791
29.337500 0.000000912965
29.362500 0.000001371869
29.387500 0.000000812046
29.412500 0.000001208211
29.437500 0.000000758191
29.462500 0.000000796974
29.487500 0.000000699863
29.512500 0.000000558598
29.537500 0.000000719325
29.562500 0.000000655527
29.587500 0.000000680986
29.612500 0.000000647606
29.637500 0.000000757429
29.662500 0.000000632327
29.687500 0.000000900551
29.712500 0.000000765106
29.737500 0.000000711322
29.762500 0.000000587672
29.787500 0.000000754269
29.812500 0.000000645727
29.837500 0.000000861718
29.862500 0.000000747301
29.887500 0.000000824001
29.912500 0.000000645090
29.937500 0.000000641360
29.962500 0.000000565618
29.987500 0.000000691333
30.012500 0.000000665954
30.037500 0.000000542293
30.062500 0.000000561012
30.087500 0.000000589024
30.112500 0.000000542348
30.137500 0.000000616466
30.162500 0.000000555560
30.187500 0.000000765927
30.212500 0.000000587901
30.237500 0.000000806229
30.262500 0.000000646982
30.287500 0.000000726680
30.312500 0.000000613128
30.337500 0.000000572417
30.362500 0.000000656205
30.387500 0.000000526937
30.412500 0.000000639401
30.437500 0.000000599576
30.462500 0.000000584072
30.487500 0.000000660399
30.512500 0.000000708247
30.537500 0.000000775432
30.562500 0.000000887993
30.587500 0.000000836088
30.612500 0.000000803181
30.637500 0.000000937130
30.662500 0.000000890476
30.687500 0.000000947849
30.712500 0.000000831396
30.737500 0.000000789885
30.762500 0.000000804801
30.787500 0.000000935275
30.812500 0.000001234343
30.837500 0.000001012297
30.862500 0.000001547973
30.887500 0.000002043732
30.912500 0.000001946012
30.937500 0.000004035056
30.962500 0.000002463653
30.987500 0.000002851183
31.012500 0.000002052163
31.037500 0.000001652963
31.062500 0.000001677515
31.087500 0.000001294034
31.112500 0.000002027223
31.137500 0.000001674154
31.162500 0.000003560473
31.187500 0.000003220578
31.212500 0.000004724473
31.237500 0.000003793023
31.262500 0.000003944279
31.287500 0.000003165028
31.312500 0.000003702378
31.337500 0.000004383812
31.362500 0.000005870856
31.387500 0.000008548810
31.412500 0.000004178816
31.437500 0.000007588334
31.462500 0.000005301999
31.487500 0.000006528245
31.512500 0.000004245376
31.537500 0.000004000984
31.562500 0.000002565939
31.587500 0.000002019694
31.612500 0.000001884731
31.637500 0.000001304694
31.662500 0.000002796321
31.687500 0.000004046897
31.712500 0.000005220345
31.737500 0.000003579747
31.762500 0.000007531487
31.787500 0.000004230740
31.812500 0.000005241714
31.837500 0.000002439547
31.862500 0.000001887490
31.887500 0.000001439546
31.912500 0.000001182130
31.937500 0.000000854709
31.962500 0.000000981274
31.987500 0.000000914174
32.012500 0.000000906067
32.037500 0.000000894283
32.062500 0.000000838782
32.087500 0.000000952113
32.112500 0.000000909502
32.137500 0.000000862224
32.162500 0.000000851486
32.187500 0.000000694201
32.212500 0.000000692014
32.237500 0.000000702510
32.262500 0.000000571042
32.287500 0.000000655872
32.312500 0.000000627086
32.337500 0.000001021455
32.362500 0.000000676854
32.387500 0.000000946687
32.412500 0.000000663220
32.437500 0.000000819442
32.462500 0.000000570284
32.487500 0.000000583834
32.512500 0.000000468236
32.537500 0.000000444716
32.562500 0.000000456054
32.587500 0.000000429560
32.612500 0.000000452763
32.637500 0.000000466534
32.662500 0.000000518909
32.687500 0.000000609611
32.712500 0.000000480468
32.737500 0.000000655350
32.762500 0.000000553019
32.787500 0.000000816301
32.812500 0.000000432615
32.837500 0.000000720699
32.862500 0.000000474059
32.887500 0.000000547905
32.912500 0.000000492464
32.937500 0.000000654218
32.962500 0.000000460579
32.987500 0.000000985023
33.012500 0.000000583067
33.037500 0.000000907505
33.062500 0.000000790448
33.087500 0.000000467316
33.112500 0.000001580407
33.137500 0.000002465956
33.162500 0.000000502556
33.187500 0.000001865791
33.212500 0.000001088260
33.237500 0.000000508980
33.262500 0.000001127457
33.287500 0.000000726508
33.312500 0.000000671866
33.337500 0.000000628706
33.362500 0.000000592363
33.387500 0.000000631500
33.412500 0.000000667850
33.437500 0.000000816007
33.462500 0.000001185132
33.487500 0.000001440095
33.512500 0.000002409046
33.537500 0.000001556664
33.562501 0.000001345081
33.587501 0.000000901643
33.612501 0.000000648590
33.637501 0.000000852299
33.662501 0.000000528251
33.687501 0.000000848643
33.712501 0.000001173656
33.737501 0.000001451196
33.762501 0.000002214361
33.787501 0.000001502795
33.812501 0.000001345605
33.837501 0.000000872691
33.862501 0.000000642679
33.887501 0.000000587882
33.912501 0.000000646702
33.937501 0.000000673485
33.962501 0.000000835123
33.987501 0.000000829318
34.012501 0.000001012954
34.037501 0.000000931874
34.062501 0.000000555083
34.087501 0.000000499212
34.112501 0.000000358939
34.137501 0.000000360541
34.162501 0.000000399402
34.187501 0.000000452151
34.212501 0.000000379443
34.237501 0.000000491738
34.262501 0.000000638726
34.287501 0.000000476874
34.312501 0.000000474814
34.337501 0.000000433286
34.362501 0.000000313350
34.387501 0.000000591298
34.412501 0.000000329673
34.437501 0.000000492689
34.462501 0.000000330018
34.487501 0.000000469386
34.512501 0.000000531519
34.537501 0.000000547736
34.562501 0.000000301008
34.587501 0.000000275391
34.612501 0.000000677376
34.637501 0.000000399747
34.662501 0.000000495566
34.687501 0.000000289921
34.712501 0.000000589774
34.737501 0.000000668608
34.762501 0.000000519231
34.787501 0.000000385057
34.812501 0.000000427035
34.837501 0.000001221476
34.862501 0.000000863333
34.887501 0.000000703897
34.912501 0.000000553432
34.937501 0.000001014749
34.962501 0.000001525446
34.987501 0.000000397874
35.012501 0.000000559661
35.037501 0.000000376111
35.062501 0.000002380084
35.087501 0.000001160193
35.112501 0.000000501642
35.137501 0.000000523685
35.162501 0.000001981048
35.187501 0.000004242589
35.212501 0.000000944630
35.237501 0.000000960404
35.262501 0.000000925169
35.287501 0.000010254180
35.312501 0.000007085405
35.337501 0.000003702458
35.362501 0.000005750284
35.387501 0.000041650645
35.412501 0.000024833547
35.437501 0.000001852224
35.462501 0.000000905567
35.487501 0.000000630148
35.512501 0.000001154366
35.537501 0.000001090889
35.562501 0.000000963000
35.587501 0.000001266622
35.612501 0.000001819888
35.637501 0.000002970730
35.662501 0.000003947403
35.687501 0.000006272299
35.712501 0.000003880656
35.737501 0.000002901720
35.762501 0.000001388748
35.787501 0.000000430157
35.812501 0.000000571280
35.837501 0.000000839443
35.862501 0.000000366504
35.887501 0.000000352475
35.912501 0.000000226642
35.937501 0.000000520245
35.962501 0.000000348569
35.987501 0.000000422817
36.012501 0.000000372338
36.037501 0.000000491769
36.062501 0.000000310295
36.087501 0.000000329197
36.112501 0.000000244054
36.137501 0.000000284675
36.162501 0.000000297414
36.187501 0.000000431021
36.212501 0.000000430145
36.237501 0.000000853419
36.262501 0.000000270083
36.287501 0.000000640732
36.312501 0.000000178417
36.337501 0.000000375755
36.362501 0.000000219711
36.387501 0.000000310413
36.412501 0.000000288512
36.437501 0.000000269479
36.462501 0.000000206634
36.487501 0.000000262379
36.512501 0.000000208303
36.537501 0.000000225837
36.562501 0.000000232396
36.587501 0.000000323140
36.612501 0.000000444496
36.637501 0.000000413445
36.662501 0.000000329553
36.687501 0.000000229100
36.712501 0.000000210783
36.737501 0.000000223950
36.762501 0.000000267466
36.787501 0.000000285629
36.812501 0.000000174497
36.837501 0.000000280749
36.862501 0.000000202196
36.887501 0.000000206563
36.912501 0.000000242098
36.937501 0.000000326764
36.962501 0.000000237035
36.987501 0.000000400196
37.012501 0.000000222861
37.037501 0.000000516311
37.062501 0.000000193241
37.087501 0.000000221180
37.112501 0.000000201424
37.137501 0.000000431042
37.162501 0.000000345043
37.187501 0.000000244571
37.212501 0.000000413357
37.237501 0.000000800439
37.262501 0.000000730323
37.287501 0.000000510652
37.312501 0.000000138694
37.337501 0.000000498630
37.362501 0.000000850231
37.387501 0.000000646957
37.412501 0.000000123259
37.437501 0.000001267387
37.462501 0.000002976202
37.487501 0.000001342430
37.512501 0.000000281456
37.537501 0.000000220139
37.562501 0.000000417429
37.587501 0.000000840817
37.612501 0.000000501360
37.637501 0.000000221637
37.662501 0.000001687130
37.687501 0.000003044596
37.712501 0.000001423364
37.737501 0.000000180113
37.762501 0.000000319140
37.787501 0.000000192494
37.812501 0.000000345095
37.837501 0.000000108718
37.862501 0.000000192568
37.887501 0.000000177331
37.912501 0.000000386974
37.937501 0.000000519026
37.962501 0.000000224911
37.987501 0.000000193130
38.012501 0.000000132436
38.037501 0.000000201581
38.062501 0.000000119212
38.087501 0.000000165065
38.112501 0.000000160764
38.137501 0.000000139957
38.162501 0.000000185632
38.187501 0.000000293266
38.212501 0.000000304145
38.237501 0.000000255993
38.262501 0.000000364089
38.287501 0.000000540381
38.312501 0.000000165675
38.337501 0.000000476630
38.362501 0.000000197246
38.387501 0.000000212798
38.412501 0.000000270926
38.437501 0.000000243699
38.462501 0.000000250142
38.487501 0.000000132036
38.512501 0.000000230312
38.537501 0.000000270391
38.562501 0.000000761320
38.587501 0.000000116243
38.612501 0.000001080538
38.637501 0.000000077789
38.662501 0.000000671851
38.687501 0.000000196429
38.712501 0.000000491943
38.737501 0.000000120434
38.762501 0.000000187559
38.787501 0.000000121070
38.812501 0.000000103443
38.837501 0.000000117817
38.862501 0.000000134812
38.887501 0.000000068166
38.912501 0.000000091592
38.937501 0.000000076469
38.962501 0.000000110201
38.987501 0.000000158068
39.012501 0.000000067281
39.037501 0.000000093073
39.062501 0.000000108493
39.087501 0.000000142509
39.112501 0.000000060604
39.137501 0.000000107927
39.162501 0.000000144595
39.187501 0.000000108740
39.212501 0.000000141299
39.237501 0.000000051178
39.262501 0.000000116054
39.287501 0.000000152450
39.312501 0.000000119965
39.337501 0.000000165402
39.362501 0.000000069174
39.387501 0.000000149394
39.412501 0.000000078747
39.437501 0.000000121763
39.462501 0.000000131732
39.487501 0.000000243268
39.512501 0.000000165317
39.537501 0.000000118462
39.562501 0.000000171503
39.587501 0.000000128783
39.612501 0.000000146354
39.637501 0.000000072060
39.662501 0.000000132584
39.687501 0.000000105641
39.712501 0.000000027576
39.737501 0.000000085265
39.762501 0.000000064960
39.787501 0.000000112263
39.812501 0.000000052803
39.837501 0.000000203936
39.862501 0.000000076186
39.887501 0.000000109130
39.912501 0.000000086323
39.937501 0.000000031277
39.962501 0.000000086613
39.987501 0.000000035568
