0.000000 1.000000000000
0.087500 0.405145165231
0.112500 0.164185328220
0.137500 0.066553503784
0.162500 0.000000004539
0.187500 0.000000001878
0.212500 0.000000000779
0.237500 0.014986066168
0.262500 0.015323224073
0.287500 0.001222941053
0.312500 0.000000000136
0.337500 0.000156720656
0.362500 0.000462126853
0.387500 0.000000000004
0.412500 0.003037033169
0.437500 0.001653454417
0.462500 0.000104788177
0.487500 0.000192723622
0.512500 0.000023174664
0.537500 0.000002521198
0.562500 0.001059052582
0.587500 0.000307341417
0.612500 0.000526031893
0.637500 0.000049410086
0.662500 0.000007760064
0.687500 0.000007820764
0.712500 0.000013292804
0.737500 0.000383137379
0.762500 0.000119803733
0.787500 0.000114184014
0.812500 0.000013512221
0.837500 0.000009712820
0.862500 0.000004479762
0.887500 0.000177366826
0.912500 0.000017311475
0.937500 0.000112901190
0.962500 0.000009246740
0.987500 0.000009392529
1.012500 0.000000219994
1.037500 0.000002741976
1.062500 0.000105090884
1.087500 0.000008259320
1.112500 0.000039525840
1.137500 0.000004560590
1.162500 0.000000629716
1.187500 0.000001741332
1.212500 0.000049282197
1.237500 0.000007881912
1.262500 0.000000605608
1.287500 0.000023032240
1.312500 0.000001540060
1.337500 0.000000571061
1.362500 0.000000733974
1.387500 0.000032964761
1.412500 0.000002441972
1.437500 0.000001106306
1.462500 0.000017427889
1.487500 0.000001176197
1.512500 0.000000652288
1.537500 0.000021159862
1.562500 0.000001503394
1.587500 0.000000374456
1.612500 0.000000314056
1.637500 0.000008615909
1.662500 0.000000827596
1.687500 0.000000216367
1.712500 0.000009842516
1.737500 0.000000574047
1.762500 0.000000255175
1.787500 0.000005330086
1.812500 0.000003839954
1.837500 0.000000158315
1.862500 0.000024083640
1.887500 0.000001561087
1.912500 0.000000539747
1.937500 0.000000131971
1.962500 0.000000322380
1.987500 0.000001497906
2.012500 0.000000244072
2.037500 0.000011960054
2.062500 0.000000473659
2.087500 0.000000208698
2.112500 0.000000330429
2.137500 0.000000455026
2.162500 0.000000521443
2.187500 0.000008195354
2.212500 0.000000545089
2.237500 0.000000263739
2.262500 0.000000086452
2.287500 0.000000176577
2.312500 0.000006726593
2.337500 0.000000522485
2.362500 0.000004866907
2.387500 0.000000219256
2.412500 0.000038408406
2.437500 0.000000980815
2.462500 0.000000481072
2.487500 0.000021740273
2.512500 0.000005590294
2.537500 0.000000811707
2.562500 0.000000554746
2.587500 0.000000235078
2.612500 0.000000136772
2.637500 0.000000254776
2.662500 0.000004465548
2.687500 0.000003491676
2.712500 0.000000206329
2.737500 0.000000079428
2.762500 0.000000225277
2.787500 0.000000133116
2.812500 0.000000042570
2.837500 0.000004962496
2.862500 0.000000325211
2.887500 0.000000090797
2.912500 0.000000053507
2.937500 0.000000090215
2.962500 0.000000043655
2.987500 0.000000051941
3.012500 0.000002846601
3.037500 0.000000142469
3.062500 0.000000062737
3.087500 0.000000320773
3.112500 0.000000074058
3.137500 0.000000039297
3.162500 0.000001847179
3.187500 0.000002083853
3.212500 0.000000133853
3.237500 0.000000064658
3.262500 0.000000210134
3.287500 0.000000120751
3.312500 0.000000094092
3.337500 0.000001282957
3.362500 0.000001481897
3.387500 0.000000113834
3.412500 0.000000142819
3.437500 0.000000553886
3.462500 0.000000160553
3.487500 0.000000818255
3.512500 0.000000424938
3.537500 0.000000183692
3.562500 0.000000054469
3.587500 0.000001863616
3.612500 0.000000172302
3.637500 0.000000054769
3.662500 0.000003525981
3.687500 0.000000231169
3.712500 0.000000083041
3.737500 0.000000116685
3.762500 0.000000146684
3.787500 0.000000320866
3.812500 0.000001493917
3.837500 0.000000190132
3.862500 0.000000770104
3.887500 0.000000102657
3.912500 0.000000164656
3.937500 0.000000026974
3.962500 0.000000166527
3.987500 0.000001495636
4.012500 0.000000279520
4.037500 0.000000618039
4.062500 0.000000344664
4.087500 0.000000093914
4.112500 0.000000198080
4.137500 0.000001350492
4.162500 0.000000458110
4.187500 0.000000065766
4.212500 0.000000875633
4.237500 0.000000164682
4.262500 0.000000171960
4.287500 0.000000193453
4.312500 0.000000905104
4.337500 0.000000078631
4.362500 0.000000064177
4.387500 0.000000167686
4.412500 0.000000034758
4.437500 0.000000081937
4.462500 0.000001108110
4.487500 0.000000195525
4.512500 0.000000025789
4.537500 0.000000257954
4.562500 0.000000550214
4.587500 0.000000104667
4.612500 0.000000116773
4.637500 0.000003752125
4.662500 0.000000222796
4.687500 0.000000057809
4.712500 0.000005434831
4.737500 0.000003241549
4.762500 0.000000159220
4.787500 0.000001388319
4.812500 0.000008961700
4.837500 0.000000824576
4.862500 0.000000114334
4.887500 0.000004029506
4.912500 0.000000697920
4.937500 0.000000196575
4.962500 0.000000398410
4.987500 0.000000059606
5.012500 0.000000154071
5.037500 0.000000122651
5.062500 0.000000563174
5.087500 0.000000114538
5.112500 0.000000182409
5.137500 0.000000080839
5.162500 0.000000187324
5.187500 0.000000032616
5.212500 0.000000146759
5.237500 0.000000385576
5.262500 0.000000174862
5.287500 0.000000438256
5.312500 0.000000095478
5.337500 0.000000074579
5.362500 0.000000528598
5.387500 0.000000172259
5.412500 0.000000167757
5.437500 0.000000308925
5.462500 0.000000253289
5.487500 0.000000187479
5.512500 0.000000315788
5.537500 0.000000433369
5.562500 0.000000058513
5.587500 0.000000704262
5.612500 0.000000264685
5.637500 0.000000081920
5.662500 0.000000168182
5.687500 0.000000130658
5.712500 0.000000079642
5.737500 0.000000148223
5.762500 0.000001017946
5.787500 0.000000191245
5.812500 0.000000082689
5.837500 0.000000608026
5.862500 0.000000453716
5.887500 0.000000118664
5.912500 0.000000052675
5.937500 0.000000421681
5.962500 0.000000133212
5.987500 0.000000309795
6.012500 0.000000099366
6.037500 0.000000122161
6.062500 0.000000090593
6.087500 0.000000088051
6.112500 0.000000067608
6.137500 0.000000085987
6.162500 0.000000088856
6.187500 0.000000478401
6.212500 0.000000153171
6.237500 0.000000154084
6.262500 0.000000665135
6.287500 0.000000351458
6.312500 0.000000153913
6.337500 0.000000307759
6.362500 0.000000070132
6.387500 0.000000080779
6.412500 0.000000123892
6.437500 0.000000468364
6.462500 0.000000145344
6.487500 0.000000327278
6.512500 0.000000166928
6.537500 0.000001324472
6.562500 0.000000596549
6.587500 0.000000304613
6.612500 0.000000727052
6.637500 0.000000280492
6.662500 0.000000359883
6.687500 0.000000360630
6.712500 0.000000154928
6.737500 0.000000800120
6.762500 0.000000363258
6.787500 0.000000313240
6.812500 0.000000620370
6.837500 0.000001568160
6.862500 0.000000631522
6.887500 0.000001212652
6.912500 0.000002842653
6.937500 0.000001544976
6.962500 0.000001152744
6.987500 0.000001612964
7.012500 0.000001040525
7.037500 0.000000777221
7.062500 0.000000577244
7.087500 0.000000427376
7.112500 0.000000274508
7.137500 0.000001978502
7.162500 0.000000405688
7.187500 0.000000184584
7.212500 0.000003586850
7.237500 0.000000401269
7.262500 0.000000230435
7.287500 0.000000142227
7.312500 0.000001717152
7.337500 0.000000194476
7.362500 0.000000205200
7.387500 0.000000359697
7.412500 0.000000183057
7.437500 0.000000175502
7.462500 0.000000180754
7.487500 0.000000553672
7.512500 0.000000216615
7.537500 0.000000694295
7.562500 0.000001224803
7.587500 0.000000222270
7.612500 0.000001394759
7.637500 0.000001036408
7.662500 0.000000581987
7.687500 0.000000705006
7.712500 0.000000767370
7.737500 0.000000292269
7.762500 0.000000382407
7.787500 0.000000595613
7.812500 0.000000378552
7.837500 0.000000365385
7.862500 0.000000399753
7.887500 0.000000676909
7.912500 0.000000414844
7.937500 0.000000916840
7.962500 0.000000292258
7.987500 0.000000927269
8.012500 0.000000615719
8.037500 0.000000535316
8.062500 0.000000637437
8.087500 0.000000971073
8.112500 0.000000637321
8.137500 0.000000306567
8.162500 0.000000787557
8.187500 0.000000391118
8.212500 0.000000175330
8.237500 0.000000334635
8.262500 0.000000889392
8.287500 0.000000360684
8.312500 0.000000371742
8.337500 0.000000500850
8.362500 0.000000371289
8.387500 0.000000323029
8.412500 0.000000366178
8.437500 0.000000220715
8.462500 0.000000436828
8.487500 0.000000409638
8.512500 0.000000390500
8.537500 0.000001116384
8.562500 0.000000420357
8.587500 0.000000811284
8.612500 0.000000532713
8.637500 0.000000363324
8.662500 0.000000412169
8.687500 0.000000484541
8.712500 0.000000294273
8.737500 0.000000266191
8.762500 0.000000273754
8.787500 0.000000153913
8.812500 0.000000484101
8.837500 0.000000393359
8.862500 0.000001304481
8.887500 0.000000391313
8.912500 0.000000795899
8.937500 0.000003004093
8.962500 0.000000308469
8.987500 0.000000396481
9.012500 0.000000877273
9.037500 0.000001070697
9.062500 0.000000321678
9.087500 0.000000423546
9.112500 0.000000334574
9.137500 0.000000598095
9.162500 0.000000579759
9.187500 0.000000534814
9.212500 0.000000779363
9.237500 0.000000290657
9.262500 0.000000214932
9.287500 0.000000718820
9.312500 0.000000194718
9.337500 0.000000422666
9.362500 0.000001831164
9.387500 0.000000396625
9.412500 0.000000542706
9.437500 0.000002852314
9.462500 0.000000620303
9.487500 0.000000454758
9.512500 0.000001159249
9.537500 0.000001339075
9.562500 0.000000906624
9.587500 0.000000335570
9.612500 0.000001261656
9.637500 0.000001936830
9.662500 0.000001078916
9.687500 0.000000621019
9.712500 0.000000988895
9.737500 0.000000855195
9.762500 0.000000706837
9.787500 0.000000756125
9.812500 0.000000721548
9.837500 0.000000792075
9.862500 0.000000629090
9.887500 0.000000324708
9.912500 0.000000698623
9.937500 0.000000320508
9.962500 0.000000485109
9.987500 0.000000644638
10.012500 0.000000414623
10.037500 0.000000502413
10.062500 0.000000419749
10.087500 0.000000428945
10.112500 0.000000270906
10.137500 0.000000311075
10.162500 0.000000365171
10.187500 0.000000466281
10.212500 0.000000740742
10.237500 0.000000597425
10.262500 0.000000601795
10.287500 0.000001456927
10.312500 0.000000744056
10.337500 0.000000931107
10.362500 0.000000837706
10.387500 0.000000597805
10.412500 0.000000798798
10.437500 0.000000463285
10.462500 0.000000961580
10.487500 0.000000770893
10.512500 0.000000508431
10.537500 0.000001196653
10.562500 0.000001125240
10.587500 0.000001093921
10.612500 0.000000602956
10.637500 0.000000581918
10.662500 0.000001125789
10.687500 0.000000406172
10.712500 0.000000495254
10.737500 0.000001077385
10.762500 0.000000532057
10.787500 0.000000485461
10.812500 0.000000537775
10.837500 0.000000922332
10.862500 0.000000536224
10.887500 0.000000496958
10.912500 0.000000731666
10.937500 0.000000797403
10.962500 0.000000606107
10.987500 0.000001289666
11.012500 0.000001451989
11.037500 0.000000975128
11.062500 0.000002779573
11.087500 0.000001550129
11.112500 0.000001974193
11.137500 0.000002910617
11.162500 0.000001453186
11.187500 0.000000802757
11.212500 0.000001763338
11.237500 0.000000785338
11.262500 0.000006608654
11.287500 0.000000639519
11.312500 0.000000655766
11.337500 0.000017160011
11.362500 0.000001267123
11.387500 0.000000786333
11.412500 0.000000553435
11.437500 0.000009140610
11.462500 0.000000987984
11.487500 0.000001203031
11.512500 0.000001652920
11.537500 0.000001686994
11.562500 0.000000929919
11.587500 0.000001106879
11.612500 0.000002437157
11.637500 0.000000993679
11.662500 0.000001245607
11.687500 0.000001745057
11.712500 0.000001184918
11.737500 0.000001144964
11.762500 0.000001069197
11.787500 0.000001726584
11.812500 0.000000433402
11.837500 0.000000347663
11.862500 0.000000553498
11.887500 0.000000450850
11.912500 0.000000594577
11.937500 0.000001955408
11.962500 0.000000749670
11.987500 0.000000771059
12.012500 0.000000821678
12.037500 0.000001131851
12.062500 0.000000866861
12.087500 0.000000554074
12.112500 0.000000623624
12.137500 0.000000737285
12.162500 0.000000970514
12.187500 0.000000674237
12.212500 0.000000849846
12.237500 0.000001074135
12.262500 0.000000789889
12.287500 0.000001069382
12.312500 0.000002129177
12.337500 0.000001133095
12.362500 0.000001609762
12.387500 0.000000954314
12.412500 0.000001519993
12.437500 0.000004590710
12.462500 0.000009524943
12.487500 0.000006066721
12.512500 0.000009439838
12.537500 0.000024442635
12.562500 0.000010206826
12.587500 0.000002599902
12.612500 0.000014613053
12.637500 0.000005268113
12.662500 0.000002283568
12.687500 0.000001905481
12.712500 0.000001268254
12.737500 0.000001471504
12.762500 0.000001868947
12.787500 0.000001745536
12.812500 0.000001623934
12.837500 0.000001077154
12.862500 0.000001496731
12.887500 0.000001415977
12.912500 0.000000999300
12.937500 0.000001434856
12.962500 0.000003304574
12.987500 0.000000906877
13.012500 0.000004679714
13.037500 0.000006583480
13.062500 0.000002128371
13.087500 0.000010556647
13.112500 0.000006626354
13.137500 0.000001443434
13.162500 0.000008057637
13.187500 0.000003113637
13.212500 0.000001543232
13.237500 0.000001439148
13.262500 0.000002198500
13.287500 0.000001928247
13.312500 0.000006707826
13.337500 0.000010917911
13.362500 0.000006565359
13.387500 0.000010956632
13.412500 0.000025792317
13.437500 0.000012654901
13.462500 0.000009087198
13.487500 0.000019079456
13.512500 0.000008387440
13.537500 0.000006664208
13.562500 0.000003646334
13.587500 0.000003234598
13.612500 0.000002107123
13.637500 0.000003339806
13.662500 0.000007589551
13.687500 0.000003685878
13.712500 0.000001260483
13.737500 0.000008837083
13.762500 0.000013080907
13.787500 0.000013147022
13.812500 0.000002204457
13.837500 0.000004958513
13.862500 0.000008855259
13.887500 0.000001241867
13.912500 0.000003080633
13.937500 0.000001398854
13.962500 0.000002331277
13.987500 0.000001096134
14.012500 0.000001650381
14.037500 0.000002057749
14.062500 0.000001411195
14.087500 0.000002206116
14.112500 0.000002053956
14.137500 0.000002050233
14.162500 0.000001974887
14.187500 0.000004301163
14.212500 0.000004366473
14.237500 0.000006836220
14.262500 0.000008034054
14.287500 0.000009561885
14.312500 0.000013898859
14.337500 0.000007450206
14.362500 0.000008452310
14.387500 0.000003307347
14.412500 0.000002599687
14.437500 0.000003063003
14.462500 0.000001807652
14.487500 0.000001704457
14.512500 0.000002813042
14.537500 0.000002359475
14.562500 0.000002032242
14.587500 0.000001788246
14.612500 0.000002365645
14.637500 0.000001909293
14.662500 0.000001654085
14.687500 0.000001340046
14.712500 0.000001544928
14.737500 0.000001505853
14.762500 0.000002397713
14.787500 0.000001253207
14.812500 0.000003183711
14.837500 0.000002856565
14.862500 0.000003866905
14.887500 0.000002533407
14.912500 0.000002297807
14.937500 0.000003034252
14.962500 0.000003374490
14.987500 0.000003846721
15.012500 0.000008443671
15.037500 0.000007652413
15.062500 0.000013463632
15.087500 0.000006367405
15.112500 0.000009768166
15.137500 0.000008595403
15.162500 0.000004989580
15.187500 0.000006477493
15.212500 0.000008009929
15.237500 0.000004413618
15.262500 0.000003402098
15.287500 0.000004510566
15.312500 0.000003295249
15.337500 0.000004026277
15.362500 0.000004881782
15.387500 0.000003977880
15.412500 0.000007044996
15.437500 0.000003686932
15.462500 0.000007819922
15.487500 0.000004475970
15.512500 0.000006095555
15.537500 0.000004225808
15.562500 0.000008911837
15.587500 0.000003728885
15.612500 0.000004046453
15.637500 0.000002611108
15.662500 0.000002845934
15.687500 0.000002139535
15.712500 0.000001268679
15.737500 0.000001550406
15.762500 0.000001402490
15.787500 0.000001582509
15.812500 0.000001164179
15.837500 0.000001330405
15.862500 0.000001022920
15.887500 0.000001075748
15.912500 0.000000973464
15.937500 0.000001150743
15.962500 0.000000991785
15.987500 0.000000869340
16.012500 0.000000836849
16.037500 0.000000847645
16.062500 0.000001139803
16.087500 0.000000783055
16.112500 0.000000807788
16.137500 0.000000735262
16.162500 0.000001719905
16.187500 0.000000963344
16.212500 0.000000943236
16.237500 0.000001566312
16.262500 0.000001360247
16.287500 0.000001633275
16.312500 0.000001547501
16.337500 0.000001857064
16.362500 0.000001955794
16.387500 0.000001355270
16.412500 0.000001417223
16.437500 0.000001160654
16.462500 0.000001577267
16.487500 0.000000990983
16.512500 0.000002224310
16.537500 0.000001621107
16.562500 0.000001146997
16.587500 0.000001998432
16.612500 0.000001287476
16.637500 0.000001304357
16.662500 0.000001078986
16.687500 0.000001253638
16.712500 0.000000954349
16.737500 0.000000944068
16.762500 0.000001018826
16.787500 0.000000879378
16.812500 0.000000746322
16.837500 0.000000998679
16.862500 0.000000885500
16.887500 0.000000571212
16.912500 0.000001037766
16.937500 0.000000954785
16.962500 0.000001017731
16.987500 0.000001233361
17.012500 0.000000992303
17.037500 0.000000917477
17.062500 0.000001366770
17.087500 0.000000976416
17.112500 0.000001380388
17.137500 0.000001769654
17.162500 0.000001482988
17.187500 0.000001316951
17.212500 0.000001307060
17.237500 0.000001039883
17.262500 0.000000810254
17.287500 0.000000931612
17.312500 0.000001093173
17.337500 0.000001706558
17.362500 0.000001080103
17.387500 0.000002193128
17.412500 0.000001631233
17.437500 0.000001986973
17.462500 0.000000966061
17.487500 0.000001364384
17.512500 0.000000921613
17.537500 0.000000869491
17.562500 0.000000919089
17.587500 0.000000834701
17.612500 0.000000996755
17.637500 0.000001099951
17.662500 0.000001026156
17.687500 0.000001010206
17.712500 0.000001271998
17.737500 0.000001287092
17.762500 0.000000979281
17.787500 0.000001316315
17.812500 0.000001011724
17.837500 0.000000990794
17.862500 0.000001179642
17.887500 0.000001416430
17.912500 0.000001137810
17.937500 0.000001007896
17.962500 0.000001519809
17.987500 0.000001596106
18.012500 0.000001289185
18.037500 0.000001273428
18.062500 0.000001424939
18.087500 0.000002451535
18.112500 0.000000882572
18.137500 0.000005080265
18.162500 0.000004927064
18.187500 0.000002393698
18.212500 0.000011279850
18.237500 0.000006660859
18.262500 0.000005390782
18.287500 0.000001039845
18.312500 0.000002677993
18.337500 0.000001542858
18.362500 0.000001375459
18.387500 0.000000865769
18.412500 0.000002059701
18.437500 0.000001236963
18.462500 0.000000966006
18.487500 0.000001713494
18.512500 0.000002205332
18.537500 0.000000852288
18.562500 0.000001507570
18.587500 0.000001321609
18.612500 0.000000727858
18.637500 0.000001059125
18.662500 0.000000912358
18.687500 0.000001488675
18.712500 0.000001179361
18.737500 0.000001257340
18.762500 0.000001674508
18.787500 0.000001313424
18.812500 0.000001262342
18.837500 0.000001168247
18.862500 0.000001332553
18.887500 0.000000867312
18.912500 0.000001176726
18.937500 0.000001097646
18.962500 0.000001212509
18.987500 0.000001381273
19.012500 0.000001462557
19.037500 0.000002273330
19.062500 0.000001097489
19.087500 0.000001752054
19.112500 0.000001176332
19.137500 0.000001244338
19.162500 0.000001092737
19.187500 0.000001180128
19.212500 0.000001074266
19.237500 0.000001230050
19.262500 0.000001572382
19.287500 0.000001079355
19.312500 0.000001837570
19.337500 0.000001431213
19.362500 0.000003182117
19.387500 0.000004462736
19.412500 0.000003472454
19.437500 0.000005720070
19.462500 0.000007271421
19.487500 0.000006422239
19.512500 0.000003435019
19.537500 0.000001971274
19.562500 0.000002850632
19.587500 0.000001545953
19.612500 0.000001285760
19.637500 0.000000920712
19.662500 0.000001461714
19.687500 0.000001224005
19.712500 0.000001072305
19.737500 0.000001137294
19.762500 0.000001375202
19.787500 0.000001338747
19.812500 0.000001361373
19.837500 0.000001060067
19.862500 0.000001173550
19.887500 0.000001264897
19.912500 0.000001209261
19.937500 0.000001140783
19.962500 0.000000978082
19.987500 0.000001003487
20.012500 0.000000899517
20.037500 0.000000848843
20.062500 0.000000913384
20.087500 0.000000906866
20.112500 0.000000914026
20.137500 0.000001196598
20.162500 0.000001094320
20.187500 0.000001433875
20.212500 0.000001038134
20.237500 0.000001235874
20.262500 0.000000958798
20.287500 0.000001514260
20.312500 0.000000916856
20.337500 0.000000999673
20.362500 0.000001065269
20.387500 0.000000970425
20.412500 0.000001171241
20.437500 0.000001141436
20.462500 0.000001152348
20.487500 0.000001174498
20.512500 0.000001047420
20.537500 0.000000917575
20.562500 0.000000926195
20.587500 0.000000958905
20.612500 0.000000974103
20.637500 0.000000864922
20.662500 0.000001633530
20.687500 0.000001212487
20.712500 0.000001443391
20.737500 0.000001492644
20.762500 0.000001157453
20.787500 0.000001259001
20.812500 0.000001553773
20.837500 0.000001269111
20.862500 0.000001441032
20.887500 0.000001568239
20.912500 0.000001657628
20.937500 0.000001388221
20.962500 0.000001291883
20.987500 0.000001560829
21.012500 0.000001372460
21.037500 0.000001086032
21.062500 0.000001548790
21.087500 0.000000988143
21.112500 0.000001300609
21.137500 0.000000829641
21.162500 0.000001028464
21.187500 0.000000821591
21.212500 0.000000795377
21.237500 0.000001092941
21.262500 0.000000892323
21.287500 0.000001217223
21.312500 0.000001084865
21.337500 0.000000983129
21.362500 0.000001197106
21.387500 0.000001000674
21.412500 0.000000787369
21.437500 0.000000996962
21.462500 0.000000955932
21.487500 0.000000850096
21.512500 0.000000905476
21.537500 0.000000931924
21.562500 0.000001337512
21.587500 0.000001054283
21.612500 0.000001706840
21.637500 0.000001145974
21.662500 0.000000963741
21.687500 0.000004404112
21.712500 0.000000964385
21.737500 0.000007018023
21.762500 0.000001920481
21.787500 0.000004412374
21.812500 0.000003734797
21.837500 0.000003461159
21.862500 0.000002324331
21.887500 0.000000988177
21.912500 0.000002176432
21.937500 0.000001437313
21.962500 0.000001585823
21.987500 0.000002654306
22.012500 0.000003773114
22.037500 0.000004887505
22.062500 0.000005027454
22.087500 0.000006446407
22.112500 0.000008531892
22.137500 0.000004555273
22.162500 0.000004481658
22.187500 0.000004642713
22.212500 0.000002172327
22.237500 0.000002598718
22.262500 0.000001629388
22.287500 0.000001362409
22.312500 0.000001181832
22.337500 0.000001537380
22.362500 0.000001317592
22.387500 0.000001459127
22.412500 0.000001623180
22.437500 0.000002040964
22.462500 0.000001318264
22.487500 0.000001934624
22.512500 0.000002371812
22.537500 0.000001910953
22.562500 0.000004229257
22.587500 0.000003537606
22.612500 0.000007821048
22.637500 0.000003550167
22.662500 0.000003955648
22.687500 0.000004988550
22.712500 0.000002894267
22.737500 0.000003507760
22.762500 0.000004250790
22.787500 0.000005169744
22.812500 0.000004626926
22.837500 0.000002751783
22.862500 0.000003533233
22.887500 0.000003665667
22.912500 0.000001312446
22.937500 0.000003005472
22.962500 0.000001997979
22.987500 0.000001824137
23.012500 0.000001026040
23.037500 0.000001616879
23.062500 0.000001449305
23.087500 0.000003272958
23.112500 0.000001140037
23.137500 0.000003736434
23.162500 0.000001784351
23.187500 0.000001783402
23.212500 0.000002300017
23.237500 0.000001109295
23.262500 0.000001869499
23.287500 0.000001383163
23.312500 0.000003154777
23.337500 0.000001501835
23.362500 0.000002131594
23.387500 0.000004286224
23.412500 0.000001487591
23.437500 0.000003472556
23.462500 0.000001449126
23.487500 0.000001959759
23.512500 0.000001258112
23.537500 0.000001165102
23.562500 0.000001097574
23.587500 0.000001256750
23.612500 0.000000927380
23.637500 0.000001067995
23.662500 0.000000886142
23.687500 0.000001068853
23.712500 0.000000976459
23.737500 0.000000982663
23.762500 0.000000928838
23.787500 0.000000796580
23.812500 0.000001194384
23.837500 0.000000784183
23.862500 0.000001193965
23.887500 0.000001063527
23.912500 0.000001286931
23.937500 0.000001154317
23.962500 0.000001381168
23.987500 0.000001664007
24.012500 0.000001614426
24.037500 0.000001664024
24.062500 0.000002193781
24.087500 0.000001564838
24.112500 0.000001733931
24.137500 0.000001309874
24.162500 0.000001247842
24.187500 0.000000860096
24.212500 0.000000960346
24.237500 0.000001038997
24.262500 0.000000941186
24.287500 0.000000930913
24.312500 0.000000811595
24.337500 0.000001153666
24.362500 0.000000918529
24.387500 0.000001173948
24.412500 0.000000955219
24.437500 0.000000756320
24.462500 0.000000717109
24.487500 0.000001226292
24.512500 0.000001046513
24.537500 0.000001032752
24.562500 0.000001718959
24.587500 0.000001264232
24.612500 0.000001070748
24.637500 0.000001073568
24.662500 0.000001826157
24.687500 0.000000962456
24.712500 0.000002539730
24.737500 0.000000969231
24.762500 0.000000938385
24.787500 0.000001087158
24.812500 0.000001289016
24.837500 0.000003198553
24.862500 0.000001153440
24.887500 0.000006678279
24.912500 0.000001026916
24.937500 0.000003245392
24.962500 0.000004139360
24.987500 0.000000838076
25.012500 0.000026975917
25.037500 0.000044548485
25.062500 0.000003549461
25.087500 0.000002419798
25.112500 0.000002238041
25.137500 0.000001361028
25.162500 0.000001338570
25.187500 0.000001373301
25.212500 0.000001293511
25.237500 0.000001422832
25.262500 0.000001155740
25.287500 0.000001335335
25.312500 0.000000989471
25.337500 0.000002134703
25.362500 0.000001114375
25.387500 0.000003877736
25.412500 0.000004926756
25.437500 0.000007363072
25.462500 0.000002683726
25.487500 0.000006057204
25.512500 0.000005572270
25.537500 0.000001917912
25.562500 0.000003259545
25.587500 0.000001359027
25.612500 0.000001835290
25.637500 0.000001401486
25.662500 0.000001967666
25.687500 0.000002813902
25.712500 0.000002394668
25.737500 0.000004035525
25.762500 0.000004978847
25.787500 0.000003093253
25.812500 0.000004031743
25.837500 0.000003692876
25.862500 0.000003610857
25.887500 0.000003324886
25.912500 0.000003966923
25.937500 0.000005336267
25.962500 0.000004235215
25.987500 0.000002554959
26.012500 0.000003264310
26.037500 0.000001988091
26.062500 0.000001432966
26.087500 0.000001102122
26.112500 0.000001310330
26.137500 0.000001044037
26.162500 0.000001677097
26.187500 0.000001221514
26.212500 0.000001647319
26.237500 0.000001656933
26.262500 0.000003117791
26.287500 0.000003288629
26.312500 0.000003257014
26.337500 0.000003249703
26.362500 0.000004484608
26.387500 0.000003048787
26.412500 0.000003424417
26.437500 0.000002668006
26.462500 0.000002107511
26.487500 0.000001312577
26.512500 0.000001492083
26.537500 0.000001497704
26.562500 0.000001728224
26.587500 0.000003349001
26.612500 0.000002451489
26.637500 0.000003006716
26.662500 0.000002288448
26.687500 0.000001993313
26.712500 0.000002089012
26.737500 0.000001693664
26.762500 0.000001312009
26.787500 0.000001229765
26.812500 0.000000776297
26.837500 0.000001030134
26.862500 0.000000758189
26.887500 0.000000846668
26.912500 0.000000754315
26.937500 0.000000653948
26.962500 0.000000613027
26.987500 0.000000630681
27.012500 0.000000720436
27.037500 0.000000871467
27.062500 0.000001070760
27.087500 0.000001014048
27.112500 0.000001106707
27.137500 0.000000935496
27.162500 0.000001019785
27.187500 0.000001115557
27.212500 0.000001167947
27.237500 0.000000891513
27.262500 0.000000913304
27.287500 0.000000723629
27.312500 0.000000936184
27.337500 0.000000957730
27.362500 0.000000800961
27.387500 0.000001134077
27.412500 0.000000874886
27.437500 0.000000711977
27.462500 0.000001443113
27.487500 0.000003134049
27.512500 0.000000922728
27.537500 0.000002174054
27.562500 0.000001017389
27.587500 0.000001151845
27.612500 0.000001445926
27.637500 0.000001112723
27.662500 0.000001149578
27.687500 0.000000750694
27.712500 0.000000762066
27.737500 0.000000945567
27.762500 0.000000656071
27.787500 0.000001078671
27.812500 0.000000853176
27.837500 0.000001151416
27.862500 0.000000806973
27.887500 0.000000917810
27.912500 0.000000726165
27.937500 0.000001825805
27.962500 0.000001971974
27.987500 0.000003377610
28.012500 0.000002011213
28.037500 0.000001222541
28.062500 0.000000909179
28.087500 0.000001135105
28.112500 0.000001014879
28.137500 0.000000941093
28.162500 0.000001099002
28.187500 0.000001073997
28.212500 0.000001211089
28.237500 0.000001784024
28.262500 0.000002783734
28.287500 0.000001602596
28.312500 0.000002820996
28.337500 0.000002079411
28.362500 0.000005367986
28.387500 0.000003656941
28.412500 0.000004318924
28.437500 0.000001832414
28.462500 0.000001510577
28.487500 0.000000974970
28.512500 0.000000902307
28.537500 0.000002854017
28.562500 0.000004338692
28.587500 0.000001562188
28.612500 0.000001793366
28.637500 0.000000774485
28.662500 0.000001191995
28.687500 0.000000672378
28.712500 0.000000829241
28.737500 0.000000806949
28.762500 0.000000784867
28.787500 0.000000634632
28.812500 0.000000684000
28.837500 0.000000597682
28.862500 0.000000645248
28.887500 0.000000623549
28.912500 0.000000695244
28.937500 0.000000658732
28.962500 0.000000620055
28.987500 0.000000728085
29.012500 0.000000716391
29.037500 0.000000972746
29.062500 0.000000851882
29.087500 0.000001129291
29.112500 0.000000965763
29.137500 0.000000790328
29.162500 0.000000715127
29.187500 0.000000657145
29.212500 0.000000674059
29.237500 0.000000842181
29.262500 0.000000997928
29.287500 0.000001297976
29.312500 0.000001748074
29.337500 0.000001175676
29.362500 0.000000869619
29.387500 0.000000868900
29.412500 0.000001108063
29.437500 0.000000857578
29.462500 0.000000821733
29.487500 0.000000891197
29.512500 0.000000660215
29.537500 0.000000973640
29.562500 0.000001010638
29.587500 0.000000902394
29.612500 0.000000868734
29.637500 0.000000687588
29.662500 0.000001098628
29.687500 0.000000600325
29.712500 0.000001086911
29.737500 0.000000609248
29.762500 0.000000965502
29.787500 0.000000653009
29.812500 0.000000954765
29.837500 0.000000603880
29.862500 0.000000789412
29.887500 0.000000636895
29.912500 0.000000863749
29.937500 0.000000774208
29.962500 0.000001099433
29.987500 0.000000788579
30.012500 0.000001414749
30.037500 0.000000804230
30.062500 0.000001206029
30.087500 0.000000976792
30.112500 0.000001110423
30.137500 0.000000835835
30.162500 0.000000700806
30.187500 0.000000714334
30.212500 0.000000654237
30.237500 0.000000776181
30.262500 0.000000649993
30.287500 0.000000700306
30.312500 0.000000684603
30.337500 0.000000741674
30.362500 0.000000881656
30.387500 0.000000850154
30.412500 0.000000737383
30.437500 0.000000630647
30.462500 0.000000575808
30.487500 0.000000715466
30.512500 0.000000714830
30.537500 0.000000718166
30.562500 0.000000620722
30.587500 0.000000707619
30.612500 0.000000596257
30.637500 0.000000702073
30.662500 0.000000863593
30.687500 0.000000821091
30.712500 0.000001034745
30.737500 0.000001140437
30.762500 0.000001480386
30.787500 0.000002408901
30.812500 0.000001637858
30.837500 0.000004418921
30.862500 0.000003893353
30.887500 0.000008217129
30.912500 0.000007883831
30.937500 0.000011275863
30.962500 0.000006225272
30.987500 0.000006430903
31.012500 0.000002588607
31.037500 0.000002916593
31.062500 0.000001424083
31.087500 0.000002051963
31.112500 0.000001597961
31.137500 0.000001687489
31.162500 0.000001423458
31.187500 0.000001974257
31.212500 0.000002065754
31.237500 0.000003008418
31.262500 0.000004808064
31.287500 0.000003005325
31.312500 0.000007430171
31.337500 0.000003140520
31.362500 0.000004913022
31.387500 0.000002562062
31.412500 0.000001905150
31.437500 0.000001213929
31.462500 0.000001567344
31.487500 0.000000822846
31.512500 0.000001161184
31.537500 0.000000712112
31.562500 0.000000869911
31.587500 0.000000924577
31.612500 0.000000771245
31.637500 0.000001033559
31.662500 0.000000773812
31.687500 0.000001055534
31.712500 0.000001044719
31.737500 0.000001407969
31.762500 0.000001638088
31.787500 0.000002932358
31.812500 0.000002214726
31.837500 0.000004415936
31.862500 0.000002088699
31.887500 0.000003152280
31.912500 0.000001951070
31.937500 0.000001784184
31.962500 0.000001278453
31.987500 0.000001134616
32.012500 0.000000681614
32.037500 0.000000809215
32.062500 0.000000543039
32.087500 0.000000630282
32.112500 0.000000606467
32.137500 0.000000634497
32.162500 0.000000698536
32.187500 0.000000559152
32.212500 0.000000464596
32.237500 0.000000913558
32.262500 0.000000541308
32.287500 0.000000774516
32.312500 0.000000848171
32.337500 0.000000812476
32.362500 0.000001155620
32.387500 0.000001061852
32.412500 0.000000966539
32.437500 0.000000900868
32.462500 0.000000828518
32.487500 0.000000694969
32.512500 0.000000822086
32.537500 0.000000561649
32.562500 0.000000611456
32.587500 0.000000753738
32.612500 0.000000432590
32.637500 0.000000499241
32.662500 0.000000683743
32.687500 0.000000520395
32.712500 0.000000711524
32.737500 0.000000978414
32.762500 0.000000828414
32.787500 0.000000952209
32.812500 0.000000617549
32.837500 0.000000854864
32.862500 0.000000628176
32.887500 0.000000578805
32.912500 0.000000926290
32.937500 0.000000575878
32.962500 0.000001089930
32.987500 0.000000593267
33.012500 0.000001280214
33.037500 0.000000650281
33.062500 0.000000963045
33.087500 0.000001887353
33.112500 0.000000498449
33.137500 0.000002730176
33.162500 0.000002321133
33.187500 0.000001034752
33.212500 0.000002168651
33.237500 0.000001202561
33.262500 0.000000860714
33.287500 0.000000879344
33.312500 0.000000362995
33.337500 0.000000486347
33.362500 0.000000519905
33.387500 0.000000336366
33.412500 0.000000522758
33.437500 0.000000442603
33.462500 0.000000376685
33.487500 0.000000598338
33.512500 0.000000398100
33.537500 0.000000549907
33.562501 0.000000351658
33.587501 0.000000490674
33.612501 0.000000568585
33.637501 0.000000443833
33.662501 0.000000525580
33.687501 0.000000454157
33.712501 0.000000711542
33.737501 0.000000920455
33.762501 0.000000570638
33.787501 0.000001037222
33.812501 0.000000513824
33.837501 0.000000464044
33.862501 0.000000738589
33.887501 0.000000438232
33.912501 0.000000635033
33.937501 0.000000803029
33.962501 0.000000735462
33.987501 0.000000945791
34.012501 0.000001002450
34.037501 0.000000553312
34.062501 0.000001916802
34.087501 0.000000599542
34.112501 0.000002383901
34.137501 0.000001629142
34.162501 0.000000531103
34.187501 0.000000631038
34.212501 0.000000542055
34.237501 0.000000510822
34.262501 0.000000388283
34.287501 0.000000391040
34.312501 0.000000318356
34.337501 0.000000388586
34.362501 0.000000407762
34.387501 0.000000550134
34.412501 0.000000405465
34.437501 0.000000645543
34.462501 0.000000445849
34.487501 0.000000512857
34.512501 0.000000541763
34.537501 0.000000324023
34.562501 0.000000749806
34.587501 0.000000875218
34.612501 0.000000591687
34.637501 0.000000620050
34.662501 0.000000538933
34.687501 0.000000510706
34.712501 0.000000632621
34.737501 0.000000666537
34.762501 0.000000423870
34.787501 0.000000749907
34.812501 0.000000854040
34.837501 0.000000945728
34.862501 0.000000554685
34.887501 0.000000797228
34.912501 0.000001129053
34.937501 0.000001045063
34.962501 0.000000943633
34.987501 0.000000351356
35.012501 0.000000467539
35.037501 0.000001530228
35.062501 0.000002327997
35.087501 0.000000603973
35.112501 0.000000757873
35.137501 0.000000704990
35.162501 0.000004334983
35.187501 0.000002717740
35.212501 0.000001037843
35.237501 0.000001232695
35.262501 0.000005307870
35.287501 0.000006682080
35.312501 0.000007901456
35.337501 0.000003836779
35.362501 0.000006736855
35.387501 0.000048480152
35.412501 0.000026366220
35.437501 0.000002089082
35.462501 0.000000994953
35.487501 0.000000918624
35.512501 0.000001433117
35.537501 0.000001436262
35.562501 0.000001282842
35.587501 0.000001108310
35.612501 0.000001973385
35.637501 0.000003321605
35.662501 0.000004145437
35.687501 0.000007264326
35.712501 0.000004404189
35.737501 0.000003238802
35.762501 0.000001595725
35.787501 0.000000225999
35.812501 0.000000504967
35.837501 0.000000625941
35.862501 0.000000386588
35.887501 0.000000335397
35.912501 0.000000386993
35.937501 0.000000460447
35.962501 0.000000374921
35.987501 0.000000447825
36.012501 0.000000465055
36.037501 0.000000635158
36.062501 0.000000430023
36.087501 0.000000259007
36.112501 0.000000262590
36.137501 0.000000450743
36.162501 0.000000385748
36.187501 0.000000472315
36.212501 0.000000468652
36.237501 0.000000961423
36.262501 0.000000623190
36.287501 0.000000442762
36.312501 0.000000422050
36.337501 0.000000245460
36.362501 0.000000432364
36.387501 0.000000189308
36.412501 0.000000411308
36.437501 0.000000226122
36.462501 0.000000283086
36.487501 0.000000178007
36.512501 0.000000267088
36.537501 0.000000472539
36.562501 0.000000400467
36.587501 0.000000190667
36.612501 0.000000556203
36.637501 0.000000423451
36.662501 0.000000377466
36.687501 0.000000295762
36.712501 0.000000304868
36.737501 0.000000326694
36.762501 0.000000248576
36.787501 0.000000335769
36.812501 0.000000174835
36.837501 0.000000256308
36.862501 0.000000357361
36.887501 0.000000218342
36.912501 0.000000283562
36.937501 0.000000269634
36.962501 0.000000464014
36.987501 0.000000550795
37.012501 0.000000152964
37.037501 0.000000348965
37.062501 0.000000291786
37.087501 0.000000674978
37.112501 0.000000426797
37.137501 0.000000257812
37.162501 0.000000924495
37.187501 0.000002298540
37.212501 0.000001336961
37.237501 0.000000401164
37.262501 0.000000365861
37.287501 0.000000369844
37.312501 0.000000281647
37.337501 0.000000150799
37.362501 0.000000183487
37.387501 0.000000377615
37.412501 0.000000248406
37.437501 0.000000215148
37.462501 0.000000188242
37.487501 0.000000180886
37.512501 0.000000141904
37.537501 0.000000250811
37.562501 0.000000232627
37.587501 0.000000259574
37.612501 0.000000276652
37.637501 0.000000246424
37.662501 0.000000590784
37.687501 0.000000239481
37.712501 0.000000250558
37.737501 0.000000478404
37.762501 0.000000203001
37.787501 0.000000626611
37.812501 0.000000355408
37.837501 0.000000294228
37.862501 0.000000760745
37.887501 0.000000784281
37.912501 0.000000955112
37.937501 0.000000097607
37.962501 0.000001786407
37.987501 0.000003079110
38.012501 0.000001102580
38.037501 0.000000199846
38.062501 0.000000116869
38.087501 0.000000224511
38.112501 0.000000142681
38.137501 0.000000140421
38.162501 0.000000166696
38.187501 0.000000072610
38.212501 0.000000216307
38.237501 0.000000230591
38.262501 0.000000129372
38.287501 0.000000164421
38.312501 0.000000099165
38.337501 0.000000148139
38.362501 0.000000184200
38.387501 0.000000146401
38.412501 0.000000220074
38.437501 0.000000178326
38.462501 0.000000214441
38.487501 0.000000203388
38.512501 0.000000303315
38.537501 0.000000224520
38.562501 0.000000773472
38.587501 0.000000126156
38.612501 0.000001273819
38.637501 0.000000641762
38.662501 0.000000389520
38.687501 0.000000483300
38.712501 0.000000388994
38.737501 0.000000099629
38.762501 0.000000295477
38.787501 0.000000152805
38.812501 0.000000257537
38.837501 0.000000072690
38.862501 0.000000142444
38.887501 0.000000285842
38.912501 0.000000067929
38.937501 0.000000568414
38.962501 0.000000216456
38.987501 0.000000172951
39.012501 0.000000094420
39.037501 0.000000139098
39.062501 0.000000085464
39.087501 0.000000162657
39.112501 0.000000131574
39.137501 0.000000080605
39.162501 0.000000154161
39.187501 0.000000111651
39.212501 0.000000183638
39.237501 0.000000052185
39.262501 0.000000141513
39.287501 0.000000102918
39.312501 0.000000041131
39.337501 0.000000113875
39.362501 0.000000090436
39.387501 0.000000064892
39.412501 0.000000100959
39.437501 0.000000135547
39.462501 0.000000172694
39.487501 0.000000249521
39.512501 0.000000182870
39.537501 0.000000175821
39.562501 0.000000278752
39.587501 0.000000082787
39.612501 0.000000242053
39.637501 0.000000285034
39.662501 0.000000592815
39.687501 0.000000095132
39.712501 0.000000271505
39.737501 0.000000076168
39.762501 0.000000044992
39.787501 0.000000168724
39.812501 0.000000095194
39.837501 0.000000128098
39.862501 0.000000057519
39.887501 0.000000166706
39.912501 0.000000051507
39.937501 0.000000157398
39.962501 0.000000057173
39.987501 0.000000245478
