0.000000 1.000000000000
0.087500 0.405262184772
0.112500 0.164282507475
0.137500 0.066617745811
0.162500 0.000000012332
0.187500 0.000000003978
0.212500 0.000000006901
0.237500 0.015005415714
0.262500 0.014641910385
0.287500 0.000000001962
0.312500 0.000000001936
0.337500 0.000337890394
0.362500 0.000164682820
0.387500 0.000000002551
0.412500 0.003738522879
0.437500 0.000140332066
0.462500 0.000133817479
0.487500 0.000187871964
0.512500 0.000000007719
0.537500 0.000004203070
0.562500 0.001671388020
0.587500 0.000406524726
0.612500 0.000110808169
0.637500 0.000020762114
0.662500 0.000001277190
0.687500 0.000007004239
0.712500 0.000020883743
0.737500 0.000580918656
0.762500 0.000015246365
0.787500 0.000033335819
0.812500 0.000004641023
0.837500 0.000012686301
0.862500 0.000000296738
0.887500 0.000177471736
0.912500 0.000111842301
0.937500 0.000023080332
0.962500 0.000000471390
0.987500 0.000005743673
1.012500 0.000000351220
1.037500 0.000001222495
1.062500 0.000154692571
1.087500 0.000010507955
1.112500 0.000000182198
1.137500 0.000004051187
1.162500 0.000001794618
1.187500 0.000000094801
1.212500 0.000055550581
1.237500 0.000033211649
1.262500 0.000002501579
1.287500 0.000002742425
1.312500 0.000000198559
1.337500 0.000000590693
1.362500 0.000000460087
1.387500 0.000051544512
1.412500 0.000003451527
1.437500 0.000001266341
1.462500 0.000000449850
1.487500 0.000000572823
1.512500 0.000000580211
1.537500 0.000025753797
1.562500 0.000012281231
1.587500 0.000001516939
1.612500 0.000000578215
1.637500 0.000000345900
1.662500 0.000000375558
1.687500 0.000000058120
1.712500 0.000024622506
1.737500 0.000001879103
1.762500 0.000000663807
1.787500 0.000000265902
1.812500 0.000000287892
1.837500 0.000000126234
1.862500 0.000011654171
1.887500 0.000006660844
1.912500 0.000000643317
1.937500 0.000000293909
1.962500 0.000000322438
1.987500 0.000000106074
2.012500 0.000000252347
2.037500 0.000009678214
2.062500 0.000002533489
2.087500 0.000000262635
2.112500 0.000000204622
2.137500 0.000000132329
2.162500 0.000000165174
2.187500 0.000006177439
2.212500 0.000003302861
2.237500 0.000000468592
2.262500 0.000000204351
2.287500 0.000000158728
2.312500 0.000000167977
2.337500 0.000000133013
2.362500 0.000004775497
2.387500 0.000002618687
2.412500 0.000000149991
2.437500 0.000000218262
2.462500 0.000000168511
2.487500 0.000000132309
2.512500 0.000003675604
2.537500 0.000002031912
2.562500 0.000000347032
2.587500 0.000000192815
2.612500 0.000000161613
2.637500 0.000000156231
2.662500 0.000000163657
2.687500 0.000002841773
2.712500 0.000001457178
2.737500 0.000000211132
2.762500 0.000000173316
2.787500 0.000000170884
2.812500 0.000000160336
2.837500 0.000002167127
2.862500 0.000001387080
2.887500 0.000000281248
2.912500 0.000000191982
2.937500 0.000000181177
2.962500 0.000000181813
2.987500 0.000000176806
3.012500 0.000001843107
3.037500 0.000001142240
3.062500 0.000000215753
3.087500 0.000000203373
3.112500 0.000000191612
3.137500 0.000000198123
3.162500 0.000001619481
3.187500 0.000001051961
3.212500 0.000000291453
3.237500 0.000000206806
3.262500 0.000000322970
3.287500 0.000000272776
3.312500 0.000000246495
3.337500 0.000001445502
3.362500 0.000000831672
3.387500 0.000000290535
3.412500 0.000000282656
3.437500 0.000000220568
3.462500 0.000000292227
3.487500 0.000001136747
3.512500 0.000000531509
3.537500 0.000000522825
3.562500 0.000000241037
3.587500 0.000000215203
3.612500 0.000000296213
3.637500 0.000000224482
3.662500 0.000001036313
3.687500 0.000000711803
3.712500 0.000000268736
3.737500 0.000000258913
3.762500 0.000000293641
3.787500 0.000000252195
3.812500 0.000000860563
3.837500 0.000000349764
3.862500 0.000000613616
3.887500 0.000000268903
3.912500 0.000000310425
3.937500 0.000000272290
3.962500 0.000000312319
3.987500 0.000000823453
4.012500 0.000000594257
4.037500 0.000000301298
4.062500 0.000000306718
4.087500 0.000000311693
4.112500 0.000000312512
4.137500 0.000000744100
4.162500 0.000000337359
4.187500 0.000000595767
4.212500 0.000000351978
4.237500 0.000000320151
4.262500 0.000000341115
4.287500 0.000000335599
4.312500 0.000000752685
4.337500 0.000000512139
4.362500 0.000000368900
4.387500 0.000000336110
4.412500 0.000000330397
4.437500 0.000000354824
4.462500 0.000000667941
4.487500 0.000000387146
4.512500 0.000000534058
4.537500 0.000000443986
4.562500 0.000000342124
4.587500 0.000000408209
4.612500 0.000000430429
4.637500 0.000000679102
4.662500 0.000000585565
4.687500 0.000000381290
4.712500 0.000000397678
4.737500 0.000000361450
4.762500 0.000000383635
4.787500 0.000000656281
4.812500 0.000000409563
4.837500 0.000000544541
4.862500 0.000000405685
4.887500 0.000000421811
4.912500 0.000000412122
4.937500 0.000000410972
4.962500 0.000000603830
4.987500 0.000000465008
5.012500 0.000000469525
5.037500 0.000000409346
5.062500 0.000000417349
5.087500 0.000000451378
5.112500 0.000000615442
5.137500 0.000000486121
5.162500 0.000000540833
5.187500 0.000000470053
5.212500 0.000000476625
5.237500 0.000000452536
5.262500 0.000000464962
5.287500 0.000000594863
5.312500 0.000000468854
5.337500 0.000000549843
5.362500 0.000000459437
5.387500 0.000000483912
5.412500 0.000000476651
5.437500 0.000000602059
5.462500 0.000000484999
5.487500 0.000000555923
5.512500 0.000000498529
5.537500 0.000000495605
5.562500 0.000000515659
5.587500 0.000000498246
5.612500 0.000000618592
5.637500 0.000000518783
5.662500 0.000000603322
5.687500 0.000000501513
5.712500 0.000000509909
5.737500 0.000000542041
5.762500 0.000000627149
5.787500 0.000000565298
5.812500 0.000000625349
5.837500 0.000000594655
5.862500 0.000000538472
5.887500 0.000000567784
5.912500 0.000000557220
5.937500 0.000000654055
5.962500 0.000000568484
5.987500 0.000000633401
6.012500 0.000000579366
6.037500 0.000000564977
6.062500 0.000000587501
6.087500 0.000000643772
6.112500 0.000000602707
6.137500 0.000000644738
6.162500 0.000000593474
6.187500 0.000000603126
6.212500 0.000000615303
6.237500 0.000000621499
6.262500 0.000000692124
6.287500 0.000000602746
6.312500 0.000000691918
6.337500 0.000000615063
6.362500 0.000000628113
6.387500 0.000000649807
6.412500 0.000000701551
6.437500 0.000000652868
6.462500 0.000000657602
6.487500 0.000000744494
6.512500 0.000000686429
6.537500 0.000000699601
6.562500 0.000000717134
6.587500 0.000000744743
6.612500 0.000000679952
6.637500 0.000000732662
6.662500 0.000000701537
6.687500 0.000000700439
6.712500 0.000000687402
6.737500 0.000000747856
6.762500 0.000000733385
6.787500 0.000000682728
6.812500 0.000000816678
6.837500 0.000000828276
6.862500 0.000000767228
6.887500 0.000000821181
6.912500 0.000001060619
6.937500 0.000000857028
6.962500 0.000000817378
6.987500 0.000000846217
7.012500 0.000000796692
7.037500 0.000000754322
7.062500 0.000000840015
7.087500 0.000000779539
7.112500 0.000000823660
7.137500 0.000000889604
7.162500 0.000000761394
7.187500 0.000000788672
7.212500 0.000001010935
7.237500 0.000001272315
7.262500 0.000000822975
7.287500 0.000001386782
7.312500 0.000001876965
7.337500 0.000000822566
7.362500 0.000001395966
7.387500 0.000001286032
7.412500 0.000000807306
7.437500 0.000001028715
7.462500 0.000000865775
7.487500 0.000000815157
7.512500 0.000000872997
7.537500 0.000000848929
7.562500 0.000000836204
7.587500 0.000000845298
7.612500 0.000000856922
7.637500 0.000000832219
7.662500 0.000000863271
7.687500 0.000000831735
7.712500 0.000000869424
7.737500 0.000000867567
7.762500 0.000000854759
7.787500 0.000000885515
7.812500 0.000000854785
7.837500 0.000000880905
7.862500 0.000000847119
7.887500 0.000000895026
7.912500 0.000000911355
7.937500 0.000000938813
7.962500 0.000000904190
7.987500 0.000000955517
8.012500 0.000000966346
8.037500 0.000000969409
8.062500 0.000000927124
8.087500 0.000000950988
8.112500 0.000000959261
8.137500 0.000000917413
8.162500 0.000000909958
8.187500 0.000000934823
8.212500 0.000000940815
8.237500 0.000000956410
8.262500 0.000000938116
8.287500 0.000000940651
8.312500 0.000000954182
8.337500 0.000000939157
8.362500 0.000000938460
8.387500 0.000000983601
8.412500 0.000000964011
8.437500 0.000000969501
8.462500 0.000000992249
8.487500 0.000000954892
8.512500 0.000000989761
8.537500 0.000001032346
8.562500 0.000000972434
8.587500 0.000001007608
8.612500 0.000000965974
8.637500 0.000000960924
8.662500 0.000000979546
8.687500 0.000000963305
8.712500 0.000000984976
8.737500 0.000000960734
8.762500 0.000000990286
8.787500 0.000000976852
8.812500 0.000001012761
8.837500 0.000001000328
8.862500 0.000001030493
8.887500 0.000000992697
8.912500 0.000001013353
8.937500 0.000001022461
8.962500 0.000001027974
8.987500 0.000001010662
9.012500 0.000001025257
9.037500 0.000001051916
9.062500 0.000001048177
9.087500 0.000001073503
9.112500 0.000001049594
9.137500 0.000001097353
9.162500 0.000001057832
9.187500 0.000001135454
9.212500 0.000001097688
9.237500 0.000001068763
9.262500 0.000001106796
9.287500 0.000001114052
9.312500 0.000001086892
9.337500 0.000001119710
9.362500 0.000001234876
9.387500 0.000001144370
9.412500 0.000001235696
9.437500 0.000001409965
9.462500 0.000001215767
9.487500 0.000001144064
9.512500 0.000001228652
9.537500 0.000001171400
9.562500 0.000001141618
9.587500 0.000001192619
9.612500 0.000001165285
9.637500 0.000001167557
9.662500 0.000001158574
9.687500 0.000001182485
9.712500 0.000001161400
9.737500 0.000001187299
9.762500 0.000001200484
9.787500 0.000001185946
9.812500 0.000001147263
9.837500 0.000001170832
9.862500 0.000001162209
9.887500 0.000001147184
9.912500 0.000001184556
9.937500 0.000001160271
9.962500 0.000001147179
9.987500 0.000001162034
10.012500 0.000001194259
10.037500 0.000001197810
10.062500 0.000001249802
10.087500 0.000001203559
10.112500 0.000001181782
10.137500 0.000001185363
10.162500 0.000001193950
10.187500 0.000001317964
10.212500 0.000001524999
10.237500 0.000001334344
10.262500 0.000001442952
10.287500 0.000001789056
10.312500 0.000001425497
10.337500 0.000001295842
10.362500 0.000001402430
10.387500 0.000001286722
10.412500 0.000001227566
10.437500 0.000001252682
10.462500 0.000001216269
10.487500 0.000001247917
10.512500 0.000001247985
10.537500 0.000001223691
10.562500 0.000001238790
10.587500 0.000001215535
10.612500 0.000001221279
10.637500 0.000001198411
10.662500 0.000001243612
10.687500 0.000001203421
10.712500 0.000001268996
10.737500 0.000001227405
10.762500 0.000001285695
10.787500 0.000001240709
10.812500 0.000001355659
10.837500 0.000001259923
10.862500 0.000001267509
10.887500 0.000001278874
10.912500 0.000001278881
10.937500 0.000001264700
10.962500 0.000001267444
10.987500 0.000001302120
11.012500 0.000001272700
11.037500 0.000001279211
11.062500 0.000001312460
11.087500 0.000001298690
11.112500 0.000001285694
11.137500 0.000001364597
11.162500 0.000001323551
11.187500 0.000001313308
11.212500 0.000001319192
11.237500 0.000001318062
11.262500 0.000001308654
11.287500 0.000001322732
11.312500 0.000001344347
11.337500 0.000001328833
11.362500 0.000001306849
11.387500 0.000001350169
11.412500 0.000001320339
11.437500 0.000001447774
11.462500 0.000001398689
11.487500 0.000001538341
11.512500 0.000001441123
11.537500 0.000001424377
11.562500 0.000001441931
11.587500 0.000001384975
11.612500 0.000001392690
11.637500 0.000001503158
11.662500 0.000001439181
11.687500 0.000001447595
11.712500 0.000001457282
11.737500 0.000001522892
11.762500 0.000001559180
11.787500 0.000001454683
11.812500 0.000001830974
11.837500 0.000001426608
11.862500 0.000001404905
11.887500 0.000001373760
11.912500 0.000001386962
11.937500 0.000001362880
11.962500 0.000004692241
11.987500 0.000001536444
12.012500 0.000001472000
12.037500 0.000008821266
12.062500 0.000002254054
12.087500 0.000001534901
12.112500 0.000001505966
12.137500 0.000005052938
12.162500 0.000001851722
12.187500 0.000001963273
12.212500 0.000001704795
12.237500 0.000001668746
12.262500 0.000001591386
12.287500 0.000002085233
12.312500 0.000001982378
12.337500 0.000001710903
12.362500 0.000001577820
12.387500 0.000001543609
12.412500 0.000001783516
12.437500 0.000003306904
12.462500 0.000005853560
12.487500 0.000003758503
12.512500 0.000005825725
12.537500 0.000012572593
12.562500 0.000006130048
12.587500 0.000001733492
12.612500 0.000008173258
12.637500 0.000003590535
12.662500 0.000001701232
12.687500 0.000001746272
12.712500 0.000001835637
12.737500 0.000001561214
12.762500 0.000001759825
12.787500 0.000002133557
12.812500 0.000001826315
12.837500 0.000001616153
12.862500 0.000001971943
12.887500 0.000001748427
12.912500 0.000001649878
12.937500 0.000001717712
12.962500 0.000001687699
12.987500 0.000001551746
13.012500 0.000001654851
13.037500 0.000004616554
13.062500 0.000001541864
13.087500 0.000001656678
13.112500 0.000008379371
13.137500 0.000001686318
13.162500 0.000002249826
13.187500 0.000004480926
13.212500 0.000001770711
13.237500 0.000001714961
13.262500 0.000001927072
13.287500 0.000001907755
13.312500 0.000003257543
13.337500 0.000005613116
13.362500 0.000003987677
13.387500 0.000005620269
13.412500 0.000010921013
13.437500 0.000005836461
13.462500 0.000003560387
13.487500 0.000005517519
13.512500 0.000003713647
13.537500 0.000001766527
13.562500 0.000001952461
13.587500 0.000002524482
13.612500 0.000003069281
13.637500 0.000002636487
13.662500 0.000004082422
13.687500 0.000006094926
13.712500 0.000001872183
13.737500 0.000007239031
13.762500 0.000003261665
13.787500 0.000007196940
13.812500 0.000003021099
13.837500 0.000001883209
13.862500 0.000005126212
13.887500 0.000002190521
13.912500 0.000002882658
13.937500 0.000002222312
13.962500 0.000002878184
13.987500 0.000002566798
14.012500 0.000003719220
14.037500 0.000004212069
14.062500 0.000006449420
14.087500 0.000005283630
14.112500 0.000006128222
14.137500 0.000006270853
14.162500 0.000008219731
14.187500 0.000004465421
14.212500 0.000005218809
14.237500 0.000002664376
14.262500 0.000002955610
14.287500 0.000002323364
14.312500 0.000001881825
14.337500 0.000002171559
14.362500 0.000001934542
14.387500 0.000001965241
14.412500 0.000001973575
14.437500 0.000001884403
14.462500 0.000001976202
14.487500 0.000001830822
14.512500 0.000001930992
14.537500 0.000002595907
14.562500 0.000003178268
14.587500 0.000001827210
14.612500 0.000003749828
14.637500 0.000004927131
14.662500 0.000001842706
14.687500 0.000003799564
14.712500 0.000003149530
14.737500 0.000002591343
14.762500 0.000002141964
14.787500 0.000001890957
14.812500 0.000003215033
14.837500 0.000002783194
14.862500 0.000004616659
14.887500 0.000004614212
14.912500 0.000005466299
14.937500 0.000008109172
14.962500 0.000004717843
14.987500 0.000007741512
15.012500 0.000003954637
15.037500 0.000003768199
15.062500 0.000003560626
15.087500 0.000002543513
15.112500 0.000003002084
15.137500 0.000002051966
15.162500 0.000002674629
15.187500 0.000002752938
15.212500 0.000001965211
15.237500 0.000003906954
15.262500 0.000002349181
15.287500 0.000004089196
15.312500 0.000002520682
15.337500 0.000002954669
15.362500 0.000002125761
15.387500 0.000002015864
15.412500 0.000001774166
15.437500 0.000001798303
15.462500 0.000001730024
15.487500 0.000001758099
15.512500 0.000001704177
15.537500 0.000001632863
15.562500 0.000001759987
15.587500 0.000001635403
15.612500 0.000001741065
15.637500 0.000001822623
15.662500 0.000001627429
15.687500 0.000001725664
15.712500 0.000001880062
15.737500 0.000001774587
15.762500 0.000001722868
15.787500 0.000001894158
15.812500 0.000001702317
15.837500 0.000001854882
15.862500 0.000001718732
15.887500 0.000001737121
15.912500 0.000001791144
15.937500 0.000001579079
15.962500 0.000001775607
15.987500 0.000001819492
16.012500 0.000001898611
16.037500 0.000001573357
16.062500 0.000001843605
16.087500 0.000001761469
16.112500 0.000001671739
16.137500 0.000001597605
16.162500 0.000001636343
16.187500 0.000001635559
16.212500 0.000001647394
16.237500 0.000001601738
16.262500 0.000001700190
16.287500 0.000001612881
16.312500 0.000001636325
16.337500 0.000001663911
16.362500 0.000001582104
16.387500 0.000001595427
16.412500 0.000001583690
16.437500 0.000001569889
16.462500 0.000001594911
16.487500 0.000001603234
16.512500 0.000001659432
16.537500 0.000001605049
16.562500 0.000001639166
16.587500 0.000001708797
16.612500 0.000001798506
16.637500 0.000001632073
16.662500 0.000001875073
16.687500 0.000001748059
16.712500 0.000001718939
16.737500 0.000001708915
16.762500 0.000001625898
16.787500 0.000001647705
16.812500 0.000001654542
16.837500 0.000001621457
16.862500 0.000001604078
16.887500 0.000001641913
16.912500 0.000001650537
16.937500 0.000001688510
16.962500 0.000001609652
16.987500 0.000001687855
17.012500 0.000001808023
17.037500 0.000001669030
17.062500 0.000001727874
17.087500 0.000001663968
17.112500 0.000001648882
17.137500 0.000001628132
17.162500 0.000001557001
17.187500 0.000001585262
17.212500 0.000001556117
17.237500 0.000001536004
17.262500 0.000001533966
17.287500 0.000001520436
17.312500 0.000001547744
17.337500 0.000001528396
17.362500 0.000001536763
17.387500 0.000001539199
17.412500 0.000001522535
17.437500 0.000001542072
17.462500 0.000001587437
17.487500 0.000001553611
17.512500 0.000001625106
17.537500 0.000001651124
17.562500 0.000001594150
17.587500 0.000001649704
17.612500 0.000001579406
17.637500 0.000001589921
17.662500 0.000001576115
17.687500 0.000001577456
17.712500 0.000001565737
17.737500 0.000001686522
17.762500 0.000001663571
17.787500 0.000001617734
17.812500 0.000001789853
17.837500 0.000001713163
17.862500 0.000001865269
17.887500 0.000001647067
17.912500 0.000001773830
17.937500 0.000001614580
17.962500 0.000001726704
17.987500 0.000001862690
18.012500 0.000001635105
18.037500 0.000001647926
18.062500 0.000001768824
18.087500 0.000002330723
18.112500 0.000001535723
18.137500 0.000003539314
18.162500 0.000003469436
18.187500 0.000002306575
18.212500 0.000006351931
18.237500 0.000004217508
18.262500 0.000003564348
18.287500 0.000001584959
18.312500 0.000002319875
18.337500 0.000001764705
18.362500 0.000001624242
18.387500 0.000001509739
18.412500 0.000001949116
18.437500 0.000001595129
18.462500 0.000001620051
18.487500 0.000001672307
18.512500 0.000001731392
18.537500 0.000001677309
18.562500 0.000001673650
18.587500 0.000001764180
18.612500 0.000001585429
18.637500 0.000001671581
18.662500 0.000001585598
18.687500 0.000001638472
18.712500 0.000001547183
18.737500 0.000001570744
18.762500 0.000001608143
18.787500 0.000001585960
18.812500 0.000001639773
18.837500 0.000001579110
18.862500 0.000001611527
18.887500 0.000001724313
18.912500 0.000001632985
18.937500 0.000001566888
18.962500 0.000001680973
18.987500 0.000001635594
19.012500 0.000001598402
19.037500 0.000001594068
19.062500 0.000001611337
19.087500 0.000001585730
19.112500 0.000001625462
19.137500 0.000001648027
19.162500 0.000001727906
19.187500 0.000001648951
19.212500 0.000001732064
19.237500 0.000001999431
19.262500 0.000002076600
19.287500 0.000002756933
19.312500 0.000003400264
19.337500 0.000004150090
19.362500 0.000002277859
19.387500 0.000003307783
19.412500 0.000002708924
19.437500 0.000002027314
19.462500 0.000001960063
19.487500 0.000001677724
19.512500 0.000001682509
19.537500 0.000001658478
19.562500 0.000001691898
19.587500 0.000001586607
19.612500 0.000001609648
19.637500 0.000001639238
19.662500 0.000001599514
19.687500 0.000001587146
19.712500 0.000001585692
19.737500 0.000001670200
19.762500 0.000001563282
19.787500 0.000001701434
19.812500 0.000001595763
19.837500 0.000001613672
19.862500 0.000001574121
19.887500 0.000001515434
19.912500 0.000001526087
19.937500 0.000001523004
19.962500 0.000001471207
19.987500 0.000001490605
20.012500 0.000001479239
20.037500 0.000001477390
20.062500 0.000001495754
20.087500 0.000001519278
20.112500 0.000001483498
20.137500 0.000001579630
20.162500 0.000001512773
20.187500 0.000001518235
20.212500 0.000001481443
20.237500 0.000001494075
20.262500 0.000001480533
20.287500 0.000001511030
20.312500 0.000001492228
20.337500 0.000001542004
20.362500 0.000001480127
20.387500 0.000001521391
20.412500 0.000001562116
20.437500 0.000001498816
20.462500 0.000001646792
20.487500 0.000001561872
20.512500 0.000001628718
20.537500 0.000001530272
20.562500 0.000001527320
20.587500 0.000001537699
20.612500 0.000001498994
20.637500 0.000001528252
20.662500 0.000001509955
20.687500 0.000001490011
20.712500 0.000001472276
20.737500 0.000001478797
20.762500 0.000001466673
20.787500 0.000001498985
20.812500 0.000001506484
20.837500 0.000001508607
20.862500 0.000001516422
20.887500 0.000001517370
20.912500 0.000001468992
20.937500 0.000001512560
20.962500 0.000001482211
20.987500 0.000001507290
21.012500 0.000001509027
21.037500 0.000001486884
21.062500 0.000001485741
21.087500 0.000001512573
21.112500 0.000001478369
21.137500 0.000001540452
21.162500 0.000001510704
21.187500 0.000001551230
21.212500 0.000001595501
21.237500 0.000001545564
21.262500 0.000001623007
21.287500 0.000001575610
21.312500 0.000001535110
21.337500 0.000001559956
21.362500 0.000001484585
21.387500 0.000001549988
21.412500 0.000001467085
21.437500 0.000001578135
21.462500 0.000001499060
21.487500 0.000001508981
21.512500 0.000001575395
21.537500 0.000001478166
21.562500 0.000001611360
21.587500 0.000001468805
21.612500 0.000001810206
21.637500 0.000001516698
21.662500 0.000001455657
21.687500 0.000002811022
21.712500 0.000001453798
21.737500 0.000003673612
21.762500 0.000001449652
21.787500 0.000002858452
21.812500 0.000001481509
21.837500 0.000001815076
21.862500 0.000001481705
21.887500 0.000001489406
21.912500 0.000001635336
21.937500 0.000001496649
21.962500 0.000001710939
21.987500 0.000001521515
22.012500 0.000001606460
22.037500 0.000001612263
22.062500 0.000001750216
22.087500 0.000001592577
22.112500 0.000002111435
22.137500 0.000002072197
22.162500 0.000001718555
22.187500 0.000002826400
22.212500 0.000002389235
22.237500 0.000002206145
22.262500 0.000001583247
22.287500 0.000001977907
22.312500 0.000001960866
22.337500 0.000002427656
22.362500 0.000003107672
22.387500 0.000003097099
22.412500 0.000003537594
22.437500 0.000004621588
22.462500 0.000003609589
22.487500 0.000003384584
22.512500 0.000002609055
22.537500 0.000002055827
22.562500 0.000002069402
22.587500 0.000001775122
22.612500 0.000001981420
22.637500 0.000002270376
22.662500 0.000002023857
22.687500 0.000001978538
22.712500 0.000003330701
22.737500 0.000002392066
22.762500 0.000003290935
22.787500 0.000002594128
22.812500 0.000002575272
22.837500 0.000002407572
22.862500 0.000002583624
22.887500 0.000003069875
22.912500 0.000002960680
22.937500 0.000004562606
22.962500 0.000003035388
22.987500 0.000003326531
23.012500 0.000003842693
23.037500 0.000002490685
23.062500 0.000003167022
23.087500 0.000002498150
23.112500 0.000002103443
23.137500 0.000002664881
23.162500 0.000002708063
23.187500 0.000002443593
23.212500 0.000001687884
23.237500 0.000002012471
23.262500 0.000001903317
23.287500 0.000001556032
23.312500 0.000001532678
23.337500 0.000001582149
23.362500 0.000001523392
23.387500 0.000001481164
23.412500 0.000001576602
23.437500 0.000001516966
23.462500 0.000001465256
23.487500 0.000001465405
23.512500 0.000001505190
23.537500 0.000001455312
23.562500 0.000001509138
23.587500 0.000001697077
23.612500 0.000001630556
23.637500 0.000001578552
23.662500 0.000001586920
23.687500 0.000001682041
23.712500 0.000001559544
23.737500 0.000001808833
23.762500 0.000001592315
23.787500 0.000001442422
23.812500 0.000001484087
23.837500 0.000001436833
23.862500 0.000001443175
23.887500 0.000001505181
23.912500 0.000001665194
23.937500 0.000001524583
23.962500 0.000001499693
23.987500 0.000001469271
24.012500 0.000001410369
24.037500 0.000001404890
24.062500 0.000001667761
24.087500 0.000001557131
24.112500 0.000001392630
24.137500 0.000001465937
24.162500 0.000001380942
24.187500 0.000001461346
24.212500 0.000001417223
24.237500 0.000001784313
24.262500 0.000001606575
24.287500 0.000001512569
24.312500 0.000001385723
24.337500 0.000001439343
24.362500 0.000001543015
24.387500 0.000001887479
24.412500 0.000001505579
24.437500 0.000001634618
24.462500 0.000001451596
24.487500 0.000001401397
24.512500 0.000001427633
24.537500 0.000001407200
24.562500 0.000002203106
24.587500 0.000001794587
24.612500 0.000001415908
24.637500 0.000001430830
24.662500 0.000001399310
24.687500 0.000001405486
24.712500 0.000002963612
24.737500 0.000001477224
24.762500 0.000002276931
24.787500 0.000001572871
24.812500 0.000001523201
24.837500 0.000001504756
24.862500 0.000001480217
24.887500 0.000006326566
24.912500 0.000003663334
24.937500 0.000002571587
24.962500 0.000002964737
24.987500 0.000001452879
25.012500 0.000004065591
25.037500 0.000041158409
25.062500 0.000003282862
25.087500 0.000021375397
25.112500 0.000002246014
25.137500 0.000001547229
25.162500 0.000001544070
25.187500 0.000001619436
25.212500 0.000001623051
25.237500 0.000001607968
25.262500 0.000001549678
25.287500 0.000001477042
25.312500 0.000001480372
25.337500 0.000002008915
25.362500 0.000001537136
25.387500 0.000002599713
25.412500 0.000003073985
25.437500 0.000004078025
25.462500 0.000001659657
25.487500 0.000003019823
25.512500 0.000002700765
25.537500 0.000001548887
25.562500 0.000002065702
25.587500 0.000001630641
25.612500 0.000001646640
25.637500 0.000001690004
25.662500 0.000001822549
25.687500 0.000001788795
25.712500 0.000001970171
25.737500 0.000002274918
25.762500 0.000002434559
25.787500 0.000002910286
25.812500 0.000003351148
25.837500 0.000004305492
25.862500 0.000002985433
25.887500 0.000002869704
25.912500 0.000002741693
25.937500 0.000002317752
25.962500 0.000002546779
25.987500 0.000002842371
26.012500 0.000002283675
26.037500 0.000003211119
26.062500 0.000002547599
26.087500 0.000002765351
26.112500 0.000002231819
26.137500 0.000001869434
26.162500 0.000002093394
26.187500 0.000002078870
26.212500 0.000002551545
26.237500 0.000002610400
26.262500 0.000003215025
26.287500 0.000003731989
26.312500 0.000003770854
26.337500 0.000003188437
26.362500 0.000002290191
26.387500 0.000002177130
26.412500 0.000001869924
26.437500 0.000001753590
26.462500 0.000001607333
26.487500 0.000001609430
26.512500 0.000001617875
26.537500 0.000001555707
26.562500 0.000001522798
26.587500 0.000001522606
26.612500 0.000001533610
26.637500 0.000001508501
26.662500 0.000001538441
26.687500 0.000001531750
26.712500 0.000001533404
26.737500 0.000001647038
26.762500 0.000001579939
26.787500 0.000001653826
26.812500 0.000001614242
26.837500 0.000001608691
26.862500 0.000001503187
26.887500 0.000001549624
26.912500 0.000001518940
26.937500 0.000001522701
26.962500 0.000001533778
26.987500 0.000001515419
27.012500 0.000001527464
27.037500 0.000001531347
27.062500 0.000001510795
27.087500 0.000001515967
27.112500 0.000001529324
27.137500 0.000001492008
27.162500 0.000001492853
27.187500 0.000001481188
27.212500 0.000001510139
27.237500 0.000001508784
27.262500 0.000001560827
27.287500 0.000001515567
27.312500 0.000001628517
27.337500 0.000001554995
27.362500 0.000001563536
27.387500 0.000001515350
27.412500 0.000001553066
27.437500 0.000001513949
27.462500 0.000001633170
27.487500 0.000001582865
27.512500 0.000001655568
27.537500 0.000001545890
27.562500 0.000001537532
27.587500 0.000001532636
27.612500 0.000001573197
27.637500 0.000001624134
27.662500 0.000001500889
27.687500 0.000001613463
27.712500 0.000001514356
27.737500 0.000001508759
27.762500 0.000002037684
27.787500 0.000002706427
27.812500 0.000001501791
27.837500 0.000002022595
27.862500 0.000001604531
27.887500 0.000001693768
27.912500 0.000001527955
27.937500 0.000001649206
27.962500 0.000001539462
27.987500 0.000001746492
28.012500 0.000002084074
28.037500 0.000002818974
28.062500 0.000002077205
28.087500 0.000002127735
28.112500 0.000001529895
28.137500 0.000001686499
28.162500 0.000001642955
28.187500 0.000001501338
28.212500 0.000001451395
28.237500 0.000001968380
28.262500 0.000002766799
28.287500 0.000001604790
28.312500 0.000002025194
28.337500 0.000001618083
28.362500 0.000001489438
28.387500 0.000001740287
28.412500 0.000002016279
28.437500 0.000002757778
28.462500 0.000002116975
28.487500 0.000002136434
28.512500 0.000002073368
28.537500 0.000001872145
28.562500 0.000002618942
28.587500 0.000002003333
28.612500 0.000002756890
28.637500 0.000002072487
28.662500 0.000002753309
28.687500 0.000001686261
28.712500 0.000001809990
28.737500 0.000001579485
28.762500 0.000001569089
28.787500 0.000001568097
28.812500 0.000001475364
28.837500 0.000001536424
28.862500 0.000001519572
28.887500 0.000001499888
28.912500 0.000001629769
28.937500 0.000001445635
28.962500 0.000001815320
28.987500 0.000001722102
29.012500 0.000001842576
29.037500 0.000001782835
29.062500 0.000001498853
29.087500 0.000001407072
29.112500 0.000001426482
29.137500 0.000001422399
29.162500 0.000001392276
29.187500 0.000001414793
29.212500 0.000001405541
29.237500 0.000001417343
29.262500 0.000001469631
29.287500 0.000001467486
29.312500 0.000001556292
29.337500 0.000001477264
29.362500 0.000001607623
29.387500 0.000001480978
29.412500 0.000001653800
29.437500 0.000001389378
29.462500 0.000001565100
29.487500 0.000001381868
29.512500 0.000001428913
29.537500 0.000001420210
29.562500 0.000001393792
29.587500 0.000001452936
29.612500 0.000001380441
29.637500 0.000001391699
29.662500 0.000001377538
29.687500 0.000001370220
29.712500 0.000001396799
29.737500 0.000001396895
29.762500 0.000001393892
29.787500 0.000001461954
29.812500 0.000001407097
29.837500 0.000001381475
29.862500 0.000001366294
29.887500 0.000001364244
29.912500 0.000001354468
29.937500 0.000001370779
29.962500 0.000001342017
29.987500 0.000001369950
30.012500 0.000001357789
30.037500 0.000001365645
30.062500 0.000001411916
30.087500 0.000001367533
30.112500 0.000001389882
30.137500 0.000001369904
30.162500 0.000001351341
30.187500 0.000001361877
30.212500 0.000001341088
30.237500 0.000001362273
30.262500 0.000001357837
30.287500 0.000001399359
30.312500 0.000001388659
30.337500 0.000001446839
30.362500 0.000001397932
30.387500 0.000001394960
30.412500 0.000001359643
30.437500 0.000001349693
30.462500 0.000001338749
30.487500 0.000001331724
30.512500 0.000001327646
30.537500 0.000001320470
30.562500 0.000001326562
30.587500 0.000001336272
30.612500 0.000001307588
30.637500 0.000001323525
30.662500 0.000001320870
30.687500 0.000001332688
30.712500 0.000001362029
30.737500 0.000001368413
30.762500 0.000001372490
30.787500 0.000001340286
30.812500 0.000001408904
30.837500 0.000001423034
30.862500 0.000001579996
30.887500 0.000001480607
30.912500 0.000001428528
30.937500 0.000001641626
30.962500 0.000002308511
30.987500 0.000002763627
31.012500 0.000002222343
31.037500 0.000002146273
31.062500 0.000002369312
31.087500 0.000002539586
31.112500 0.000004009774
31.137500 0.000004437028
31.162500 0.000003909214
31.187500 0.000004369558
31.212500 0.000003600821
31.237500 0.000002282172
31.262500 0.000002368440
31.287500 0.000001658493
31.312500 0.000001927242
31.337500 0.000001631534
31.362500 0.000001787850
31.387500 0.000001788622
31.412500 0.000001932205
31.437500 0.000002304742
31.462500 0.000002524872
31.487500 0.000003493528
31.512500 0.000002916398
31.537500 0.000005222469
31.562500 0.000003749159
31.587500 0.000003959144
31.612500 0.000003046100
31.637500 0.000002364372
31.662500 0.000001917560
31.687500 0.000001814408
31.712500 0.000001489075
31.737500 0.000001575641
31.762500 0.000001391394
31.787500 0.000001439879
31.812500 0.000001417410
31.837500 0.000001362240
31.862500 0.000001354209
31.887500 0.000001277799
31.912500 0.000001304027
31.937500 0.000001236055
31.962500 0.000001267748
31.987500 0.000001225202
32.012500 0.000001243694
32.037500 0.000001242412
32.062500 0.000001233455
32.087500 0.000001239733
32.112500 0.000001260023
32.137500 0.000001257099
32.162500 0.000001306145
32.187500 0.000001235404
32.212500 0.000001239620
32.237500 0.000001190423
32.262500 0.000001221663
32.287500 0.000001176556
32.312500 0.000001196292
32.337500 0.000001167917
32.362500 0.000001195063
32.387500 0.000001181769
32.412500 0.000001172306
32.437500 0.000001189475
32.462500 0.000001200250
32.487500 0.000001216844
32.512500 0.000001284967
32.537500 0.000001223739
32.562500 0.000001366370
32.587500 0.000001219691
32.612500 0.000001335494
32.637500 0.000001182401
32.662500 0.000001280199
32.687500 0.000001206250
32.712500 0.000001218858
32.737500 0.000001194987
32.762500 0.000001215129
32.787500 0.000001170408
32.812500 0.000001209334
32.837500 0.000001155961
32.862500 0.000001180093
32.887500 0.000001165327
32.912500 0.000001196345
32.937500 0.000001202742
32.962500 0.000001210999
32.987500 0.000001219031
33.012500 0.000001267903
33.037500 0.000001280202
33.062500 0.000001292126
33.087500 0.000001248777
33.112500 0.000001406966
33.137500 0.000001205038
33.162500 0.000001783340
33.187500 0.000002253894
33.212500 0.000001200232
33.237500 0.000001896459
33.262500 0.000001343076
33.287500 0.000001229951
33.312500 0.000001346340
33.337500 0.000001321629
33.362500 0.000001208944
33.387500 0.000001310086
33.412500 0.000001750169
33.437500 0.000001261330
33.462500 0.000001962196
33.487500 0.000001772034
33.512500 0.000001192920
33.537500 0.000001392600
33.562501 0.000001187336
33.587501 0.000001282970
33.612501 0.000001201126
33.637501 0.000001238943
33.662501 0.000001203418
33.687501 0.000001215403
33.712501 0.000001174395
33.737501 0.000001284297
33.762501 0.000001327894
33.787501 0.000001148523
33.812501 0.000001744166
33.837501 0.000001304347
33.862501 0.000002082188
33.887501 0.000001819844
33.912501 0.000001168412
33.937501 0.000001358223
33.962501 0.000001253038
33.987501 0.000001244261
34.012501 0.000001123183
34.037501 0.000001160260
34.062501 0.000001173440
34.087501 0.000001217808
34.112501 0.000001101609
34.137501 0.000001104016
34.162501 0.000001116497
34.187501 0.000001220748
34.212501 0.000001146205
34.237501 0.000001089274
34.262501 0.000001108358
34.287501 0.000001180456
34.312501 0.000001261469
34.337501 0.000001088100
34.362501 0.000001129840
34.387501 0.000001239809
34.412501 0.000001228123
34.437501 0.000001242116
34.462501 0.000001103967
34.487501 0.000001140611
34.512501 0.000001270059
34.537501 0.000001339185
34.562501 0.000001111263
34.587501 0.000001092472
34.612501 0.000001327589
34.637501 0.000001510066
34.662501 0.000001173707
34.687501 0.000001200513
34.712501 0.000001153798
34.737501 0.000001432421
34.762501 0.000001671082
34.787501 0.000001133275
34.812501 0.000001187444
34.837501 0.000001489331
34.862501 0.000001831029
34.887501 0.000001128898
34.912501 0.000001126828
34.937501 0.000001119055
34.962501 0.000001724315
34.987501 0.000002244150
35.012501 0.000001161944
35.037501 0.000001187925
35.062501 0.000002100128
35.087501 0.000002274093
35.112501 0.000001960511
35.137501 0.000001210383
35.162501 0.000001256263
35.187501 0.000003091470
35.212501 0.000004849764
35.237501 0.000001392902
35.262501 0.000001410039
35.287501 0.000001627100
35.312501 0.000005735439
35.337501 0.000011113671
35.362501 0.000002494759
35.387501 0.000002967620
35.412501 0.000025208422
35.437501 0.000045766749
35.462501 0.000002893054
35.487501 0.000001980750
35.512501 0.000001322155
35.537501 0.000001378275
35.562501 0.000001619008
35.587501 0.000001711503
35.612501 0.000001582252
35.637501 0.000001543100
35.662501 0.000001932836
35.687501 0.000002581511
35.712501 0.000003091270
35.737501 0.000004471676
35.762501 0.000003116385
35.787501 0.000002534310
35.812501 0.000001767332
35.837501 0.000001101784
35.862501 0.000001233510
35.887501 0.000001298963
35.912501 0.000001171314
35.937501 0.000001111387
35.962501 0.000001147115
35.987501 0.000001137273
36.012501 0.000001120449
36.037501 0.000001058867
36.062501 0.000001105524
36.087501 0.000001138697
36.112501 0.000001076901
36.137501 0.000001108066
36.162501 0.000001055677
36.187501 0.000001116722
36.212501 0.000001056079
36.237501 0.000001075752
36.262501 0.000001049859
36.287501 0.000001084208
36.312501 0.000001058217
36.337501 0.000001047391
36.362501 0.000001052507
36.387501 0.000001056986
36.412501 0.000001060085
36.437501 0.000001041284
36.462501 0.000001066897
36.487501 0.000001027936
36.512501 0.000001075551
36.537501 0.000001027759
36.562501 0.000001075753
36.587501 0.000001027558
36.612501 0.000001147483
36.637501 0.000001043828
36.662501 0.000001206405
36.687501 0.000001115135
36.712501 0.000001064293
36.737501 0.000001021011
36.762501 0.000000983946
36.787501 0.000000969587
36.812501 0.000000972796
36.837501 0.000000961380
36.862501 0.000000973150
36.887501 0.000000970721
36.912501 0.000000956989
36.937501 0.000000966787
36.962501 0.000000956780
36.987501 0.000000999214
37.012501 0.000000986627
37.037501 0.000001022534
37.062501 0.000000949989
37.087501 0.000001058959
37.112501 0.000000967715
37.137501 0.000000918217
37.162501 0.000000950771
37.187501 0.000001001196
37.212501 0.000000986657
37.237501 0.000000911314
37.262501 0.000000901965
37.287501 0.000000993352
37.312501 0.000001169926
37.337501 0.000001082925
37.362501 0.000000899327
37.387501 0.000001358684
37.412501 0.000002088434
37.437501 0.000001442805
37.462501 0.000000921934
37.487501 0.000000909148
37.512501 0.000000922781
37.537501 0.000000854901
37.562501 0.000000985380
37.587501 0.000000885314
37.612501 0.000000824370
37.637501 0.000000976313
37.662501 0.000001085319
37.687501 0.000000988045
37.712501 0.000000813634
37.737501 0.000001418686
37.762501 0.000002138556
37.787501 0.000001354433
37.812501 0.000000831298
37.837501 0.000000810780
37.862501 0.000000871235
37.887501 0.000000783925
37.912501 0.000000800653
37.937501 0.000000772569
37.962501 0.000000782237
37.987501 0.000000771911
38.012501 0.000000780529
38.037501 0.000000762795
38.062501 0.000000966838
38.087501 0.000000773933
38.112501 0.000001085056
38.137501 0.000000940992
38.162501 0.000000702251
38.187501 0.000000729388
38.212501 0.000000729477
38.237501 0.000000674544
38.262501 0.000000705873
38.287501 0.000000675143
38.312501 0.000000685982
38.337501 0.000000685855
38.362501 0.000000684085
38.387501 0.000000666156
38.412501 0.000000677726
38.437501 0.000000644290
38.462501 0.000000642252
38.487501 0.000000632811
38.512501 0.000000615883
38.537501 0.000000635669
38.562501 0.000000620629
38.587501 0.000000628547
38.612501 0.000000652257
38.637501 0.000000613436
38.662501 0.000000698098
38.687501 0.000000640616
38.712501 0.000000654162
38.737501 0.000000625145
38.762501 0.000000606159
38.787501 0.000000589562
38.812501 0.000000588756
38.837501 0.000000565624
38.862501 0.000000558597
38.887501 0.000000552684
38.912501 0.000000538761
38.937501 0.000000545070
38.962501 0.000000540493
38.987501 0.000000541498
39.012501 0.000000529679
39.037501 0.000000543320
39.062501 0.000000531148
39.087501 0.000000541807
39.112501 0.000000504541
39.137501 0.000000533705
39.162501 0.000000496246
39.187501 0.000000507386
39.212501 0.000000498863
39.237501 0.000000507055
39.262501 0.000000479508
39.287501 0.000000491067
39.312501 0.000000454407
39.337501 0.000000479612
39.362501 0.000000431996
39.387501 0.000000458878
39.412501 0.000000428787
39.437501 0.000000460756
39.462501 0.000000434695
39.487501 0.000000447877
39.512501 0.000000439240
39.537501 0.000000430674
39.562501 0.000000437916
39.587501 0.000000421330
39.612501 0.000000415339
39.637501 0.000000418126
39.662501 0.000000417831
39.687501 0.000000394485
39.712501 0.000000417996
39.737501 0.000000385743
39.762501 0.000000394532
39.787501 0.000000383177
39.812501 0.000000408281
39.837501 0.000000380183
39.862501 0.000000378767
39.887501 0.000000367055
39.912501 0.000000361483
39.937501 0.000000372529
39.962501 0.000000343923
39.987501 0.000000364470
