0.000000000000000000e+00 2.556090495544406876e+05
8.749999999999999445e-02 2.141498431937946007e+05
1.125000000000000028e-01 1.508530601102514192e+05
1.375000000000000111e-01 8.998756196234546951e+04
1.625000000000000056e-01 4.605581875089371169e+04
1.875000000000000000e-01 2.091450125418165044e+04
2.124999999999999944e-01 9.310538197945215870e+03
2.374999999999999889e-01 4.906776734874731119e+03
2.625000000000000111e-01 3.258488673666865907e+03
2.874999999999999778e-01 2.267561913330765492e+03
3.125000000000000000e-01 1.423314934889154074e+03
3.375000000000000222e-01 8.167816746770206464e+02
3.624999999999999889e-01 5.212278153386856729e+02
3.875000000000000111e-01 4.421014553762411765e+02
4.124999999999999778e-01 4.240928487510809646e+02
4.375000000000000000e-01 3.721374083717504959e+02
4.625000000000000222e-01 2.853033021051532501e+02
4.874999999999999889e-01 2.126644858451930986e+02
5.124999999999999556e-01 1.882815971760051070e+02
5.374999999999999778e-01 2.016498949276643202e+02
5.625000000000000000e-01 2.141545551474300737e+02
5.875000000000000222e-01 1.957346345180919229e+02
6.125000000000000444e-01 1.480209656080825766e+02
6.374999999999999556e-01 9.599339857463293413e+01
6.624999999999999778e-01 6.287548089759253855e+01
6.875000000000000000e-01 5.418389105077967827e+01
7.125000000000000222e-01 5.939791538900004753e+01
7.375000000000000444e-01 6.309764215888599637e+01
7.624999999999999556e-01 5.669181145871218064e+01
7.874999999999999778e-01 4.295317402611715352e+01
8.125000000000000000e-01 3.066756285591985431e+01
8.375000000000000222e-01 2.575597130429606096e+01
8.625000000000000444e-01 2.731556303797094287e+01
8.874999999999999556e-01 2.993254349882803211e+01
9.124999999999999778e-01 2.878761762537322966e+01
9.375000000000000000e-01 2.327945418739044925e+01
9.625000000000000222e-01 1.667032035194621642e+01
9.875000000000000444e-01 1.277408142953435721e+01
1.012499999999999956e+00 1.289942286564804164e+01
1.037500000000000089e+00 1.521359481795811242e+01
1.062500000000000000e+00 1.648724082831162363e+01
1.087499999999999911e+00 1.486650473262924521e+01
1.112500000000000044e+00 1.127686354914808931e+01
1.137499999999999956e+00 8.174160060150493123e+00
1.162500000000000089e+00 7.173346462536211554e+00
1.187500000000000000e+00 7.929254126201541908e+00
1.212499999999999911e+00 8.821651901290778142e+00
1.237500000000000044e+00 8.473970219401021353e+00
1.262499999999999956e+00 6.810836328989715582e+00
1.287500000000000089e+00 4.892210485317213475e+00
1.312500000000000000e+00 3.880931443121367952e+00
1.337499999999999911e+00 4.134440564386475891e+00
1.362500000000000044e+00 5.031857747611533149e+00
1.387499999999999956e+00 5.526698698414263866e+00
1.412500000000000089e+00 5.036626568475384147e+00
1.437500000000000000e+00 3.910031703148753479e+00
1.462499999999999911e+00 3.010950327507503133e+00
1.487500000000000044e+00 2.893248184882639684e+00
1.512499999999999956e+00 3.378276669595751791e+00
1.537500000000000089e+00 3.803155712646959508e+00
1.562500000000000000e+00 3.633388158890826780e+00
1.587499999999999911e+00 2.896777493901917744e+00
1.612500000000000044e+00 2.088674067328796458e+00
1.637499999999999956e+00 1.716717974283563652e+00
1.662500000000000089e+00 1.917831668298225267e+00
1.687500000000000000e+00 2.391954361775847193e+00
1.712499999999999911e+00 2.651042521192231050e+00
1.737500000000000044e+00 2.425802234493250609e+00
1.762499999999999956e+00 1.884623637543483721e+00
1.787500000000000089e+00 1.442257802210090478e+00
1.812500000000000000e+00 1.371256652250961938e+00
1.837499999999999911e+00 1.597778743659516332e+00
1.862500000000000044e+00 1.810553391150331759e+00
1.887499999999999956e+00 1.746900944744975703e+00
1.912500000000000089e+00 1.405484768518827199e+00
1.937500000000000000e+00 1.012562517060990208e+00
1.962499999999999911e+00 8.106951787014640143e-01
1.987500000000000044e+00 8.767754480625896685e-01
2.012500000000000178e+00 1.087634429302886785e+00
2.037500000000000089e+00 1.225591031529002395e+00
2.062500000000000000e+00 1.156112482362749327e+00
2.087499999999999911e+00 9.371062303690964601e-01
2.112499999999999822e+00 7.517242411441155125e-01
2.137500000000000178e+00 7.331416240844425003e-01
2.162500000000000089e+00 8.529168247235739964e-01
2.187500000000000000e+00 9.605273964877036885e-01
2.212499999999999911e+00 9.251751525671454424e-01
2.237499999999999822e+00 7.478722755875913952e-01
2.262500000000000178e+00 5.464566666114170079e-01
2.287500000000000089e+00 4.484803562770802166e-01
2.312500000000000000e+00 4.980848537654025687e-01
2.337499999999999911e+00 6.338447554401198669e-01
2.362499999999999822e+00 7.364567345248181907e-01
2.387500000000000178e+00 7.215054538046785648e-01
2.412500000000000089e+00 6.092986034559245700e-01
2.437500000000000000e+00 5.009629283531983335e-01
2.462499999999999911e+00 4.806643138332006293e-01
2.487499999999999822e+00 5.412864208139323008e-01
2.512500000000000178e+00 5.991598683375853884e-01
2.537500000000000089e+00 5.768923153097861301e-01
2.562500000000000000e+00 4.726609536541156453e-01
2.587499999999999911e+00 3.538488624841329422e-01
2.612499999999999822e+00 2.945333854012550656e-01
2.637500000000000178e+00 3.204826515250069341e-01
2.662500000000000089e+00 3.961801888836299912e-01
2.687500000000000000e+00 4.531822622063074180e-01
2.712499999999999911e+00 4.437741266533777873e-01
2.737499999999999822e+00 3.803254041152480669e-01
2.762500000000000178e+00 3.209162843423516431e-01
2.787500000000000089e+00 3.134896348759093621e-01
2.812500000000000000e+00 3.534197404685770483e-01
2.837499999999999911e+00 3.915136356618852398e-01
2.862499999999999822e+00 3.816856979239293124e-01
2.887500000000000178e+00 3.222421059270937915e-01
2.912500000000000089e+00 2.534664478417015254e-01
2.937500000000000000e+00 2.208953597622315135e-01
2.962499999999999911e+00 2.413425015279412333e-01
2.987499999999999822e+00 2.934082266449206111e-01
3.012500000000000178e+00 3.338450287833760743e-01
3.037500000000000089e+00 3.314026509635880635e-01
3.062500000000000000e+00 2.933774889054642232e-01
3.087499999999999911e+00 2.578194317826814630e-01
3.112499999999999822e+00 2.569769519178113915e-01
3.137500000000000178e+00 2.878842872039983902e-01
3.162500000000000089e+00 3.170227402533979388e-01
3.187500000000000000e+00 3.131452988640811563e-01
3.212499999999999911e+00 2.758080011507655360e-01
3.237499999999999822e+00 2.329309559590805323e-01
3.262500000000000178e+00 2.147483239847299552e-01
3.287500000000000089e+00 2.310920047589115067e-01
3.312500000000000000e+00 2.664343056163909207e-01
3.337499999999999911e+00 2.918403241343112131e-01
3.362499999999999822e+00 2.872752460774222194e-01
3.387500000000000178e+00 2.582647152494907949e-01
3.412500000000000089e+00 2.299239599128291844e-01
3.437500000000000000e+00 2.231762909697557751e-01
3.462499999999999911e+00 2.368459506928329295e-01
3.487499999999999822e+00 2.512699423314144198e-01
3.512500000000000178e+00 2.477574971051140496e-01
3.537500000000000089e+00 2.248090483520704952e-01
3.562500000000000000e+00 1.976980372595669999e-01
3.587499999999999911e+00 1.850974705741647852e-01
3.612499999999999822e+00 1.950727145009036323e-01
3.637500000000000178e+00 2.191076876110977234e-01
3.662500000000000089e+00 2.378947124433797022e-01
3.687500000000000000e+00 2.367386753872677829e-01
3.712499999999999911e+00 2.182750187428882382e-01
3.737499999999999822e+00 1.991813977980212425e-01
3.762500000000000178e+00 1.941047548240672493e-01
3.787500000000000089e+00 2.035129109977255601e-01
3.812500000000000000e+00 2.156832750067736448e-01
3.837499999999999911e+00 2.184117661904783625e-01
3.862499999999999822e+00 2.089141522146991392e-01
3.887500000000000178e+00 1.948325071839911993e-01
3.912500000000000089e+00 1.876505953673700544e-01
3.937500000000000000e+00 1.937812652828990179e-01
3.962499999999999911e+00 2.089392066708407603e-01
3.987499999999999822e+00 2.208023687881320862e-01
4.012500000000000178e+00 2.196221423744790791e-01
4.037499999999999645e+00 2.073627121314395305e-01
4.062500000000000000e+00 1.954792874437632499e-01
4.087500000000000355e+00 1.938075980102749174e-01
4.112499999999999822e+00 2.023519035597198812e-01
4.137500000000000178e+00 2.128023148144063403e-01
4.162499999999999645e+00 2.165549763393624372e-01
4.187500000000000000e+00 2.113621848825002758e-01
4.212500000000000355e+00 2.022079641332832634e-01
4.237499999999999822e+00 1.971786574573538564e-01
4.262500000000000178e+00 2.012120226675853107e-01
4.287499999999999645e+00 2.115797685757595248e-01
4.312500000000000000e+00 2.195072359903857129e-01
4.337500000000000355e+00 2.179927651992744353e-01
4.362499999999999822e+00 2.085895020055132665e-01
4.387500000000000178e+00 1.998157715873752627e-01
4.412499999999999645e+00 1.990420479804770881e-01
4.437500000000000000e+00 2.063810592747881423e-01
4.462500000000000355e+00 2.156857202865424816e-01
4.487499999999999822e+00 2.205071429209771172e-01
4.512500000000000178e+00 2.191094012444702033e-01
4.537499999999999645e+00 2.150803047614023300e-01
4.562500000000000000e+00 2.142058167284173198e-01
4.587500000000000355e+00 2.197727514580191666e-01
4.612499999999999822e+00 2.291922565888636076e-01
4.637500000000000178e+00 2.353790125838138847e-01
4.662499999999999645e+00 2.329492729614894564e-01
4.687500000000000000e+00 2.235531803307501675e-01
4.712500000000000355e+00 2.145315232846443099e-01
4.737499999999999822e+00 2.122577600328395819e-01
4.762500000000000178e+00 2.169607752198483563e-01
4.787499999999999645e+00 2.234552422035504526e-01
4.812500000000000000e+00 2.262273051976788629e-01
4.837500000000000355e+00 2.237482188674494443e-01
4.862499999999999822e+00 2.187839567357333648e-01
4.887500000000000178e+00 2.156175829246456122e-01
4.912499999999999645e+00 2.167647442704142557e-01
4.937500000000000000e+00 2.211554500945196455e-01
4.962500000000000355e+00 2.250841740028675098e-01
4.987499999999999822e+00 2.255841114674970727e-01
5.012500000000000178e+00 2.233288572419426243e-01
5.037499999999999645e+00 2.220503194614540932e-01
5.062500000000000000e+00 2.249583801238641267e-01
5.087500000000000355e+00 2.316932122706617525e-01
5.112499999999999822e+00 2.386206689015263060e-01
5.137500000000000178e+00 2.420296023717306844e-01
5.162499999999999645e+00 2.409986700885061728e-01
5.187500000000000000e+00 2.376052342977901799e-01
5.212500000000000355e+00 2.350170976881080231e-01
5.237499999999999822e+00 2.352811066115688410e-01
5.262500000000000178e+00 2.380859219337846389e-01
5.287499999999999645e+00 2.412333201401730687e-01
5.312500000000000000e+00 2.426169897357168814e-01
5.337500000000000355e+00 2.420542741006164178e-01
5.362499999999999822e+00 2.412802865793566842e-01
5.387500000000000178e+00 2.421888240157034633e-01
5.412499999999999645e+00 2.450196486555400455e-01
5.437500000000000000e+00 2.481776036754157200e-01
5.462500000000000355e+00 2.498332175201492811e-01
5.487499999999999822e+00 2.495836328462997522e-01
5.512500000000000178e+00 2.486916259598164203e-01
5.537499999999999645e+00 2.490272882358416373e-01
5.562500000000000000e+00 2.516777490299339504e-01
5.587500000000000355e+00 2.560769033835184061e-01
5.612499999999999822e+00 2.602930225576641221e-01
5.637500000000000178e+00 2.625052131570573266e-01
5.662499999999999645e+00 2.625934722010928590e-01
5.687500000000000000e+00 2.624079980147209223e-01
5.712500000000000355e+00 2.642514335426034977e-01
5.737499999999999822e+00 2.688155025383742180e-01
5.762500000000000178e+00 2.745115718615945832e-01
5.787499999999999645e+00 2.788304876391507481e-01
5.812500000000000000e+00 2.802949195884738565e-01
5.837500000000000355e+00 2.794203615810911256e-01
5.862499999999999822e+00 2.782183930271665551e-01
5.887500000000000178e+00 2.786271453826365541e-01
5.912499999999999645e+00 2.809954968337360359e-01
5.937500000000000000e+00 2.839591218308082921e-01
5.962500000000000355e+00 2.858343996926694941e-01
5.987499999999999822e+00 2.861255958175623615e-01
6.012500000000000178e+00 2.858339522551887057e-01
6.037499999999999645e+00 2.864658395476074593e-01
6.062500000000000000e+00 2.886474679877669147e-01
6.087500000000000355e+00 2.915784698279116904e-01
6.112499999999999822e+00 2.938814838465143020e-01
6.137500000000000178e+00 2.949504110726553496e-01
6.162499999999999645e+00 2.954762325345204887e-01
6.187500000000000000e+00 2.967552828353474670e-01
6.212500000000000355e+00 2.994889896699000076e-01
6.237499999999999822e+00 3.031544825305761970e-01
6.262500000000000178e+00 3.064715084375548848e-01
6.287499999999999645e+00 3.084949933103877107e-01
6.312500000000000000e+00 3.093515178589938408e-01
6.337500000000000355e+00 3.101055771803586381e-01
6.362499999999999822e+00 3.119091018580754660e-01
6.387500000000000178e+00 3.151383627565786938e-01
6.412499999999999645e+00 3.193386890110557208e-01
6.437500000000000000e+00 3.239174682590996723e-01
6.462500000000000355e+00 3.285246533710694528e-01
6.487499999999999822e+00 3.328340229409044171e-01
6.512500000000000178e+00 3.364784391359862958e-01
6.537499999999999645e+00 3.392577696028056256e-01
6.562500000000000000e+00 3.410940855133591798e-01
6.587500000000000355e+00 3.418941917323538027e-01
6.612499999999999822e+00 3.417366195006832363e-01
6.637500000000000178e+00 3.410735130071453902e-01
6.662499999999999645e+00 3.406535834938225760e-01
6.687500000000000000e+00 3.412694674232711334e-01
6.712500000000000355e+00 3.434871964106031017e-01
6.737499999999999822e+00 3.475802388376087459e-01
6.762500000000000178e+00 3.537733114968343306e-01
6.787499999999999645e+00 3.622807775565598520e-01
6.812500000000000000e+00 3.729871961887022969e-01
6.837500000000000355e+00 3.853786733144705101e-01
6.862499999999999822e+00 3.984536698730060111e-01
6.887500000000000178e+00 4.099550285540842776e-01
6.912499999999999645e+00 4.164251327417523019e-01
6.937500000000000000e+00 4.156015068032183901e-01
6.962500000000000355e+00 4.087298729038384981e-01
6.987499999999999822e+00 3.997059890442931640e-01
7.012500000000000178e+00 3.922832281804471410e-01
7.037499999999999645e+00 3.883973987242315129e-01
7.062500000000000000e+00 3.881684790948465302e-01
7.087500000000000355e+00 3.907238757384303707e-01
7.112499999999999822e+00 3.955101561071182603e-01
7.137500000000000178e+00 4.037872880978758960e-01
7.162499999999999645e+00 4.188560012998871485e-01
7.187500000000000000e+00 4.437132496853588570e-01
7.212500000000000355e+00 4.783058598705556275e-01
7.237499999999999822e+00 5.192551213894877060e-01
7.262500000000000178e+00 5.605572099150133436e-01
7.287499999999999645e+00 5.933236764557301424e-01
7.312500000000000000e+00 6.081360562065595277e-01
7.337500000000000355e+00 6.010262400607659927e-01
7.362499999999999822e+00 5.758655889366746106e-01
7.387500000000000178e+00 5.404369684955576680e-01
7.412499999999999645e+00 5.024517728638846492e-01
7.437500000000000000e+00 4.682893595143285959e-01
7.462500000000000355e+00 4.420126442238654363e-01
7.487499999999999822e+00 4.246020622944665646e-01
7.512500000000000178e+00 4.146062319987982026e-01
7.537499999999999645e+00 4.096079867695808785e-01
7.562500000000000000e+00 4.074322861653345562e-01
7.587500000000000355e+00 4.066774108777814756e-01
7.612499999999999822e+00 4.066739823834165657e-01
7.637500000000000178e+00 4.071871946023220001e-01
7.662499999999999645e+00 4.082117470412194304e-01
7.687500000000000000e+00 4.097621162626351454e-01
7.712500000000000355e+00 4.116552677424033524e-01
7.737499999999999822e+00 4.135311720995273888e-01
7.762500000000000178e+00 4.150805555054248308e-01
7.787499999999999645e+00 4.162884273929094436e-01
7.812500000000000000e+00 4.175628232282073693e-01
7.837500000000000355e+00 4.196638269539419985e-01
7.862499999999999822e+00 4.232959897854376430e-01
7.887500000000000178e+00 4.285433044596778651e-01
7.912499999999999645e+00 4.347414167058873957e-01
7.937500000000000000e+00 4.410007056260438763e-01
7.962500000000000355e+00 4.467019845496447150e-01
7.987499999999999822e+00 4.513712907071858460e-01
8.012499999999999289e+00 4.544432236567101935e-01
8.037499999999999645e+00 4.555499031273248511e-01
8.062500000000000000e+00 4.548906793785463254e-01
8.087500000000000355e+00 4.530680243675223595e-01
8.112500000000000711e+00 4.507705387554318266e-01
8.137499999999999289e+00 4.487981702530062234e-01
8.162499999999999645e+00 4.479752977314787055e-01
8.187500000000000000e+00 4.486099438504586590e-01
8.212500000000000355e+00 4.501688557730394447e-01
8.237500000000000711e+00 4.517582782622465709e-01
8.262499999999999289e+00 4.528799560069096675e-01
8.287499999999999645e+00 4.536786712840288338e-01
8.312500000000000000e+00 4.546565056595319732e-01
8.337500000000000355e+00 4.562800557047835270e-01
8.362500000000000711e+00 4.586772121098889876e-01
8.387499999999999289e+00 4.615301819398338612e-01
8.412499999999999645e+00 4.643282528660570563e-01
8.437500000000000000e+00 4.668249292732741251e-01
8.462500000000000355e+00 4.691935656344769501e-01
8.487500000000000711e+00 4.716533798268446320e-01
8.512499999999999289e+00 4.739284926927030961e-01
8.537499999999999645e+00 4.752115099453483316e-01
8.562500000000000000e+00 4.748327629522463011e-01
8.587500000000000355e+00 4.729383087693157517e-01
8.612500000000000711e+00 4.704463578727782758e-01
8.637499999999999289e+00 4.683959231529699618e-01
8.662499999999999645e+00 4.673561803866436160e-01
8.687500000000000000e+00 4.673531241234278877e-01
8.712500000000000355e+00 4.682230916095679873e-01
8.737500000000000711e+00 4.699177637692388276e-01
8.762499999999999289e+00 4.724535159051035382e-01
8.787499999999999645e+00 4.756423019787381912e-01
8.812500000000000000e+00 4.789729780822667982e-01
8.837500000000000355e+00 4.818413986780086811e-01
8.862500000000000711e+00 4.839567038499720253e-01
8.887499999999999289e+00 4.855204770106034129e-01
8.912499999999999645e+00 4.869592182146270098e-01
8.937500000000000000e+00 4.885677709033279803e-01
8.962500000000000355e+00 4.905196911273158600e-01
8.987500000000000711e+00 4.930677785515765743e-01
9.012499999999999289e+00 4.964318122038215986e-01
9.037499999999999645e+00 5.004921888733433466e-01
9.062500000000000000e+00 5.048265101007629596e-01
9.087500000000000355e+00 5.090982229369751533e-01
9.112500000000000711e+00 5.132685057843580090e-01
9.137499999999999289e+00 5.173482521416017388e-01
9.162499999999999645e+00 5.210457718647560910e-01
9.187500000000000000e+00 5.238593745950679281e-01
9.212500000000000355e+00 5.256732340454475239e-01
9.237500000000000711e+00 5.271662265198623354e-01
9.262499999999999289e+00 5.295468619015930578e-01
9.287499999999999645e+00 5.340323653380226743e-01
9.312500000000000000e+00 5.415044277522428340e-01
9.337500000000000355e+00 5.521923369593969566e-01
9.362500000000000711e+00 5.653187173242540942e-01
9.387499999999999289e+00 5.788255219790612305e-01
9.412499999999999645e+00 5.893942271401360067e-01
9.437500000000000000e+00 5.936840819683553150e-01
9.462500000000000355e+00 5.907835779996333248e-01
9.487500000000000711e+00 5.832535070784021780e-01
9.512499999999999289e+00 5.750326439346002960e-01
9.537499999999999645e+00 5.686781129158756665e-01
9.562500000000000000e+00 5.647312698275767096e-01
9.587500000000000355e+00 5.626520890623479820e-01
9.612500000000000711e+00 5.617214933779666186e-01
9.637499999999999289e+00 5.615104898187139870e-01
9.662499999999999645e+00 5.619564657787441408e-01
9.687500000000000000e+00 5.630631798451954939e-01
9.712500000000000355e+00 5.645220646366388983e-01
9.737500000000000711e+00 5.656177710515586377e-01
9.762499999999999289e+00 5.655782225799099727e-01
9.787499999999999645e+00 5.641858777727520868e-01
9.812500000000000000e+00 5.620378461800540348e-01
9.837500000000000355e+00 5.600754403268551895e-01
9.862500000000000711e+00 5.588804457432489103e-01
9.887499999999999289e+00 5.584522710780249755e-01
9.912499999999999645e+00 5.585760844834917194e-01
9.937500000000000000e+00 5.593681383315660671e-01
9.962500000000000355e+00 5.614035956462476440e-01
9.987500000000000711e+00 5.651206551629291974e-01
1.001249999999999929e+01 5.700183332083031962e-01
1.003749999999999964e+01 5.746448873633652754e-01
1.006250000000000000e+01 5.777767609058008791e-01
1.008750000000000036e+01 5.800129419338666548e-01
1.011250000000000071e+01 5.843257188073414099e-01
1.013749999999999929e+01 5.945904075619918849e-01
1.016249999999999964e+01 6.127673094791885600e-01
1.018750000000000000e+01 6.371624143273149077e-01
1.021250000000000036e+01 6.634415837639426883e-01
1.023750000000000071e+01 6.866754002738979512e-01
1.026249999999999929e+01 7.018747884756704192e-01
1.028749999999999964e+01 7.045308365720662769e-01
1.031250000000000000e+01 6.935049245249522709e-01
1.033750000000000036e+01 6.730340778150700753e-01
1.036250000000000071e+01 6.500062297618230955e-01
1.038749999999999929e+01 6.296045214239636145e-01
1.041249999999999964e+01 6.140518006547048824e-01
1.043750000000000000e+01 6.037146606721396358e-01
1.046250000000000036e+01 5.978667883003987438e-01
1.048750000000000071e+01 5.949569897706388222e-01
1.051249999999999929e+01 5.932461730498542751e-01
1.053749999999999964e+01 5.915708777115948891e-01
1.056250000000000000e+01 5.896389034204767565e-01
1.058750000000000036e+01 5.878308659267214020e-01
1.061250000000000071e+01 5.868106164613637876e-01
1.063749999999999929e+01 5.871406895750586052e-01
1.066249999999999964e+01 5.890338555808560805e-01
1.068750000000000000e+01 5.923311439208118756e-01
1.071250000000000036e+01 5.966851752309665358e-01
1.073750000000000071e+01 6.017093376533850790e-01
1.076249999999999929e+01 6.068679911016329198e-01
1.078749999999999964e+01 6.112774251933474901e-01
1.081250000000000000e+01 6.139529324034138646e-01
1.083750000000000036e+01 6.145616313823716315e-01
1.086250000000000071e+01 6.137913979366190764e-01
1.088749999999999929e+01 6.127658371338978727e-01
1.091249999999999964e+01 6.122643355658722308e-01
1.093750000000000000e+01 6.125495263108505783e-01
1.096250000000000036e+01 6.135761362928973117e-01
1.098750000000000071e+01 6.151724464378077739e-01
1.101249999999999929e+01 6.172146640006607177e-01
1.103749999999999964e+01 6.197239609930488280e-01
1.106250000000000000e+01 6.227707092801655353e-01
1.108750000000000036e+01 6.262689591501945374e-01
1.111250000000000071e+01 6.297890901490429405e-01
1.113749999999999929e+01 6.325617839992908609e-01
1.116249999999999964e+01 6.339477503419466142e-01
1.118750000000000000e+01 6.340330408703713783e-01
1.121250000000000036e+01 6.336046701574975515e-01
1.123750000000000071e+01 6.335281046375166314e-01
1.126249999999999929e+01 6.341928797929741179e-01
1.128749999999999964e+01 6.354461887321514180e-01
1.131250000000000000e+01 6.370119318982656598e-01
1.133750000000000036e+01 6.391745593963672478e-01
1.136250000000000071e+01 6.430622201953336559e-01
1.138749999999999929e+01 6.500048989644821029e-01
1.141249999999999964e+01 6.603146381244102692e-01
1.143750000000000000e+01 6.724730189107126499e-01
1.146250000000000036e+01 6.834818426421673809e-01
1.148750000000000071e+01 6.903937108599131900e-01
1.151249999999999929e+01 6.920986819247874067e-01
1.153749999999999964e+01 6.900226056573951494e-01
1.156250000000000000e+01 6.871611624676206009e-01
1.158750000000000036e+01 6.862326376737709621e-01
1.161250000000000071e+01 6.882695757689124560e-01
1.163749999999999929e+01 6.925943088914939816e-01
1.166249999999999964e+01 6.982202098851592043e-01
1.168750000000000000e+01 7.051272492008839876e-01
1.171250000000000036e+01 7.139052833114697405e-01
1.173750000000000071e+01 7.242445678391884467e-01
1.176249999999999929e+01 7.338766640911091876e-01
1.178749999999999964e+01 7.388661111917886881e-01
1.181250000000000000e+01 7.368803145815514544e-01
1.183750000000000036e+01 7.332359453063794774e-01
1.186250000000000071e+01 7.448631421345599524e-01
1.188749999999999929e+01 7.955955218158872189e-01
1.191249999999999964e+01 9.010496338912079572e-01
1.193750000000000000e+01 1.056614159908718875e+00
1.196250000000000036e+01 1.242091555029097627e+00
1.198750000000000071e+01 1.430295665312255160e+00
1.201249999999999929e+01 1.578424400733469790e+00
1.203749999999999964e+01 1.631554674477800226e+00
1.206250000000000000e+01 1.571471144931930297e+00
1.208750000000000036e+01 1.449942608832148316e+00
1.211250000000000071e+01 1.336683400572957536e+00
1.213749999999999929e+01 1.247902227592923241e+00
1.216249999999999964e+01 1.156462101950999521e+00
1.218750000000000000e+01 1.051802643752362876e+00
1.221250000000000036e+01 9.571772844139189163e-01
1.223750000000000071e+01 8.977208297868303211e-01
1.226249999999999929e+01 8.748765365373423197e-01
1.228749999999999964e+01 8.712773637841633168e-01
1.231250000000000000e+01 8.721244063087485454e-01
1.233750000000000036e+01 8.848232364204562383e-01
1.236250000000000071e+01 9.429982936165826057e-01
1.238749999999999929e+01 1.090636977053426770e+00
1.241249999999999964e+01 1.354291780092066855e+00
1.243750000000000000e+01 1.725482694257562066e+00
1.246250000000000036e+01 2.164636264650035002e+00
1.248750000000000071e+01 2.604931997637768504e+00
1.251249999999999929e+01 2.945301038512550207e+00
1.253749999999999964e+01 3.077346578372142982e+00
1.256250000000000000e+01 2.960942976992370745e+00
1.258750000000000036e+01 2.656914949147444638e+00
1.261250000000000071e+01 2.263338477968141582e+00
1.263749999999999929e+01 1.850939552511267294e+00
1.266249999999999964e+01 1.471126526539378032e+00
1.268750000000000000e+01 1.174490323910394984e+00
1.271250000000000036e+01 9.896849100621116779e-01
1.273750000000000071e+01 9.041995043786672515e-01
1.276249999999999929e+01 8.793614575712427328e-01
1.278749999999999964e+01 8.773815045534072432e-01
1.281250000000000000e+01 8.760390881702639909e-01
1.283750000000000036e+01 8.689025592411077081e-01
1.286250000000000071e+01 8.576175331541719959e-01
1.288749999999999929e+01 8.457921038032227834e-01
1.291249999999999964e+01 8.398745346008335000e-01
1.293750000000000000e+01 8.520680146817328771e-01
1.296250000000000036e+01 8.987109710937759566e-01
1.298750000000000071e+01 9.903320611308956689e-01
1.301249999999999929e+01 1.122390224955700511e+00
1.303749999999999964e+01 1.279428904768102671e+00
1.306250000000000000e+01 1.442670790760975486e+00
1.308750000000000036e+01 1.581587107611153176e+00
1.311250000000000071e+01 1.650665038782641814e+00
1.313749999999999929e+01 1.621067905876876214e+00
1.316249999999999964e+01 1.510098680137973215e+00
1.318750000000000000e+01 1.365333876825449710e+00
1.321250000000000036e+01 1.237171157957134726e+00
1.323750000000000071e+01 1.176166798307977768e+00
1.326249999999999929e+01 1.230230125018425547e+00
1.328749999999999964e+01 1.422350268802031970e+00
1.331250000000000000e+01 1.734843328008655927e+00
1.333750000000000036e+01 2.118480319057595374e+00
1.336250000000000071e+01 2.503943054485176845e+00
1.338749999999999929e+01 2.799381899034679932e+00
1.341249999999999964e+01 2.909024182394104763e+00
1.343750000000000000e+01 2.792119733098521905e+00
1.346250000000000036e+01 2.498869327383913319e+00
1.348750000000000071e+01 2.130427605142078296e+00
1.351249999999999929e+01 1.778328950915601503e+00
1.353749999999999964e+01 1.508035578133594790e+00
1.356250000000000000e+01 1.362662683503722549e+00
1.358750000000000036e+01 1.354695229382396171e+00
1.361250000000000071e+01 1.461286072865584096e+00
1.363749999999999929e+01 1.637377254329897447e+00
1.366249999999999964e+01 1.833395431818617860e+00
1.368750000000000000e+01 2.009904985596343341e+00
1.371250000000000036e+01 2.144141359137745617e+00
1.373750000000000071e+01 2.218840016928900205e+00
1.376249999999999929e+01 2.211379708475993411e+00
1.378749999999999964e+01 2.110517364352389791e+00
1.381250000000000000e+01 1.942058112406421344e+00
1.383750000000000036e+01 1.758552046496170806e+00
1.386250000000000071e+01 1.599949106461483694e+00
1.388749999999999929e+01 1.478441566993242251e+00
1.391249999999999964e+01 1.400601579148224474e+00
1.393750000000000000e+01 1.385291020219159730e+00
1.396250000000000036e+01 1.455735583157503843e+00
1.398750000000000071e+01 1.622581493511777939e+00
1.401249999999999929e+01 1.872063328154264905e+00
1.403749999999999964e+01 2.164539172813822354e+00
1.406250000000000000e+01 2.448309759218164849e+00
1.408750000000000036e+01 2.680328357491625013e+00
1.411250000000000071e+01 2.829855657331366459e+00
1.413749999999999929e+01 2.865177549495338205e+00
1.416249999999999964e+01 2.756704754300549176e+00
1.418750000000000000e+01 2.506086241375650392e+00
1.421250000000000036e+01 2.163835252133815334e+00
1.423750000000000071e+01 1.807066447507597928e+00
1.426249999999999929e+01 1.499731664852070656e+00
1.428749999999999964e+01 1.271220117646366443e+00
1.431250000000000000e+01 1.120603117511263402e+00
1.433750000000000036e+01 1.030992976245382220e+00
1.436250000000000071e+01 9.817394821228134782e-01
1.438749999999999929e+01 9.558076657788941999e-01
1.441249999999999964e+01 9.436297685809077462e-01
1.443750000000000000e+01 9.439115613317938802e-01
1.446250000000000036e+01 9.624163515015391468e-01
1.448750000000000071e+01 1.007360962690278861e+00
1.451249999999999929e+01 1.082239087499398789e+00
1.453749999999999964e+01 1.182367785614969247e+00
1.456250000000000000e+01 1.297962317555077183e+00
1.458750000000000036e+01 1.414821943627920131e+00
1.461250000000000071e+01 1.509925219249907524e+00
1.463749999999999929e+01 1.557329764722477305e+00
1.466249999999999964e+01 1.546306377191242865e+00
1.468750000000000000e+01 1.487778557155062353e+00
1.471250000000000036e+01 1.404603934260419962e+00
1.473750000000000071e+01 1.327035118639883438e+00
1.476249999999999929e+01 1.294046772202724904e+00
1.478749999999999964e+01 1.342958438326780080e+00
1.481250000000000000e+01 1.490890172921531143e+00
1.483750000000000036e+01 1.728047046358380356e+00
1.486250000000000071e+01 2.023780018004035064e+00
1.488749999999999929e+01 2.331776244016831257e+00
1.491249999999999964e+01 2.591777050695429629e+00
1.493750000000000000e+01 2.740290727019758510e+00
1.496250000000000036e+01 2.734701737137243072e+00
1.498750000000000071e+01 2.575726192371632806e+00
1.501249999999999929e+01 2.309944800353927796e+00
1.503749999999999964e+01 2.008425967056456596e+00
1.506250000000000000e+01 1.734077202742792423e+00
1.508750000000000036e+01 1.520935686910148021e+00
1.511250000000000071e+01 1.376603851354700314e+00
1.513749999999999929e+01 1.295922631807468139e+00
1.516249999999999964e+01 1.270054931849783353e+00
1.518750000000000000e+01 1.288310374529272995e+00
1.521250000000000036e+01 1.335694310978154720e+00
1.523750000000000071e+01 1.390075587018500425e+00
1.526249999999999929e+01 1.423990553219947497e+00
1.528749999999999964e+01 1.414404631471362528e+00
1.531250000000000000e+01 1.353759413218522667e+00
1.533750000000000036e+01 1.253541047803339747e+00
1.536250000000000071e+01 1.137618205544059791e+00
1.538749999999999929e+01 1.030338880593634876e+00
1.541249999999999964e+01 9.470435450320788817e-01
1.543750000000000000e+01 8.910830591962592973e-01
1.546250000000000036e+01 8.571336187399950512e-01
1.548750000000000071e+01 8.373518257340804016e-01
1.551249999999999929e+01 8.259251024151105236e-01
1.553749999999999964e+01 8.202282106185609933e-01
1.556250000000000000e+01 8.191943487339875540e-01
1.558750000000000036e+01 8.216396783274551030e-01
1.561250000000000071e+01 8.258804786303061141e-01
1.563749999999999929e+01 8.307731261248865184e-01
1.566249999999999964e+01 8.363946625015776792e-01
1.568750000000000000e+01 8.430222236694067117e-01
1.571250000000000036e+01 8.496945525743567762e-01
1.573750000000000071e+01 8.547145381629834837e-01
1.576249999999999929e+01 8.571819571003252980e-01
1.578749999999999964e+01 8.571436318520951891e-01
1.581250000000000000e+01 8.547782417205285199e-01
1.583750000000000036e+01 8.502393617423934513e-01
1.586250000000000071e+01 8.441978876297865364e-01
1.588749999999999929e+01 8.382442140890380422e-01
1.591249999999999964e+01 8.347515802099889637e-01
1.593750000000000000e+01 8.356129378700087873e-01
1.596250000000000036e+01 8.401669655009798010e-01
1.598750000000000071e+01 8.448164265717397203e-01
1.601249999999999929e+01 8.458045831658529412e-01
1.603750000000000142e+01 8.419589133173814854e-01
1.606250000000000000e+01 8.340710595122141635e-01
1.608749999999999858e+01 8.231201299764112633e-01
1.611250000000000071e+01 8.105582217949058865e-01
1.613749999999999929e+01 7.990390642122684461e-01
1.616250000000000142e+01 7.910915124177475555e-01
1.618750000000000000e+01 7.873286594446158304e-01
1.621249999999999858e+01 7.865353858610988347e-01
1.623750000000000071e+01 7.869451176893927924e-01
1.626249999999999929e+01 7.870859933785532281e-01
1.628750000000000142e+01 7.859683655177851502e-01
1.631250000000000000e+01 7.831211021839252773e-01
1.633749999999999858e+01 7.786381272628004613e-01
1.636250000000000071e+01 7.733049483395626478e-01
1.638749999999999929e+01 7.685160131210687640e-01
1.641250000000000142e+01 7.657555406236806750e-01
1.643750000000000000e+01 7.659263979333477135e-01
1.646249999999999858e+01 7.690341993033760204e-01
1.648750000000000071e+01 7.744393292937821194e-01
1.651249999999999929e+01 7.816148274261311979e-01
1.653750000000000142e+01 7.906264328235135252e-01
1.656250000000000000e+01 8.015726578780697498e-01
1.658749999999999858e+01 8.135801503529057621e-01
1.661250000000000071e+01 8.247282601956792414e-01
1.663749999999999929e+01 8.328183002657167933e-01
1.666250000000000142e+01 8.359525140900732065e-01
1.668750000000000000e+01 8.330976326888166472e-01
1.671249999999999858e+01 8.249465322117253141e-01
1.673750000000000071e+01 8.140094811092452032e-01
1.676249999999999929e+01 8.032940194317732541e-01
1.678750000000000142e+01 7.947694205651671950e-01
1.681250000000000000e+01 7.890278725413366612e-01
1.683749999999999858e+01 7.860426982181654143e-01
1.686250000000000071e+01 7.857762467389806105e-01
1.688749999999999929e+01 7.879980171290148494e-01
1.691250000000000142e+01 7.921530593441186152e-01
1.693750000000000000e+01 7.977684796630978292e-01
1.696249999999999858e+01 8.044853064497416995e-01
1.698750000000000071e+01 8.111507183899391293e-01
1.701249999999999929e+01 8.154438145285892725e-01
1.703750000000000142e+01 8.151906678057667666e-01
1.706250000000000000e+01 8.098852397353752952e-01
1.708749999999999858e+01 8.006575652362404316e-01
1.711250000000000071e+01 7.892483735972994907e-01
1.713749999999999929e+01 7.773234965799009633e-01
1.716250000000000142e+01 7.662285129344065249e-01
1.718750000000000000e+01 7.567761311860676798e-01
1.721249999999999858e+01 7.492135892884761450e-01
1.723750000000000071e+01 7.435379543081664933e-01
1.726249999999999929e+01 7.397403974590414100e-01
1.728750000000000142e+01 7.376729796435441688e-01
1.731250000000000000e+01 7.368980872264776494e-01
1.733749999999999858e+01 7.368894719567813389e-01
1.736250000000000071e+01 7.374532635312123219e-01
1.738749999999999929e+01 7.389249217736987285e-01
1.741250000000000142e+01 7.419278571019765067e-01
1.743750000000000000e+01 7.468740545813192799e-01
1.746249999999999858e+01 7.535546103572640098e-01
1.748750000000000071e+01 7.610306670151751884e-01
1.751249999999999929e+01 7.677949780141499758e-01
1.753750000000000142e+01 7.722677295348143733e-01
1.756250000000000000e+01 7.735420171361413466e-01
1.758749999999999858e+01 7.718821011536183274e-01
1.761250000000000071e+01 7.686375656123947131e-01
1.763749999999999929e+01 7.657720998011862124e-01
1.766250000000000142e+01 7.652936756045469746e-01
1.768750000000000000e+01 7.685869279552191013e-01
1.771249999999999858e+01 7.758493478975260205e-01
1.773750000000000071e+01 7.861457865053695926e-01
1.776249999999999929e+01 7.982125345188655352e-01
1.778750000000000142e+01 8.108744904772985373e-01
1.781250000000000000e+01 8.224258276824726321e-01
1.783749999999999858e+01 8.303924110927407565e-01
1.786250000000000071e+01 8.330084601751721607e-01
1.788749999999999929e+01 8.311106362564872896e-01
1.791250000000000142e+01 8.279060208322763792e-01
1.793750000000000000e+01 8.265734913478535173e-01
1.796249999999999858e+01 8.284273632191299086e-01
1.798750000000000071e+01 8.346676090430181771e-01
1.801249999999999929e+01 8.503145222094061761e-01
1.803750000000000142e+01 8.853068145546874046e-01
1.806250000000000000e+01 9.514817706113511964e-01
1.808749999999999858e+01 1.057740327074112363e+00
1.811250000000000071e+01 1.205679651097287586e+00
1.813749999999999929e+01 1.386042869559294788e+00
1.816250000000000142e+01 1.575551866224949693e+00
1.818750000000000000e+01 1.732092510287597475e+00
1.821249999999999858e+01 1.798792464426500537e+00
1.823750000000000071e+01 1.734662203030396199e+00
1.826249999999999929e+01 1.553614492902455346e+00
1.828750000000000142e+01 1.322803059011161686e+00
1.831250000000000000e+01 1.115101817809432960e+00
1.833749999999999858e+01 9.676862157084759053e-01
1.836250000000000071e+01 8.805234972695499263e-01
1.838749999999999929e+01 8.366516290491323726e-01
1.841250000000000142e+01 8.175236947608086613e-01
1.843750000000000000e+01 8.096500313460999187e-01
1.846249999999999858e+01 8.065971447387532134e-01
1.848750000000000071e+01 8.064664623288020362e-01
1.851249999999999929e+01 8.079472187107861192e-01
1.853750000000000142e+01 8.088475348083583594e-01
1.856250000000000000e+01 8.072196756865481770e-01
1.858749999999999858e+01 8.023279471942339480e-01
1.861250000000000071e+01 7.948035964861196456e-01
1.863749999999999929e+01 7.861053470778047725e-01
1.866250000000000142e+01 7.777206852285667438e-01
1.868750000000000000e+01 7.707809032817769523e-01
1.871249999999999858e+01 7.662142556891868850e-01
1.873750000000000071e+01 7.646061551590269678e-01
1.876249999999999929e+01 7.657491506045674967e-01
1.878750000000000142e+01 7.687575943094304698e-01
1.881250000000000000e+01 7.728121347759964177e-01
1.883749999999999858e+01 7.774047993346131502e-01
1.886250000000000071e+01 7.817325455138726120e-01
1.888749999999999929e+01 7.845425808821231417e-01
1.891250000000000142e+01 7.851147625755376946e-01
1.893750000000000000e+01 7.838987856459956882e-01
1.896249999999999858e+01 7.816945617115902412e-01
1.898750000000000071e+01 7.788719662409542277e-01
1.901249999999999929e+01 7.758833791216054321e-01
1.903750000000000142e+01 7.738984632622812887e-01
1.906250000000000000e+01 7.744379297530754602e-01
1.908749999999999858e+01 7.786432512253349536e-01
1.911250000000000071e+01 7.871219477529292075e-01
1.913749999999999929e+01 8.008698581825612894e-01
1.916250000000000142e+01 8.232058289938841700e-01
1.918750000000000000e+01 8.615774566353970876e-01
1.921249999999999858e+01 9.265446407995802103e-01
1.923750000000000071e+01 1.026317084867338858e+00
1.926249999999999929e+01 1.157283010799384115e+00
1.928750000000000142e+01 1.296184544799359628e+00
1.931250000000000000e+01 1.404783832777234398e+00
1.933749999999999858e+01 1.450176658397013707e+00
1.936250000000000071e+01 1.423982496230689510e+00
1.938749999999999929e+01 1.341443593861339378e+00
1.941250000000000142e+01 1.226748232307325104e+00
1.943750000000000000e+01 1.103461339488275295e+00
1.946249999999999858e+01 9.920816853005399727e-01
1.948750000000000071e+01 9.063932749593923699e-01
1.951249999999999929e+01 8.496758451914125931e-01
1.953750000000000142e+01 8.162990114506236683e-01
1.956250000000000000e+01 7.975565380818940842e-01
1.958749999999999858e+01 7.866294267454085887e-01
1.961250000000000071e+01 7.798306821504319419e-01
1.963749999999999929e+01 7.755580242417704495e-01
1.966250000000000142e+01 7.731789331092902007e-01
1.968750000000000000e+01 7.726312466146950664e-01
1.971249999999999858e+01 7.738241099431376613e-01
1.973750000000000071e+01 7.759236326721008492e-01
1.976249999999999929e+01 7.773145613900205309e-01
1.978750000000000142e+01 7.762286614710272037e-01
1.981250000000000000e+01 7.715616931043280946e-01
1.983749999999999858e+01 7.634568265998920022e-01
1.986250000000000071e+01 7.532679728660047758e-01
1.988749999999999929e+01 7.428089281397378674e-01
1.991250000000000142e+01 7.334483516960403904e-01
1.993750000000000000e+01 7.258008980343362282e-01
1.996249999999999858e+01 7.200896576527835435e-01
1.998750000000000071e+01 7.165426722263129600e-01
2.001249999999999929e+01 7.153501248758481479e-01
2.003750000000000142e+01 7.164324089425084807e-01
2.006250000000000000e+01 7.193087929930876978e-01
2.008749999999999858e+01 7.230915105715667313e-01
2.011250000000000071e+01 7.265190659888631775e-01
2.013749999999999929e+01 7.282361902700449363e-01
2.016250000000000142e+01 7.274902880324611854e-01
2.018750000000000000e+01 7.247741638769109596e-01
2.021249999999999858e+01 7.216114452296364945e-01
2.023750000000000071e+01 7.195524947734062149e-01
2.026249999999999929e+01 7.193007859989286601e-01
2.028750000000000142e+01 7.205970038624950336e-01
2.031250000000000000e+01 7.227723328288917504e-01
2.033749999999999858e+01 7.254601395150886978e-01
2.036250000000000071e+01 7.289298029746880125e-01
2.038749999999999929e+01 7.337433424777426438e-01
2.041250000000000142e+01 7.400099184264653518e-01
2.043750000000000000e+01 7.468246578286905635e-01
2.046249999999999858e+01 7.523017884242928499e-01
2.048750000000000071e+01 7.544263532637269787e-01
2.051249999999999929e+01 7.523525402289961139e-01
2.053750000000000142e+01 7.470542255759051731e-01
2.056250000000000000e+01 7.405964630926066272e-01
2.058749999999999858e+01 7.346984747994098619e-01
2.061250000000000071e+01 7.298737573315405847e-01
2.063749999999999929e+01 7.256737918117919239e-01
2.066250000000000142e+01 7.215497043942125099e-01
2.068750000000000000e+01 7.175761359509544857e-01
2.071249999999999858e+01 7.145246330790353539e-01
2.073750000000000071e+01 7.132848309581607538e-01
2.076249999999999929e+01 7.141657042949848266e-01
2.078750000000000142e+01 7.165998334100160960e-01
2.081250000000000000e+01 7.194105747680890062e-01
2.083749999999999858e+01 7.214076826315789503e-01
2.086250000000000071e+01 7.219562615882679779e-01
2.088749999999999929e+01 7.212423740341138423e-01
2.091250000000000142e+01 7.200623558141558966e-01
2.093750000000000000e+01 7.192128306426193163e-01
2.096249999999999858e+01 7.189382724188142504e-01
2.098750000000000071e+01 7.189417188397001501e-01
2.101249999999999929e+01 7.188979447662122713e-01
2.103750000000000142e+01 7.189299100856337832e-01
2.106250000000000000e+01 7.196037408662362411e-01
2.108749999999999858e+01 7.215413879832361932e-01
2.111250000000000071e+01 7.250949976025229393e-01
2.113749999999999929e+01 7.302506218337456723e-01
2.116250000000000142e+01 7.366008869080098442e-01
2.118750000000000000e+01 7.433064467787655616e-01
2.121249999999999858e+01 7.491508984414093630e-01
2.123750000000000071e+01 7.528201807185066485e-01
2.126249999999999929e+01 7.533377219912258393e-01
2.128750000000000142e+01 7.505576060302321384e-01
2.131250000000000000e+01 7.454128385707049498e-01
2.133749999999999858e+01 7.395826752079600608e-01
2.136250000000000071e+01 7.347236719594112397e-01
2.138749999999999929e+01 7.317841538960674352e-01
2.141250000000000142e+01 7.307910678572959728e-01
2.143750000000000000e+01 7.311597798046038932e-01
2.146249999999999858e+01 7.323666106150381605e-01
2.148750000000000071e+01 7.344670219742088779e-01
2.151249999999999929e+01 7.381014370737905006e-01
2.153750000000000142e+01 7.444234453458531409e-01
2.156250000000000000e+01 7.550099738304866248e-01
2.158749999999999858e+01 7.726305100025923078e-01
2.161250000000000071e+01 8.022474995700135114e-01
2.163749999999999929e+01 8.498648396708585739e-01
2.166250000000000142e+01 9.164124864813647520e-01
2.168750000000000000e+01 9.910675765201479859e-01
2.171249999999999858e+01 1.052338362605854671e+00
2.173750000000000071e+01 1.078567862096246444e+00
2.176249999999999929e+01 1.060109615481172218e+00
2.178750000000000142e+01 1.004132169997773882e+00
2.181250000000000000e+01 9.297432292764382655e-01
2.183749999999999858e+01 8.582267824033593673e-01
2.186250000000000071e+01 8.045691807165088472e-01
2.188749999999999929e+01 7.735975612324735851e-01
2.191250000000000142e+01 7.614626794445329416e-01
2.193750000000000000e+01 7.605746578075043285e-01
2.196249999999999858e+01 7.646948277745222455e-01
2.198750000000000071e+01 7.718185799589017959e-01
2.201249999999999929e+01 7.836759307428633470e-01
2.203750000000000142e+01 8.035508373275461746e-01
2.206250000000000000e+01 8.337813339978463745e-01
2.208749999999999858e+01 8.744264311766424269e-01
2.211250000000000071e+01 9.230539081097457466e-01
2.213749999999999929e+01 9.748483226496966747e-01
2.216250000000000142e+01 1.020994679243118597e+00
2.218750000000000000e+01 1.048338419046522807e+00
2.221249999999999858e+01 1.047645677811744003e+00
2.223750000000000071e+01 1.026837746942932617e+00
2.226249999999999929e+01 1.012849290505015709e+00
2.228750000000000142e+01 1.036168243590289029e+00
2.231250000000000000e+01 1.112371541044779866e+00
2.233749999999999858e+01 1.235981730570431703e+00
2.236250000000000071e+01 1.386109563969981417e+00
2.238749999999999929e+01 1.533319597774669418e+00
2.241250000000000142e+01 1.642740563932792108e+00
2.243750000000000000e+01 1.680478480853017542e+00
2.246249999999999858e+01 1.629211401097674816e+00
2.248750000000000071e+01 1.502103154968996268e+00
2.251249999999999929e+01 1.338799617723439583e+00
2.253750000000000142e+01 1.185202128296596547e+00
2.256250000000000000e+01 1.073640568319867761e+00
2.258749999999999858e+01 1.015265652508899219e+00
2.261250000000000071e+01 1.004985777774703326e+00
2.263749999999999929e+01 1.032006157275020763e+00
2.266250000000000142e+01 1.086781026251430804e+00
2.268750000000000000e+01 1.158741246612418063e+00
2.271249999999999858e+01 1.230917864966269537e+00
2.273750000000000071e+01 1.283301664595219327e+00
2.276249999999999929e+01 1.304661654525991921e+00
2.278750000000000142e+01 1.301509094275653533e+00
2.281250000000000000e+01 1.295930926947235218e+00
2.283749999999999858e+01 1.313617974406616984e+00
2.286250000000000071e+01 1.368932519946458592e+00
2.288749999999999929e+01 1.455032786596690997e+00
2.291250000000000142e+01 1.545586809498285863e+00
2.293750000000000000e+01 1.609073505370981705e+00
2.296249999999999858e+01 1.626614975109355710e+00
2.298750000000000071e+01 1.598309893142041194e+00
2.301249999999999929e+01 1.535676600667641889e+00
2.303750000000000142e+01 1.453183547079614613e+00
2.306250000000000000e+01 1.366386661516441281e+00
2.308749999999999858e+01 1.290365628077288607e+00
2.311250000000000071e+01 1.233037123406105051e+00
2.313749999999999929e+01 1.188487977751629288e+00
2.316250000000000142e+01 1.140949715414845356e+00
2.318750000000000000e+01 1.079511310778655364e+00
2.321249999999999858e+01 1.007420693516928978e+00
2.323750000000000071e+01 9.358784830810397137e-01
2.326249999999999929e+01 8.731143952051036994e-01
2.328750000000000142e+01 8.220993264313649629e-01
2.331250000000000000e+01 7.839024453771190615e-01
2.333749999999999858e+01 7.584433123730800475e-01
2.336250000000000071e+01 7.434240409876582412e-01
2.338749999999999929e+01 7.349092694018870553e-01
2.341250000000000142e+01 7.291313874439249165e-01
2.343750000000000000e+01 7.240082138858850991e-01
2.346249999999999858e+01 7.197728486995385033e-01
2.348750000000000071e+01 7.184065795747704986e-01
2.351249999999999929e+01 7.220753909710595497e-01
2.353750000000000142e+01 7.314753362473715992e-01
2.356250000000000000e+01 7.447236523417171128e-01
2.358749999999999858e+01 7.578976873782842238e-01
2.361250000000000071e+01 7.676855698135767181e-01
2.363749999999999929e+01 7.737720122197810912e-01
2.366250000000000142e+01 7.779573250701541376e-01
2.368750000000000000e+01 7.808833658054672444e-01
2.371249999999999858e+01 7.802349018108933887e-01
2.373750000000000071e+01 7.725975826813240577e-01
2.376249999999999929e+01 7.574018076519857257e-01
2.378750000000000142e+01 7.389230772253778667e-01
2.381250000000000000e+01 7.239807194302517734e-01
2.383749999999999858e+01 7.174969186555657519e-01
2.386250000000000071e+01 7.196597558655439819e-01
2.388749999999999929e+01 7.260576442920396723e-01
2.391250000000000142e+01 7.304370854757169518e-01
2.393750000000000000e+01 7.288430656551948550e-01
2.396249999999999858e+01 7.223050471297973729e-01
2.398750000000000071e+01 7.156942198038933611e-01
2.401249999999999929e+01 7.134659791045401267e-01
2.403750000000000142e+01 7.156948475987225944e-01
2.406250000000000000e+01 7.179429165725206285e-01
2.408749999999999858e+01 7.157218561163244397e-01
2.411250000000000071e+01 7.092942615000106255e-01
2.413749999999999929e+01 7.037992697859015712e-01
2.416250000000000142e+01 7.050001518732307293e-01
2.418750000000000000e+01 7.147169715171943771e-01
2.421249999999999858e+01 7.288344791775203113e-01
2.423750000000000071e+01 7.394775609496022639e-01
2.426249999999999929e+01 7.411963675010992958e-01
2.428750000000000142e+01 7.364209644389090315e-01
2.431250000000000000e+01 7.337564026185016131e-01
2.433749999999999858e+01 7.395759623795248316e-01
2.436250000000000071e+01 7.513581184028654825e-01
2.438749999999999929e+01 7.598155651681011147e-01
2.441250000000000142e+01 7.576074233135589031e-01
2.443750000000000000e+01 7.459615230953534626e-01
2.446249999999999858e+01 7.341196993825258588e-01
2.448750000000000071e+01 7.332917159858931555e-01
2.451249999999999929e+01 7.485321059165805924e-01
2.453750000000000142e+01 7.727456795422864566e-01
2.456250000000000000e+01 7.899721084462980603e-01
2.458749999999999858e+01 7.894741241508063112e-01
2.461250000000000071e+01 7.784940619005751294e-01
2.463749999999999929e+01 7.781727291803259838e-01
2.466250000000000142e+01 8.041121642238024947e-01
2.468750000000000000e+01 8.501665334086868642e-01
2.471249999999999858e+01 8.918697919395550677e-01
2.473750000000000071e+01 9.082804701832263294e-01
2.476249999999999929e+01 9.031974230793399228e-01
2.478750000000000142e+01 9.097795580590640752e-01
2.481250000000000000e+01 9.746908536024316838e-01
2.483749999999999858e+01 1.124218470866742869e+00
2.486250000000000071e+01 1.330274788662614727e+00
2.488749999999999929e+01 1.529886420790954604e+00
2.491250000000000142e+01 1.715750793210862435e+00
2.493750000000000000e+01 2.028954676364280729e+00
2.496249999999999858e+01 2.711591561841706355e+00
2.498750000000000071e+01 3.867279966463664564e+00
2.501249999999999929e+01 5.210683952326572665e+00
2.503750000000000142e+01 6.133936541120192487e+00
2.506250000000000000e+01 6.141492557373652517e+00
2.508749999999999858e+01 5.233183863015625548e+00
2.511250000000000071e+01 3.854411883345538747e+00
2.513749999999999929e+01 2.538282709882342836e+00
2.516250000000000142e+01 1.603290903905569387e+00
2.518750000000000000e+01 1.087273995318749575e+00
2.521249999999999858e+01 8.629677767801469113e-01
2.523750000000000071e+01 7.861667478932590214e-01
2.526249999999999929e+01 7.705882037957689779e-01
2.528750000000000142e+01 7.874192286872083724e-01
2.531250000000000000e+01 8.357103647639483324e-01
2.533749999999999858e+01 9.212115441091218715e-01
2.536250000000000071e+01 1.040194993545477065e+00
2.538749999999999929e+01 1.170030041099960005e+00
2.541250000000000142e+01 1.272083009359150862e+00
2.543750000000000000e+01 1.313625442289080958e+00
2.546249999999999858e+01 1.289072309669792027e+00
2.548750000000000071e+01 1.217070029108711982e+00
2.551249999999999929e+01 1.122130705804624595e+00
2.553750000000000142e+01 1.024783630657548850e+00
2.556250000000000000e+01 9.416400373057840500e-01
2.558749999999999858e+01 8.841829013059030462e-01
2.561250000000000071e+01 8.566300961679714776e-01
2.563749999999999929e+01 8.577644674794402402e-01
2.566250000000000142e+01 8.850942853326008164e-01
2.568750000000000000e+01 9.381060967525728378e-01
2.571249999999999858e+01 1.018445176734870783e+00
2.573750000000000071e+01 1.126817691340825656e+00
2.576249999999999929e+01 1.256835575381514136e+00
2.578750000000000142e+01 1.388575049509930270e+00
2.581250000000000000e+01 1.489313243676268605e+00
2.583749999999999858e+01 1.528692112296458960e+00
2.586250000000000071e+01 1.500268893265492842e+00
2.588749999999999929e+01 1.427987838347080762e+00
2.591250000000000142e+01 1.349562083960006875e+00
2.593750000000000000e+01 1.293656009723717748e+00
2.596249999999999858e+01 1.269256882841904410e+00
2.598750000000000071e+01 1.268646866629952630e+00
2.601249999999999929e+01 1.275330559414813214e+00
2.603750000000000142e+01 1.271134895142634447e+00
2.606250000000000000e+01 1.243220803826247778e+00
2.608749999999999858e+01 1.191651075510995250e+00
2.611250000000000071e+01 1.132476158060862659e+00
2.613749999999999929e+01 1.091352322304937061e+00
2.616250000000000142e+01 1.090691092059868694e+00
2.618750000000000000e+01 1.139707198506276331e+00
2.621249999999999858e+01 1.232172486953868162e+00
2.623750000000000071e+01 1.347853066517388232e+00
2.626249999999999929e+01 1.453914464006622165e+00
2.628750000000000142e+01 1.511503639626926798e+00
2.631250000000000000e+01 1.492541538394446254e+00
2.633749999999999858e+01 1.397512780769114338e+00
2.636250000000000071e+01 1.256309412753851884e+00
2.638749999999999929e+01 1.109102512064457313e+00
2.641250000000000142e+01 9.847696482910478499e-01
2.643750000000000000e+01 8.935633825814317532e-01
2.646249999999999858e+01 8.327692150392487225e-01
2.648750000000000071e+01 7.945711053266423241e-01
2.651249999999999929e+01 7.708116612882418561e-01
2.653750000000000142e+01 7.553689244421089022e-01
2.656250000000000000e+01 7.449821911329885804e-01
2.658749999999999858e+01 7.384871797845752317e-01
2.661250000000000071e+01 7.354607986005349263e-01
2.663749999999999929e+01 7.356031728635699096e-01
2.666250000000000142e+01 7.387557314450117207e-01
2.668750000000000000e+01 7.447411622434463307e-01
2.671249999999999858e+01 7.527484554938900230e-01
2.673750000000000071e+01 7.609404569447413280e-01
2.676249999999999929e+01 7.668672542028063255e-01
2.678750000000000142e+01 7.684692445362453217e-01
2.681250000000000000e+01 7.650521506955597628e-01
2.683749999999999858e+01 7.577654994623769236e-01
2.686250000000000071e+01 7.491405553241012871e-01
2.688749999999999929e+01 7.416981333826111467e-01
2.691250000000000142e+01 7.366772562884046360e-01
2.693750000000000000e+01 7.339067672633143857e-01
2.696249999999999858e+01 7.325582201693545681e-01
2.698750000000000071e+01 7.318347787155785600e-01
2.701249999999999929e+01 7.311908868422088981e-01
2.703750000000000142e+01 7.302979554152286834e-01
2.706250000000000000e+01 7.289669356415392487e-01
2.708749999999999858e+01 7.270996913426794883e-01
2.711250000000000071e+01 7.247855357090904338e-01
2.713749999999999929e+01 7.225550798190807367e-01
2.716250000000000142e+01 7.214212093967252715e-01
2.718750000000000000e+01 7.224064981248269346e-01
2.721249999999999858e+01 7.259115998977389017e-01
2.723750000000000071e+01 7.314696414875913044e-01
2.726249999999999929e+01 7.379188630989028663e-01
2.728750000000000142e+01 7.436754682364785651e-01
2.731250000000000000e+01 7.471941917388960075e-01
2.733749999999999858e+01 7.478272890183486066e-01
2.736250000000000071e+01 7.465724189934606070e-01
2.738749999999999929e+01 7.457150169693773645e-01
2.741250000000000142e+01 7.473211910359973675e-01
2.743750000000000000e+01 7.516759669439312397e-01
2.746249999999999858e+01 7.568751832825392212e-01
2.748750000000000071e+01 7.600417978106704942e-01
2.751249999999999929e+01 7.594674746837688506e-01
2.753750000000000142e+01 7.560043903550095479e-01
2.756250000000000000e+01 7.523178702696208253e-01
2.758749999999999858e+01 7.505702955719225633e-01
2.761250000000000071e+01 7.509980507923581516e-01
2.763749999999999929e+01 7.532845329063226902e-01
2.766250000000000142e+01 7.595565362080649585e-01
2.768750000000000000e+01 7.757480356101983388e-01
2.771249999999999858e+01 8.078539151332519985e-01
2.773750000000000071e+01 8.536078932829351817e-01
2.776249999999999929e+01 8.977228457402511852e-01
2.778750000000000142e+01 9.200760644299501578e-01
2.781250000000000000e+01 9.116553759417896918e-01
2.783749999999999858e+01 8.807439877878564527e-01
2.786250000000000071e+01 8.439138823710914394e-01
2.788749999999999929e+01 8.151501297105177013e-01
2.791250000000000142e+01 8.034623983941262537e-01
2.793750000000000000e+01 8.153304796169787982e-01
2.796249999999999858e+01 8.538005357019933239e-01
2.798750000000000071e+01 9.123963790880924574e-01
2.801249999999999929e+01 9.708854351239096792e-01
2.803750000000000142e+01 1.002659634257807575e+00
2.806250000000000000e+01 9.920304314329866369e-01
2.808749999999999858e+01 9.455414618491569945e-01
2.811250000000000071e+01 8.859334046424418574e-01
2.813749999999999929e+01 8.368739125128810130e-01
2.816250000000000142e+01 8.136867155898702686e-01
2.818750000000000000e+01 8.222333391280871595e-01
2.821249999999999858e+01 8.572557902333293178e-01
2.823750000000000071e+01 8.999760399975794689e-01
2.826249999999999929e+01 9.256393032430139112e-01
2.828750000000000142e+01 9.212874125093204469e-01
2.831250000000000000e+01 8.964589015666148963e-01
2.833749999999999858e+01 8.758627693096545652e-01
2.836250000000000071e+01 8.818423587271679853e-01
2.838749999999999929e+01 9.196250018630569567e-01
2.841250000000000142e+01 9.737072408710898408e-01
2.843750000000000000e+01 1.019073564763191220e+00
2.846249999999999858e+01 1.040542025917677416e+00
2.848750000000000071e+01 1.042999783645197631e+00
2.851249999999999929e+01 1.043484667322245540e+00
2.853750000000000142e+01 1.054750823966521089e+00
2.856250000000000000e+01 1.076238959881465007e+00
2.858749999999999858e+01 1.096699551574042752e+00
2.861250000000000071e+01 1.101853859623360687e+00
2.863749999999999929e+01 1.080854581954406646e+00
2.866250000000000142e+01 1.031217073025294528e+00
2.868750000000000000e+01 9.615962202890098176e-01
2.871249999999999858e+01 8.883948014695794981e-01
2.873750000000000071e+01 8.266734327642104585e-01
2.876249999999999929e+01 7.830961546318627731e-01
2.878750000000000142e+01 7.563862070284739225e-01
2.881250000000000000e+01 7.422286575039021006e-01
2.883749999999999858e+01 7.369414302150613105e-01
2.886250000000000071e+01 7.385570979842386308e-01
2.888749999999999929e+01 7.465474127722222519e-01
2.891250000000000142e+01 7.609799424137982937e-01
2.893750000000000000e+01 7.805537934786621612e-01
2.896249999999999858e+01 8.004772606623997699e-01
2.898750000000000071e+01 8.126178500726051190e-01
2.901249999999999929e+01 8.094275347593407055e-01
2.903750000000000142e+01 7.892234263064032973e-01
2.906250000000000000e+01 7.581765894989098697e-01
2.908749999999999858e+01 7.265894956607179545e-01
2.911250000000000071e+01 7.024648536271336230e-01
2.913749999999999929e+01 6.881228818283383619e-01
2.916250000000000142e+01 6.818400147450038862e-01
2.918750000000000000e+01 6.812055748006392575e-01
2.921249999999999858e+01 6.848038665464712960e-01
2.923750000000000071e+01 6.918646084367096050e-01
2.926249999999999929e+01 7.014257430293964202e-01
2.928750000000000142e+01 7.120003642483201389e-01
2.931250000000000000e+01 7.219012885320201800e-01
2.933749999999999858e+01 7.296305316252094109e-01
2.936250000000000071e+01 7.339156076518361660e-01
2.938749999999999929e+01 7.336990392754281221e-01
2.941250000000000142e+01 7.285798532172407249e-01
2.943750000000000000e+01 7.194145374427453055e-01
2.946249999999999858e+01 7.082590450062840048e-01
2.948750000000000071e+01 6.975396228976107338e-01
2.951249999999999929e+01 6.890396190508485397e-01
2.953750000000000142e+01 6.832265452143214679e-01
2.956250000000000000e+01 6.792754690591517042e-01
2.958749999999999858e+01 6.758855091911789570e-01
2.961250000000000071e+01 6.723684179609845657e-01
2.963749999999999929e+01 6.691061537936808801e-01
2.966250000000000142e+01 6.670797033271452792e-01
2.968750000000000000e+01 6.670114830118799576e-01
2.971249999999999858e+01 6.688604732874217085e-01
2.973750000000000071e+01 6.717424299526486564e-01
2.976249999999999929e+01 6.741329525558780178e-01
2.978750000000000142e+01 6.744214650257084331e-01
2.981250000000000000e+01 6.718537291177675286e-01
2.983749999999999858e+01 6.671392616531008901e-01
2.986250000000000071e+01 6.619395084529693385e-01
2.988749999999999929e+01 6.576965972599224663e-01
2.991250000000000142e+01 6.549747437642058356e-01
2.993750000000000000e+01 6.536956111467543407e-01
2.996249999999999858e+01 6.536698787731048954e-01
2.998750000000000071e+01 6.547915555255821030e-01
3.001249999999999929e+01 6.568242122507359504e-01
3.003750000000000142e+01 6.591385559490725576e-01
3.006250000000000000e+01 6.607919815188459944e-01
3.008749999999999858e+01 6.610097829490060306e-01
3.011250000000000071e+01 6.596479631814317068e-01
3.013749999999999929e+01 6.572559886090257875e-01
3.016250000000000142e+01 6.547913424687926698e-01
3.018750000000000000e+01 6.532727466280624506e-01
3.021249999999999858e+01 6.535023106936501680e-01
3.023750000000000071e+01 6.558480251003261374e-01
3.026249999999999929e+01 6.600343137341494471e-01
3.028750000000000142e+01 6.650138176805093781e-01
3.031250000000000000e+01 6.691211439332658273e-01
3.033749999999999858e+01 6.706683774906492257e-01
3.036250000000000071e+01 6.687937024290643295e-01
3.038749999999999929e+01 6.639442305676847011e-01
3.041250000000000142e+01 6.575448248291242415e-01
3.043750000000000000e+01 6.511458949924772144e-01
3.046249999999999858e+01 6.457611385036381435e-01
3.048750000000000071e+01 6.417548139786488637e-01
3.051249999999999929e+01 6.390608030544933094e-01
3.053750000000000142e+01 6.373932170118982166e-01
3.056250000000000000e+01 6.363895958795611207e-01
3.058749999999999858e+01 6.358378755895480738e-01
3.061250000000000071e+01 6.359120386651394563e-01
3.063749999999999929e+01 6.371017793610919133e-01
3.066250000000000142e+01 6.397721516465683100e-01
3.068750000000000000e+01 6.437487738118613523e-01
3.071249999999999858e+01 6.484401232952661243e-01
3.073750000000000071e+01 6.535725043688440650e-01
3.076249999999999929e+01 6.599074354524855357e-01
3.078750000000000142e+01 6.689762162048785710e-01
3.081250000000000000e+01 6.819185993979286486e-01
3.083749999999999858e+01 6.993519166216527472e-01
3.086250000000000071e+01 7.238449992797487687e-01
3.088749999999999929e+01 7.624547610551102306e-01
3.091250000000000142e+01 8.232532996191563868e-01
3.093750000000000000e+01 9.052121708293348057e-01
3.096249999999999858e+01 9.930166171799774677e-01
3.098750000000000071e+01 1.068628723033225425e+00
3.101249999999999929e+01 1.131866392324717641e+00
3.103750000000000142e+01 1.206513458210259460e+00
3.106250000000000000e+01 1.320675271551910335e+00
3.108749999999999858e+01 1.477452850444934906e+00
3.111250000000000071e+01 1.643051048915275203e+00
3.113749999999999929e+01 1.763182448472246033e+00
3.116250000000000142e+01 1.793155300304913435e+00
3.118750000000000000e+01 1.718906901673555421e+00
3.121249999999999858e+01 1.560728401951369637e+00
3.123750000000000071e+01 1.363070817152399528e+00
3.126249999999999929e+01 1.174832740163261446e+00
3.128750000000000142e+01 1.029665741475283891e+00
3.131250000000000000e+01 9.389416175232062622e-01
3.133749999999999858e+01 8.993138924422031666e-01
3.136250000000000071e+01 9.043985541482943979e-01
3.138749999999999929e+01 9.513611437836766438e-01
3.141250000000000142e+01 1.040389703898314089e+00
3.143750000000000000e+01 1.170223449913092573e+00
3.146249999999999858e+01 1.332742613881097826e+00
3.148750000000000071e+01 1.507991522800514517e+00
3.151249999999999929e+01 1.661538355588742633e+00
3.153750000000000142e+01 1.750559431221172968e+00
3.156250000000000000e+01 1.742491507374595461e+00
3.158749999999999858e+01 1.634714129400502758e+00
3.161250000000000071e+01 1.457274522638958736e+00
3.163749999999999929e+01 1.256324795673834593e+00
3.166250000000000142e+01 1.072511049356218216e+00
3.168750000000000000e+01 9.280749578471235717e-01
3.171249999999999858e+01 8.265937368444660205e-01
3.173750000000000071e+01 7.605492264996016605e-01
3.176249999999999929e+01 7.191566470666834743e-01
3.178750000000000142e+01 6.927200508396599288e-01
3.181250000000000000e+01 6.739354816491278655e-01
3.183749999999999858e+01 6.582812255964429760e-01
3.186250000000000071e+01 6.438521836499579987e-01
3.188749999999999929e+01 6.306062992100524012e-01
3.191250000000000142e+01 6.192055579798421139e-01
3.193750000000000000e+01 6.101713564290014435e-01
3.196249999999999858e+01 6.036265346484300798e-01
3.198750000000000071e+01 5.993942027690315477e-01
3.201250000000000284e+01 5.971497601138476830e-01
3.203750000000000142e+01 5.965796665416659428e-01
3.206250000000000000e+01 5.974524955617999122e-01
3.208749999999999858e+01 5.994329405583258552e-01
3.211249999999999716e+01 6.017014103735645048e-01
3.213750000000000284e+01 6.028586920573508756e-01
3.216250000000000142e+01 6.015405801570876676e-01
3.218750000000000000e+01 5.973611117540298387e-01
3.221249999999999858e+01 5.912421441632824681e-01
3.223749999999999716e+01 5.847210582114799049e-01
3.226250000000000284e+01 5.789893493037800987e-01
3.228750000000000142e+01 5.745477267589627068e-01
3.231250000000000000e+01 5.714525463993548327e-01
3.233749999999999858e+01 5.695953818630944410e-01
3.236249999999999716e+01 5.688645247507795322e-01
3.238750000000000284e+01 5.693383186712089872e-01
3.241250000000000142e+01 5.714346121035376314e-01
3.243750000000000000e+01 5.756847059144089007e-01
3.246249999999999858e+01 5.822297395940563280e-01
3.248749999999999716e+01 5.904222508834098271e-01
3.251250000000000284e+01 5.988470425790204388e-01
3.253750000000000142e+01 6.056969553991191635e-01
3.256250000000000000e+01 6.093893995620499604e-01
3.258749999999999858e+01 6.092416871854295923e-01
3.261249999999999716e+01 6.058039806575684638e-01
3.263750000000000284e+01 6.004550862677980883e-01
3.266250000000000142e+01 5.945612507452608941e-01
3.268750000000000000e+01 5.889396987109984938e-01
3.271249999999999858e+01 5.839096619464175797e-01
3.273749999999999716e+01 5.795259158963887991e-01
3.276250000000000284e+01 5.756990980897024324e-01
3.278750000000000142e+01 5.723222577183014748e-01
3.281250000000000000e+01 5.694996582422873210e-01
3.283749999999999858e+01 5.676706115950664877e-01
3.286249999999999716e+01 5.674516499387632917e-01
3.288750000000000284e+01 5.692404210407939757e-01
3.291250000000000142e+01 5.730015256098101029e-01
3.293750000000000000e+01 5.784289942611690050e-01
3.296249999999999858e+01 5.852391840163114756e-01
3.298749999999999716e+01 5.931414055696282439e-01
3.301250000000000284e+01 6.017977760262809284e-01
3.303750000000000142e+01 6.115548500839725898e-01
3.306250000000000000e+01 6.247156758735641358e-01
3.308749999999999858e+01 6.458597208603904516e-01
3.311249999999999716e+01 6.789120647614226289e-01
3.313750000000000284e+01 7.212090603084657658e-01
3.316250000000000142e+01 7.602977400095247695e-01
3.318750000000000000e+01 7.800962312867765203e-01
3.321249999999999858e+01 7.726578302480924254e-01
3.323749999999999716e+01 7.432764147881660843e-01
3.326250000000000284e+01 7.051466859827868472e-01
3.328750000000000142e+01 6.712624120356807111e-01
3.331250000000000000e+01 6.501017016230095091e-01
3.333749999999999858e+01 6.453320301023530714e-01
3.336249999999999716e+01 6.570612081784065195e-01
3.338750000000000284e+01 6.820029961777047678e-01
3.341250000000000142e+01 7.125499785109676854e-01
3.343750000000000000e+01 7.372427997509338748e-01
3.346249999999999858e+01 7.444328538858108191e-01
3.348749999999999716e+01 7.287787360062607522e-01
3.351250000000000284e+01 6.957617466237586701e-01
3.353750000000000142e+01 6.583039203256817462e-01
3.356250099999999748e+01 6.275653843999714487e-01
3.358750100000000316e+01 6.073116464492087641e-01
3.361250100000000174e+01 5.956594191816745321e-01
3.363750100000000032e+01 5.895649218566202387e-01
3.366250099999999890e+01 5.875498163871752944e-01
3.368750099999999748e+01 5.899491307526567585e-01
3.371250100000000316e+01 5.981566861974477733e-01
3.373750100000000174e+01 6.139632472850012901e-01
3.376250100000000032e+01 6.391226571727137706e-01
3.378750099999999890e+01 6.737785594322818206e-01
3.381250099999999748e+01 7.131819939289574251e-01
3.383750100000000316e+01 7.458209184766657618e-01
3.386250100000000174e+01 7.575158713723447734e-01
3.388750100000000032e+01 7.411933473258338623e-01
3.391250099999999890e+01 7.034491148540793493e-01
3.393750099999999748e+01 6.595486476969122380e-01
3.396250100000000316e+01 6.219703480973071130e-01
3.398750100000000174e+01 5.949663555693036621e-01
3.401250100000000032e+01 5.774475326847757772e-01
3.403750099999999890e+01 5.668317229033614790e-01
3.406250099999999748e+01 5.602202664958987333e-01
3.408750100000000316e+01 5.551647250262954358e-01
3.411250100000000174e+01 5.510083214452672351e-01
3.413750100000000032e+01 5.485748270421275663e-01
3.416250099999999890e+01 5.481090462809526942e-01
3.418750099999999748e+01 5.484086616831774785e-01
3.421250100000000316e+01 5.485051315181808107e-01
3.423750100000000174e+01 5.491530547853484823e-01
3.426250100000000032e+01 5.515366294025374483e-01
3.428750099999999890e+01 5.552496480334053741e-01
3.431250099999999748e+01 5.588853339356286698e-01
3.433750100000000316e+01 5.621919608935701529e-01
3.436250100000000174e+01 5.659931676514449173e-01
3.438750100000000032e+01 5.700165835662964753e-01
3.441250099999999890e+01 5.726116323739723901e-01
3.443750099999999748e+01 5.732717027526296194e-01
3.446250100000000316e+01 5.738873911503930003e-01
3.448750100000000174e+01 5.763452311037942088e-01
3.451250100000000032e+01 5.800510538958182361e-01
3.453750099999999890e+01 5.836294801321058046e-01
3.456250099999999748e+01 5.880938895751313122e-01
3.458750100000000316e+01 5.954719925000305780e-01
3.461250100000000174e+01 6.044238192393611708e-01
3.463750100000000032e+01 6.107835955189206967e-01
3.466250099999999890e+01 6.137200728582988818e-01
3.468750099999999748e+01 6.179517734108854743e-01
3.471250100000000316e+01 6.274997950548772963e-01
3.473750100000000174e+01 6.398385379446128729e-01
3.476250100000000032e+01 6.495772355994644531e-01
3.478750099999999890e+01 6.559120071038028188e-01
3.481250099999999748e+01 6.615569368546514450e-01
3.483750100000000316e+01 6.654082612867991964e-01
3.486250100000000174e+01 6.634953351806859301e-01
3.488750100000000032e+01 6.592741470188292485e-01
3.491250099999999890e+01 6.654605504159452067e-01
3.493750099999999748e+01 6.899750585443028550e-01
3.496250100000000316e+01 7.249223981889933999e-01
3.498750100000000174e+01 7.566036971101421926e-01
3.501250100000000032e+01 7.831142834958478849e-01
3.503750099999999890e+01 8.125027051522157873e-01
3.506250099999999748e+01 8.456551889355041762e-01
3.508750100000000316e+01 8.753879770725985221e-01
3.511250100000000174e+01 9.074162057848010887e-01
3.513750100000000032e+01 9.656708401411056020e-01
3.516250099999999890e+01 1.060863560586814636e+00
3.518750099999999748e+01 1.165432549940935925e+00
3.521250100000000316e+01 1.248966314863575455e+00
3.523750100000000174e+01 1.344906454099286330e+00
3.526250100000000032e+01 1.551781595447716988e+00
3.528750099999999890e+01 1.955141862166025479e+00
3.531250099999999748e+01 2.588250948480546931e+00
3.533750100000000316e+01 3.503489655248785972e+00
3.536250100000000174e+01 4.776503035321981727e+00
3.538750100000000032e+01 6.259172808004114685e+00
3.541250099999999890e+01 7.359671220440567652e+00
3.543750099999999748e+01 7.359664223762088398e+00
3.546250100000000316e+01 6.103174798487170705e+00
3.548750100000000174e+01 4.210637701991916337e+00
3.551250100000000032e+01 2.522298101870089404e+00
3.553750099999999890e+01 1.468820984949918973e+00
3.556250099999999748e+01 9.920710808978631112e-01
3.558750100000000316e+01 8.490459570088275676e-01
3.561250100000000174e+01 8.575696527502782995e-01
3.563750100000000032e+01 9.422541991068613676e-01
3.566250099999999890e+01 1.079081147423012199e+00
3.568750099999999748e+01 1.239596853780556174e+00
3.571250100000000316e+01 1.370844661962113964e+00
3.573750100000000174e+01 1.414782166918907791e+00
3.576250100000000032e+01 1.343620697605063308e+00
3.578750099999999890e+01 1.180251598270320113e+00
3.581250099999999748e+01 9.831471835306713203e-01
3.583750100000000316e+01 8.098062710267528441e-01
3.586250100000000174e+01 6.891294771391016649e-01
3.588750100000000032e+01 6.189778097469467166e-01
3.591250099999999890e+01 5.820071888779381197e-01
3.593750099999999748e+01 5.620156995338054795e-01
3.596250100000000316e+01 5.498805440319839422e-01
3.598750100000000174e+01 5.416704662220453992e-01
3.601250100000000032e+01 5.358600758391952601e-01
3.603750099999999890e+01 5.320277418724854712e-01
3.606250099999999748e+01 5.298013702331680896e-01
3.608750100000000316e+01 5.282674110303142712e-01
3.611250100000000174e+01 5.264750886219391468e-01
3.613750100000000032e+01 5.241506951161152283e-01
3.616250099999999890e+01 5.215641672720559008e-01
3.618750099999999748e+01 5.189670346245830457e-01
3.621250100000000316e+01 5.164705098275146344e-01
3.623750100000000174e+01 5.142185939541391582e-01
3.626250100000000032e+01 5.123142455920981497e-01
3.628750099999999890e+01 5.106538678557837052e-01
3.631250099999999748e+01 5.090985560249384756e-01
3.633750100000000316e+01 5.077303514153332920e-01
3.636250100000000174e+01 5.067417768775441811e-01
3.638750100000000032e+01 5.061319406119653141e-01
3.641250099999999890e+01 5.056985235764006603e-01
3.643750099999999748e+01 5.052963326110671005e-01
3.646250100000000316e+01 5.049964840310350311e-01
3.648750100000000174e+01 5.050390700917012365e-01
3.651250100000000032e+01 5.057912672153085376e-01
3.653750099999999890e+01 5.077630474530039351e-01
3.656250099999999748e+01 5.114598586880607645e-01
3.658750100000000316e+01 5.169054659516310046e-01
3.661250100000000174e+01 5.230563945048581909e-01
3.663750100000000032e+01 5.276270435895816791e-01
3.666250099999999890e+01 5.278160799704434414e-01
3.668750099999999748e+01 5.219138884507132925e-01
3.671250100000000316e+01 5.106961006676360437e-01
3.673750100000000174e+01 4.971582076269066564e-01
3.676250100000000032e+01 4.846996531156128052e-01
3.678750099999999890e+01 4.754080171103348129e-01
3.681250099999999748e+01 4.696208723844369493e-01
3.683750100000000316e+01 4.665269615983450580e-01
3.686250100000000174e+01 4.650414599613383881e-01
3.688750100000000032e+01 4.644596261790840952e-01
3.691250099999999890e+01 4.646957836545662079e-01
3.693750099999999748e+01 4.660223452884793005e-01
3.696250100000000316e+01 4.685055704998714043e-01
3.698750100000000174e+01 4.716218614657686770e-01
3.701250100000000032e+01 4.744102442989694968e-01
3.703750099999999890e+01 4.759125517779176917e-01
3.706250099999999748e+01 4.754579905337541490e-01
3.708750100000000316e+01 4.729116276156838938e-01
3.711250100000000174e+01 4.690774921372105055e-01
3.713750100000000032e+01 4.655001975967555383e-01
3.716250099999999890e+01 4.632307427306572301e-01
3.718750099999999748e+01 4.621586719505723084e-01
3.721250100000000316e+01 4.623632600602484155e-01
3.723750100000000174e+01 4.656647361746862890e-01
3.726250100000000032e+01 4.747130026696019800e-01
3.728750099999999890e+01 4.909543398891029753e-01
3.731250099999999748e+01 5.151921664523753108e-01
3.733750100000000316e+01 5.490970470575127216e-01
3.736250100000000174e+01 5.911455811741948008e-01
3.738750100000000032e+01 6.289340555477223038e-01
3.741250099999999890e+01 6.417066766949430789e-01
3.743750099999999748e+01 6.174529024537056543e-01
3.746250100000000316e+01 5.659884987108266818e-01
3.748750100000000174e+01 5.109634565372621617e-01
3.751250100000000032e+01 4.707215763633396666e-01
3.753750099999999890e+01 4.492180283358547244e-01
3.756250099999999748e+01 4.414668645361667920e-01
3.758750100000000316e+01 4.423542570443929622e-01
3.761250100000000174e+01 4.500035962658733291e-01
3.763750100000000032e+01 4.647457261049532939e-01
3.766250099999999890e+01 4.887024666546363472e-01
3.768750099999999748e+01 5.251154935907783594e-01
3.771250100000000316e+01 5.719025398080923583e-01
3.773750100000000174e+01 6.133947464321961585e-01
3.776250100000000032e+01 6.254173437139523006e-01
3.778750099999999890e+01 5.956212998370644662e-01
3.781250099999999748e+01 5.365364361367876977e-01
3.783750100000000316e+01 4.744639483926630374e-01
3.786250100000000174e+01 4.282498270783763328e-01
3.788750100000000032e+01 4.010200405774164145e-01
3.791250099999999890e+01 3.870177873368898513e-01
3.793750099999999748e+01 3.803896670000725955e-01
3.796250100000000316e+01 3.784015729458964361e-01
3.798750100000000174e+01 3.807329665287699227e-01
3.801250100000000032e+01 3.877986938536537309e-01
3.803750099999999890e+01 3.990208020094917485e-01
3.806250099999999748e+01 4.115472559003021669e-01
3.808750100000000316e+01 4.202343662843166516e-01
3.811250100000000174e+01 4.196984962791246998e-01
3.813750100000000032e+01 4.079254883001779408e-01
3.816250099999999890e+01 3.884207354014481695e-01
3.818750099999999748e+01 3.679297505226792886e-01
3.821250100000000316e+01 3.516791863783548799e-01
3.823750100000000174e+01 3.410334925669495365e-01
3.826250100000000032e+01 3.347734074266079385e-01
3.828750099999999890e+01 3.311774228842525591e-01
3.831250099999999748e+01 3.289053850334466844e-01
3.833750100000000316e+01 3.269752044149293879e-01
3.836250100000000174e+01 3.246793520169807823e-01
3.838750100000000032e+01 3.216158557530879869e-01
3.841250099999999890e+01 3.177481981372013431e-01
3.843750099999999748e+01 3.134028139733243679e-01
3.846250100000000316e+01 3.091721164354953588e-01
3.848750100000000174e+01 3.057033308425923801e-01
3.851250100000000032e+01 3.034669328622324191e-01
3.853750099999999890e+01 3.026352596542249973e-01
3.856250099999999748e+01 3.031341488244092552e-01
3.858750100000000316e+01 3.047370570924182731e-01
3.861250100000000174e+01 3.070293707080385404e-01
3.863750100000000032e+01 3.092438412077996857e-01
3.866250099999999890e+01 3.102669891356506504e-01
3.868750099999999748e+01 3.090805360976086047e-01
3.871250100000000316e+01 3.053712589876045880e-01
3.873750100000000174e+01 2.997021576051887570e-01
3.876250100000000032e+01 2.930945995240775703e-01
3.878750099999999890e+01 2.864530712146391989e-01
3.881250099999999748e+01 2.802799225074190659e-01
3.883750100000000316e+01 2.747708583942882754e-01
3.886250100000000174e+01 2.700404556916630172e-01
3.888750100000000032e+01 2.662105694257450583e-01
3.891250099999999890e+01 2.633354504048819322e-01
3.893750099999999748e+01 2.613098003947261216e-01
3.896250100000000316e+01 2.598939264900952395e-01
3.898750100000000174e+01 2.588255471505661598e-01
3.901250100000000032e+01 2.578705883269876153e-01
3.903750099999999890e+01 2.567715351332897633e-01
3.906250099999999748e+01 2.552508004500975147e-01
3.908750100000000316e+01 2.531572532758856742e-01
3.911250100000000174e+01 2.505851327015429231e-01
3.913750100000000032e+01 2.478091724761674053e-01
3.916250099999999890e+01 2.450985367660159508e-01
3.918750099999999748e+01 2.425467727123016004e-01
3.921250100000000316e+01 2.399914046477349405e-01
3.923750100000000174e+01 2.371221813408019852e-01
3.926250100000000032e+01 2.337287642290645229e-01
3.928750099999999890e+01 2.298656778160348690e-01
3.931250099999999748e+01 2.258080899013684695e-01
3.933750100000000316e+01 2.219328851515023071e-01
3.936250100000000174e+01 2.186280988233722522e-01
3.938750100000000032e+01 2.161741587138696630e-01
3.941250099999999890e+01 2.145820946208568669e-01
3.943750099999999748e+01 2.135562699904508532e-01
3.946250100000000316e+01 2.126662106528801610e-01
3.948750100000000174e+01 2.115748797814675786e-01
3.951250100000000032e+01 2.101294938618065156e-01
3.953750099999999890e+01 2.083184579748805498e-01
3.956250099999999748e+01 2.062188596009671415e-01
3.958750100000000316e+01 2.039765350139529643e-01
3.961250100000000174e+01 2.017466910989862416e-01
3.963750100000000032e+01 1.995929018813867861e-01
3.966250099999999890e+01 1.974642207334502131e-01
3.968750099999999748e+01 1.952993025489302426e-01
3.971250100000000316e+01 1.931405992976724106e-01
3.973750100000000174e+01 1.911488474644669200e-01
3.976250100000000032e+01 1.894559020022343609e-01
3.978750099999999890e+01 1.879431713427034412e-01
3.981250099999999748e+01 1.862293600376523361e-01
3.983750100000000316e+01 1.840011681857521286e-01
3.986250100000000174e+01 1.813371416085673982e-01
3.988750100000000032e+01 1.786358745744987542e-01
3.991250099999999890e+01 1.762906065897253960e-01
3.993750099999999748e+01 1.745034877241655180e-01
3.996250100000000316e+01 1.733283798408835064e-01
3.998750100000000174e+01 1.727540775677333662e-01
