0.000000 1.000000000000
0.087500 0.405255179825
0.112500 0.164276333772
0.137500 0.066607336216
0.162500 0.000000000428
0.187500 0.000000000551
0.212500 0.000000000735
0.237500 0.015006663826
0.262500 0.014764994058
0.287500 0.007315788906
0.312500 0.000000001770
0.337500 0.000185599286
0.362500 0.000407741865
0.387500 0.000000006844
0.412500 0.003766307189
0.437500 0.001016089032
0.462500 0.001011929832
0.487500 0.000115634235
0.512500 0.000102530420
0.537500 0.000002453561
0.562500 0.000981041247
0.587500 0.000352388406
0.612500 0.000323431587
0.637500 0.000275969475
0.662500 0.000027561415
0.687500 0.000008844961
0.712500 0.000010078108
0.737500 0.000354598026
0.762500 0.000013451570
0.787500 0.000120779077
0.812500 0.000090202866
0.837500 0.000019077851
0.862500 0.000004868785
0.887500 0.000196023433
0.912500 0.000016321309
0.937500 0.000014569255
0.962500 0.000055119164
0.987500 0.000041371070
1.012500 0.000006505169
1.037500 0.000000702086
1.062500 0.000103199835
1.087500 0.000008476386
1.112500 0.000000205126
1.137500 0.000002987614
1.162500 0.000042268109
1.187500 0.000003636201
1.212500 0.000057412952
1.237500 0.000009438613
1.262500 0.000000759695
1.287500 0.000002294381
1.312500 0.000000656194
1.337500 0.000027048696
1.362500 0.000002381752
1.387500 0.000038924708
1.412500 0.000002613279
1.437500 0.000000975653
1.462500 0.000000771949
1.487500 0.000000338486
1.512500 0.000016111592
1.537500 0.000029291777
1.562500 0.000002137925
1.587500 0.000000538062
1.612500 0.000000725477
1.637500 0.000000238910
1.662500 0.000000276217
1.687500 0.000009450602
1.712500 0.000018873142
1.737500 0.000001084219
1.762500 0.000000537011
1.787500 0.000000321059
1.812500 0.000000231420
1.837500 0.000000237499
1.862500 0.000018509801
1.887500 0.000001287101
1.912500 0.000000588683
1.937500 0.000000252589
1.962500 0.000000257034
1.987500 0.000000118774
2.012500 0.000000169368
2.037500 0.000012849932
2.062500 0.000000840717
2.087500 0.000000335843
2.112500 0.000000211407
2.137500 0.000000161227
2.162500 0.000000167412
2.187500 0.000006194031
2.212500 0.000003807574
2.237500 0.000000477247
2.262500 0.000000224416
2.287500 0.000000203555
2.312500 0.000000137501
2.337500 0.000000156705
2.362500 0.000004800257
2.387500 0.000002775710
2.412500 0.000000296258
2.437500 0.000000265680
2.462500 0.000000178401
2.487500 0.000000141131
2.512500 0.000003898002
2.537500 0.000000370710
2.562500 0.000001943865
2.587500 0.000000299197
2.612500 0.000000191291
2.637500 0.000000167455
2.662500 0.000000171251
2.687500 0.000003043204
2.712500 0.000000203502
2.737500 0.000001343625
2.762500 0.000000226031
2.787500 0.000000195186
2.812500 0.000000181750
2.837500 0.000002417862
2.862500 0.000000346917
2.887500 0.000000214649
2.912500 0.000000932715
2.937500 0.000000299505
2.962500 0.000000180207
2.987500 0.000000195791
3.012500 0.000002056541
3.037500 0.000000224871
3.062500 0.000000198657
3.087500 0.000000188536
3.112500 0.000000390679
3.137500 0.000000197293
3.162500 0.000001697522
3.187500 0.000001797060
3.212500 0.000000289687
3.237500 0.000000248554
3.262500 0.000000329465
3.287500 0.000002754543
3.312500 0.000000341007
3.337500 0.000001458262
3.362500 0.000000332118
3.387500 0.000000274543
3.412500 0.000000260517
3.437500 0.000000232093
3.462500 0.000001431322
3.487500 0.000001174552
3.512500 0.000000326158
3.537500 0.000000319603
3.562500 0.000000244933
3.587500 0.000000241544
3.612500 0.000000322908
3.637500 0.000000891954
3.662500 0.000001098031
3.687500 0.000000310839
3.712500 0.000000263296
3.737500 0.000000274414
3.762500 0.000000307071
3.787500 0.000000251242
3.812500 0.000001432776
3.837500 0.000000351265
3.862500 0.000000289436
3.887500 0.000000266105
3.912500 0.000000293434
3.937500 0.000000266145
3.962500 0.000000289352
3.987500 0.000001308719
4.012500 0.000000335497
4.037500 0.000000316103
4.062500 0.000000318216
4.087500 0.000000301989
4.112500 0.000000343445
4.137500 0.000000766167
4.162500 0.000000736759
4.187500 0.000000331812
4.212500 0.000000343882
4.237500 0.000000318148
4.262500 0.000000337115
4.287500 0.000000331848
4.312500 0.000000753508
4.337500 0.000000621306
4.362500 0.000000363399
4.387500 0.000000364778
4.412500 0.000000360750
4.437500 0.000000398744
4.462500 0.000000731201
4.487500 0.000000426094
4.512500 0.000000585274
4.537500 0.000000456358
4.562500 0.000000362233
4.587500 0.000000388212
4.612500 0.000000433699
4.637500 0.000000707598
4.662500 0.000000405616
4.687500 0.000000563761
4.712500 0.000000401549
4.737500 0.000000378592
4.762500 0.000000381714
4.787500 0.000000647277
4.812500 0.000000405021
4.837500 0.000000410768
4.862500 0.000000522195
4.887500 0.000000440926
4.912500 0.000000411322
4.937500 0.000000407464
4.962500 0.000000626681
4.987500 0.000000410668
5.012500 0.000000452463
5.037500 0.000000562702
5.062500 0.000000439146
5.087500 0.000000452709
5.112500 0.000000597821
5.137500 0.000000506411
5.162500 0.000000454825
5.187500 0.000000465661
5.212500 0.000000463905
5.237500 0.000000554074
5.262500 0.000000473121
5.287500 0.000000592276
5.312500 0.000000460396
5.337500 0.000000449099
5.362500 0.000000475615
5.387500 0.000000492272
5.412500 0.000000586110
5.437500 0.000000633737
5.462500 0.000000505144
5.487500 0.000000498501
5.512500 0.000000482479
5.537500 0.000000516737
5.562500 0.000000470765
5.587500 0.000000597473
5.612500 0.000000633599
5.637500 0.000000495472
5.662500 0.000000518740
5.687500 0.000000515997
5.712500 0.000000528197
5.737500 0.000000533182
5.762500 0.000000686565
5.787500 0.000000547252
5.812500 0.000000521122
5.837500 0.000000515511
5.862500 0.000000514256
5.887500 0.000000539142
5.912500 0.000000545666
5.937500 0.000000720467
5.962500 0.000000533998
5.987500 0.000000562843
6.012500 0.000000582944
6.037500 0.000000581479
6.062500 0.000000587445
6.087500 0.000000652414
6.112500 0.000000646876
6.137500 0.000000564076
6.162500 0.000000578318
6.187500 0.000000588420
6.212500 0.000000598860
6.237500 0.000000603785
6.262500 0.000000706784
6.287500 0.000000647727
6.312500 0.000000646781
6.337500 0.000000630882
6.362500 0.000000626119
6.387500 0.000000641621
6.412500 0.000000715575
6.437500 0.000000679732
6.462500 0.000000668013
6.487500 0.000000679469
6.512500 0.000000696316
6.537500 0.000000689223
6.562500 0.000000708810
6.587500 0.000000780641
6.612500 0.000000695421
6.637500 0.000000750700
6.662500 0.000000712230
6.687500 0.000000686360
6.712500 0.000000661689
6.737500 0.000000761527
6.762500 0.000000689958
6.787500 0.000000703478
6.812500 0.000000775455
6.837500 0.000000816450
6.862500 0.000000757746
6.887500 0.000000821445
6.912500 0.000001060272
6.937500 0.000000836498
6.962500 0.000000785982
6.987500 0.000000871308
7.012500 0.000000793312
7.037500 0.000000737242
7.062500 0.000000806836
7.087500 0.000000750593
7.112500 0.000000757156
7.137500 0.000000752813
7.162500 0.000000771765
7.187500 0.000000781845
7.212500 0.000000787934
7.237500 0.000000861610
7.262500 0.000000813776
7.287500 0.000000791219
7.312500 0.000000845107
7.337500 0.000000796838
7.362500 0.000000818330
7.387500 0.000000861062
7.412500 0.000000791792
7.437500 0.000000827639
7.462500 0.000000826022
7.487500 0.000000829255
7.512500 0.000000832411
7.537500 0.000000859435
7.562500 0.000000906242
7.587500 0.000000849908
7.612500 0.000000873449
7.637500 0.000000857904
7.662500 0.000000835901
7.687500 0.000001036880
7.712500 0.000001304075
7.737500 0.000000846194
7.762500 0.000001374648
7.787500 0.000001797573
7.812500 0.000000981768
7.837500 0.000001450405
7.862500 0.000000886528
7.887500 0.000001354780
7.912500 0.000001114269
7.937500 0.000000944852
7.962500 0.000000889543
7.987500 0.000000932283
8.012500 0.000000880417
8.037500 0.000000934413
8.062500 0.000000965051
8.087500 0.000000917684
8.112500 0.000000921692
8.137500 0.000000947811
8.162500 0.000000894918
8.187500 0.000000951102
8.212500 0.000000914676
8.237500 0.000000946149
8.262500 0.000000913639
8.287500 0.000000941790
8.312500 0.000000933420
8.337500 0.000000970667
8.362500 0.000000977742
8.387500 0.000000999590
8.412500 0.000001043117
8.437500 0.000001033383
8.462500 0.000000972175
8.487500 0.000001026072
8.512500 0.000000985957
8.537500 0.000001021384
8.562500 0.000000947230
8.587500 0.000001016145
8.612500 0.000000956318
8.637500 0.000000991665
8.662500 0.000000994957
8.687500 0.000000967146
8.712500 0.000000990213
8.737500 0.000000990403
8.762500 0.000000999335
8.787500 0.000000984483
8.812500 0.000001019077
8.837500 0.000001035495
8.862500 0.000001010045
8.887500 0.000001002779
8.912500 0.000000995319
8.937500 0.000001020660
8.962500 0.000000981688
8.987500 0.000001041493
9.012500 0.000001017353
9.037500 0.000001040327
9.062500 0.000001025619
9.087500 0.000001028602
9.112500 0.000001057615
9.137500 0.000001076236
9.162500 0.000001040216
9.187500 0.000001116025
9.212500 0.000001073721
9.237500 0.000001046431
9.262500 0.000001077115
9.287500 0.000001072942
9.312500 0.000001097948
9.337500 0.000001113611
9.362500 0.000001258593
9.387500 0.000001122114
9.412500 0.000001233907
9.437500 0.000001429917
9.462500 0.000001258337
9.487500 0.000001159465
9.512500 0.000001206656
9.537500 0.000001161954
9.562500 0.000001074914
9.587500 0.000001105430
9.612500 0.000001100416
9.637500 0.000001110142
9.662500 0.000001182636
9.687500 0.000001138712
9.712500 0.000001151676
9.737500 0.000001161260
9.762500 0.000001168858
9.787500 0.000001157959
9.812500 0.000001159879
9.837500 0.000001185002
9.862500 0.000001225890
9.887500 0.000001159658
9.912500 0.000001213527
9.937500 0.000001174812
9.962500 0.000001144722
9.987500 0.000001162502
10.012500 0.000001177900
10.037500 0.000001175242
10.062500 0.000001211133
10.087500 0.000001202883
10.112500 0.000001146284
10.137500 0.000001211425
10.162500 0.000001174151
10.187500 0.000001323882
10.212500 0.000001552770
10.237500 0.000001339645
10.262500 0.000001434223
10.287500 0.000001839763
10.312500 0.000001436190
10.337500 0.000001292842
10.362500 0.000001444054
10.387500 0.000001252887
10.412500 0.000001232521
10.437500 0.000001236741
10.462500 0.000001211569
10.487500 0.000001239714
10.512500 0.000001221615
10.537500 0.000001329381
10.562500 0.000001234403
10.587500 0.000001221953
10.612500 0.000001232977
10.637500 0.000001220846
10.662500 0.000001252976
10.687500 0.000001263302
10.712500 0.000001548329
10.737500 0.000001259079
10.762500 0.000001253174
10.787500 0.000001253801
10.812500 0.000001259953
10.837500 0.000001248078
10.862500 0.000001282019
10.887500 0.000004279720
10.912500 0.000001400592
10.937500 0.000001299164
10.962500 0.000001265424
10.987500 0.000009242274
11.012500 0.000001402568
11.037500 0.000001337534
11.062500 0.000004673760
11.087500 0.000001532840
11.112500 0.000001350180
11.137500 0.000001432712
11.162500 0.000001324125
11.187500 0.000001391563
11.212500 0.000001348288
11.237500 0.000001731947
11.262500 0.000001379683
11.287500 0.000001366044
11.312500 0.000001361631
11.337500 0.000001383668
11.362500 0.000001363571
11.387500 0.000001367396
11.412500 0.000001331972
11.437500 0.000001536077
11.462500 0.000001330556
11.487500 0.000001339625
11.512500 0.000001365237
11.537500 0.000001351772
11.562500 0.000001354356
11.587500 0.000001378415
11.612500 0.000001511262
11.637500 0.000001341322
11.662500 0.000001449010
11.687500 0.000001431748
11.712500 0.000001442263
11.737500 0.000001581246
11.762500 0.000001577145
11.787500 0.000001639256
11.812500 0.000001580437
11.837500 0.000001617505
11.862500 0.000001579432
11.887500 0.000001490527
11.912500 0.000001534170
11.937500 0.000001498275
11.962500 0.000001515569
11.987500 0.000001535986
12.012500 0.000001484847
12.037500 0.000001424619
12.062500 0.000001565987
12.087500 0.000001393037
12.112500 0.000001536197
12.137500 0.000001565898
12.162500 0.000001658971
12.187500 0.000001472052
12.212500 0.000001463212
12.237500 0.000001513084
12.262500 0.000001561205
12.287500 0.000001737018
12.312500 0.000001975899
12.337500 0.000001896529
12.362500 0.000001654839
12.387500 0.000001652666
12.412500 0.000001968599
12.437500 0.000003829848
12.462500 0.000006121600
12.487500 0.000004459784
12.512500 0.000006293871
12.537500 0.000013408706
12.562500 0.000006731450
12.587500 0.000001790246
12.612500 0.000008429538
12.637500 0.000004343383
12.662500 0.000001768610
12.687500 0.000002967720
12.712500 0.000003085642
12.737500 0.000002163069
12.762500 0.000005002736
12.787500 0.000002163912
12.812500 0.000003660775
12.837500 0.000003071514
12.862500 0.000001678301
12.887500 0.000002231504
12.912500 0.000001734468
12.937500 0.000001777829
12.962500 0.000001915820
12.987500 0.000001949500
13.012500 0.000001848647
13.037500 0.000001956748
13.062500 0.000002116099
13.087500 0.000003002074
13.112500 0.000002651828
13.137500 0.000002875822
13.162500 0.000005670741
13.187500 0.000003236536
13.212500 0.000002874823
13.237500 0.000003515768
13.262500 0.000002366866
13.287500 0.000002242755
13.312500 0.000003583226
13.337500 0.000005820801
13.362500 0.000003914872
13.387500 0.000005967310
13.412500 0.000011729856
13.437500 0.000006036452
13.462500 0.000003757779
13.487500 0.000005622687
13.512500 0.000003597534
13.537500 0.000001742899
13.562500 0.000002057279
13.587500 0.000001679169
13.612500 0.000001605200
13.637500 0.000002610693
13.662500 0.000001828571
13.687500 0.000002567725
13.712500 0.000001706657
13.737500 0.000005431634
13.762500 0.000001656356
13.787500 0.000007286083
13.812500 0.000002167529
13.837500 0.000001584391
13.862500 0.000005109802
13.887500 0.000001651596
13.912500 0.000002773564
13.937500 0.000001646171
13.962500 0.000002081194
13.987500 0.000001701655
14.012500 0.000001636281
14.037500 0.000001869078
14.062500 0.000001646846
14.087500 0.000003856586
14.112500 0.000001779647
14.137500 0.000001767942
14.162500 0.000006320327
14.187500 0.000002038827
14.212500 0.000002073866
14.237500 0.000001743488
14.262500 0.000003737162
14.287500 0.000003104359
14.312500 0.000002578974
14.337500 0.000004141186
14.362500 0.000004436971
14.387500 0.000004567135
14.412500 0.000005850940
14.437500 0.000004554228
14.462500 0.000004766957
14.487500 0.000003766440
14.512500 0.000002709196
14.537500 0.000002174862
14.562500 0.000001845151
14.587500 0.000001863884
14.612500 0.000001930070
14.637500 0.000001818968
14.662500 0.000001744618
14.687500 0.000001697559
14.712500 0.000001697927
14.737500 0.000001683797
14.762500 0.000001733446
14.787500 0.000001733981
14.812500 0.000001788872
14.837500 0.000001748215
14.862500 0.000001734808
14.887500 0.000001900474
14.912500 0.000001830072
14.937500 0.000001837779
14.962500 0.000002041398
14.987500 0.000002000781
15.012500 0.000001864818
15.037500 0.000002484806
15.062500 0.000002680065
15.087500 0.000003778758
15.112500 0.000003267260
15.137500 0.000005421448
15.162500 0.000005299173
15.187500 0.000004431343
15.212500 0.000003893685
15.237500 0.000003578412
15.262500 0.000002578799
15.287500 0.000002562927
15.312500 0.000002042589
15.337500 0.000001854704
15.362500 0.000002254964
15.387500 0.000002067731
15.412500 0.000002622483
15.437500 0.000001775604
15.462500 0.000003821579
15.487500 0.000002281441
15.512500 0.000005730694
15.537500 0.000002108346
15.562500 0.000004855715
15.587500 0.000003916026
15.612500 0.000002581609
15.637500 0.000003170255
15.662500 0.000002707944
15.687500 0.000002112969
15.712500 0.000002379461
15.737500 0.000001847023
15.762500 0.000001843446
15.787500 0.000001741351
15.812500 0.000002125655
15.837500 0.000002162023
15.862500 0.000002621479
15.887500 0.000002691121
15.912500 0.000002552225
15.937500 0.000003820757
15.962500 0.000002502020
15.987500 0.000002154585
16.012500 0.000002429420
16.037500 0.000001879788
16.062500 0.000001730790
16.087500 0.000001672577
16.112500 0.000001640147
16.137500 0.000001646474
16.162500 0.000001647607
16.187500 0.000001693100
16.212500 0.000001622865
16.237500 0.000001627070
16.262500 0.000001691943
16.287500 0.000001615990
16.312500 0.000001649448
16.337500 0.000001636943
16.362500 0.000001569736
16.387500 0.000001551501
16.412500 0.000001551765
16.437500 0.000001506906
16.462500 0.000001540412
16.487500 0.000001558907
16.512500 0.000001613418
16.537500 0.000001563791
16.562500 0.000001609829
16.587500 0.000001687242
16.612500 0.000001618722
16.637500 0.000001594213
16.662500 0.000001624183
16.687500 0.000001632922
16.712500 0.000001569819
16.737500 0.000001588232
16.762500 0.000001578707
16.787500 0.000001622505
16.812500 0.000001677541
16.837500 0.000001605302
16.862500 0.000001726652
16.887500 0.000001818457
16.912500 0.000001641990
16.937500 0.000001724877
16.962500 0.000001691492
16.987500 0.000001627998
17.012500 0.000001627147
17.037500 0.000001633498
17.062500 0.000001643099
17.087500 0.000001615198
17.112500 0.000001717011
17.137500 0.000001650965
17.162500 0.000001735540
17.187500 0.000001769124
17.212500 0.000001722910
17.237500 0.000001761065
17.262500 0.000001728915
17.287500 0.000001634352
17.312500 0.000001666209
17.337500 0.000001592880
17.362500 0.000001578057
17.387500 0.000001594437
17.412500 0.000001568683
17.437500 0.000001585193
17.462500 0.000001653245
17.487500 0.000001594875
17.512500 0.000001666042
17.537500 0.000001615046
17.562500 0.000001604118
17.587500 0.000001628767
17.612500 0.000001546289
17.637500 0.000001569321
17.662500 0.000001571083
17.687500 0.000001586295
17.712500 0.000001600988
17.737500 0.000001685345
17.762500 0.000001612682
17.787500 0.000001573118
17.812500 0.000001608353
17.837500 0.000001596613
17.862500 0.000001631892
17.887500 0.000001574590
17.912500 0.000001663729
17.937500 0.000001580845
17.962500 0.000001680607
17.987500 0.000001912140
18.012500 0.000001703319
18.037500 0.000001747884
18.062500 0.000001849343
18.087500 0.000002490131
18.112500 0.000001589237
18.137500 0.000003826027
18.162500 0.000003628651
18.187500 0.000002426367
18.212500 0.000006722545
18.237500 0.000004426365
18.262500 0.000003806178
18.287500 0.000001630502
18.312500 0.000002420057
18.337500 0.000001855189
18.362500 0.000001898303
18.387500 0.000001554845
18.412500 0.000001976798
18.437500 0.000001691564
18.462500 0.000001669909
18.487500 0.000001643952
18.512500 0.000001754736
18.537500 0.000001651850
18.562500 0.000001619324
18.587500 0.000001646682
18.612500 0.000001592953
18.637500 0.000001628107
18.662500 0.000001559779
18.687500 0.000001635595
18.712500 0.000001567373
18.737500 0.000001574813
18.762500 0.000001597724
18.787500 0.000001589733
18.812500 0.000001551004
18.837500 0.000001567053
18.862500 0.000001585729
18.887500 0.000001554546
18.912500 0.000001536881
18.937500 0.000001530253
18.962500 0.000001563541
18.987500 0.000001536515
19.012500 0.000001532315
19.037500 0.000001558592
19.062500 0.000001551334
19.087500 0.000001579056
19.112500 0.000001639382
19.137500 0.000001590541
19.162500 0.000001688100
19.187500 0.000001620973
19.212500 0.000001637096
19.237500 0.000001621629
19.262500 0.000001605446
19.287500 0.000001588368
19.312500 0.000001728467
19.337500 0.000001711947
19.362500 0.000001646658
19.387500 0.000001937091
19.412500 0.000001677702
19.437500 0.000002279086
19.462500 0.000002735005
19.487500 0.000002455905
19.512500 0.000003005370
19.537500 0.000004190467
19.562500 0.000003722924
19.587500 0.000002437655
19.612500 0.000001938365
19.637500 0.000002265669
19.662500 0.000001782964
19.687500 0.000001699367
19.712500 0.000001569193
19.737500 0.000001662722
19.762500 0.000001650022
19.787500 0.000001554189
19.812500 0.000001557807
19.837500 0.000001561091
19.862500 0.000001567441
19.887500 0.000001550861
19.912500 0.000001526070
19.937500 0.000001545523
19.962500 0.000001509957
19.987500 0.000001552828
20.012500 0.000001529909
20.037500 0.000001505450
20.062500 0.000001514202
20.087500 0.000001525875
20.112500 0.000001487495
20.137500 0.000001554590
20.162500 0.000001493836
20.187500 0.000001481490
20.212500 0.000001459655
20.237500 0.000001505196
20.262500 0.000001470262
20.287500 0.000001500466
20.312500 0.000001488607
20.337500 0.000001501503
20.362500 0.000001497803
20.387500 0.000001514619
20.412500 0.000001485842
20.437500 0.000001474524
20.462500 0.000001504877
20.487500 0.000001514239
20.512500 0.000001457233
20.537500 0.000001497411
20.562500 0.000001488867
20.587500 0.000001462529
20.612500 0.000001504515
20.637500 0.000001490505
20.662500 0.000001521331
20.687500 0.000001522574
20.712500 0.000001543636
20.737500 0.000001530035
20.762500 0.000001620598
20.787500 0.000001645809
20.812500 0.000001649457
20.837500 0.000001634801
20.862500 0.000001639100
20.887500 0.000001586419
20.912500 0.000001585433
20.937500 0.000001507471
20.962500 0.000001495237
20.987500 0.000001544292
21.012500 0.000001513198
21.037500 0.000001483489
21.062500 0.000001488908
21.087500 0.000001555754
21.112500 0.000001490432
21.137500 0.000001521044
21.162500 0.000001615937
21.187500 0.000001466167
21.212500 0.000001550627
21.237500 0.000001491290
21.262500 0.000001492917
21.287500 0.000001504478
21.312500 0.000001493185
21.337500 0.000001544721
21.362500 0.000001479356
21.387500 0.000001506853
21.412500 0.000001520727
21.437500 0.000001512881
21.462500 0.000001511729
21.487500 0.000001535692
21.512500 0.000001767185
21.537500 0.000001906626
21.562500 0.000002052139
21.587500 0.000001653855
21.612500 0.000002934739
21.637500 0.000001706641
21.662500 0.000002004440
21.687500 0.000003447520
21.712500 0.000001513805
21.737500 0.000004296387
21.762500 0.000001634914
21.787500 0.000003587190
21.812500 0.000002158473
21.837500 0.000002625514
21.862500 0.000002936543
21.887500 0.000002345255
21.912500 0.000003307948
21.937500 0.000002563272
21.962500 0.000003117758
21.987500 0.000004098561
22.012500 0.000002626033
22.037500 0.000002604580
22.062500 0.000002745696
22.087500 0.000001894601
22.112500 0.000001994004
22.137500 0.000001783896
22.162500 0.000001574724
22.187500 0.000001602877
22.212500 0.000001709852
22.237500 0.000001597824
22.262500 0.000001612887
22.287500 0.000001675480
22.312500 0.000001583787
22.337500 0.000001609490
22.362500 0.000001727829
22.387500 0.000001940608
22.412500 0.000001830916
22.437500 0.000002681709
22.462500 0.000002590563
22.487500 0.000002534745
22.512500 0.000003815413
22.537500 0.000002878054
22.562500 0.000002859655
22.587500 0.000002242825
22.612500 0.000002058747
22.637500 0.000002123459
22.662500 0.000002272261
22.687500 0.000001593883
22.712500 0.000002604405
22.737500 0.000002737847
22.762500 0.000002475767
22.787500 0.000001808917
22.812500 0.000002564788
22.837500 0.000002396751
22.862500 0.000002406537
22.887500 0.000002197794
22.912500 0.000002141618
22.937500 0.000002017863
22.962500 0.000001628741
22.987500 0.000001773810
23.012500 0.000001591608
23.037500 0.000001445904
23.062500 0.000001594429
23.087500 0.000001583735
23.112500 0.000001499452
23.137500 0.000001494963
23.162500 0.000001488581
23.187500 0.000001454099
23.212500 0.000001465539
23.237500 0.000001503098
23.262500 0.000001528031
23.287500 0.000001638031
23.312500 0.000001447676
23.337500 0.000002174551
23.362500 0.000001449387
23.387500 0.000002424745
23.412500 0.000001739678
23.437500 0.000001462216
23.462500 0.000002232067
23.487500 0.000001507382
23.512500 0.000001737572
23.537500 0.000001572076
23.562500 0.000002214201
23.587500 0.000001789132
23.612500 0.000002502422
23.637500 0.000002011023
23.662500 0.000001647672
23.687500 0.000002131313
23.712500 0.000001657579
23.737500 0.000001739671
23.762500 0.000001510016
23.787500 0.000001487282
23.812500 0.000001507808
23.837500 0.000001564895
23.862500 0.000001436166
23.887500 0.000001584946
23.912500 0.000001686648
23.937500 0.000001551205
23.962500 0.000001564549
23.987500 0.000001540232
24.012500 0.000001625270
24.037500 0.000001414880
24.062500 0.000001740257
24.087500 0.000001436230
24.112500 0.000001440385
24.137500 0.000001455201
24.162500 0.000001449556
24.187500 0.000001612454
24.212500 0.000001517749
24.237500 0.000001857173
24.262500 0.000001506160
24.287500 0.000001623885
24.312500 0.000001494480
24.337500 0.000001549041
24.362500 0.000001716419
24.387500 0.000001915487
24.412500 0.000001445682
24.437500 0.000001354128
24.462500 0.000001452015
24.487500 0.000001341278
24.512500 0.000001418313
24.537500 0.000001918366
24.562500 0.000002278728
24.587500 0.000001460204
24.612500 0.000001470953
24.637500 0.000001485693
24.662500 0.000001462463
24.687500 0.000001471780
24.712500 0.000003965043
24.737500 0.000001484089
24.762500 0.000001469758
24.787500 0.000001523630
24.812500 0.000001488745
24.837500 0.000001443580
24.862500 0.000001416273
24.887500 0.000009090711
24.912500 0.000001549237
24.937500 0.000002679229
24.962500 0.000003183151
24.987500 0.000001518278
25.012500 0.000004418442
25.037500 0.000044483992
25.062500 0.000024109490
25.087500 0.000002364465
25.112500 0.000002283290
25.137500 0.000001582064
25.162500 0.000001525715
25.187500 0.000001661525
25.212500 0.000001737611
25.237500 0.000001780685
25.262500 0.000001959894
25.287500 0.000001910017
25.312500 0.000002433257
25.337500 0.000002432980
25.362500 0.000001951080
25.387500 0.000003088011
25.412500 0.000003266413
25.437500 0.000004426976
25.462500 0.000001725164
25.487500 0.000003167398
25.512500 0.000002905827
25.537500 0.000001718435
25.562500 0.000002552119
25.587500 0.000001910774
25.612500 0.000002732205
25.637500 0.000003088220
25.662500 0.000002094081
25.687500 0.000002737349
25.712500 0.000002015765
25.737500 0.000002070586
25.762500 0.000001772587
25.787500 0.000001771848
25.812500 0.000001657700
25.837500 0.000001628625
25.862500 0.000001702624
25.887500 0.000002013232
25.912500 0.000002106885
25.937500 0.000002046049
25.962500 0.000002916358
25.987500 0.000002920127
26.012500 0.000002408467
26.037500 0.000002296423
26.062500 0.000002321577
26.087500 0.000001973218
26.112500 0.000001652081
26.137500 0.000001554891
26.162500 0.000001589983
26.187500 0.000001670639
26.212500 0.000001683047
26.237500 0.000001645366
26.262500 0.000001701221
26.287500 0.000001728483
26.312500 0.000001868037
26.337500 0.000002480412
26.362500 0.000002063461
26.387500 0.000002843954
26.412500 0.000003188588
26.437500 0.000002518360
26.462500 0.000002360969
26.487500 0.000002363555
26.512500 0.000002053313
26.537500 0.000001753158
26.562500 0.000001584893
26.587500 0.000001645546
26.612500 0.000001679237
26.637500 0.000001641514
26.662500 0.000001634417
26.687500 0.000001607624
26.712500 0.000001602466
26.737500 0.000001835797
26.762500 0.000001588378
26.787500 0.000002107220
26.812500 0.000001943782
26.837500 0.000001925263
26.862500 0.000002198003
26.887500 0.000001943751
26.912500 0.000001882707
26.937500 0.000001938647
26.962500 0.000001619122
26.987500 0.000001535590
27.012500 0.000001562090
27.037500 0.000001560769
27.062500 0.000001597221
27.087500 0.000001575863
27.112500 0.000001555688
27.137500 0.000001489093
27.162500 0.000001540163
27.187500 0.000001604373
27.212500 0.000001481388
27.237500 0.000001564933
27.262500 0.000001517623
27.287500 0.000001456259
27.312500 0.000001877378
27.337500 0.000002438094
27.362500 0.000001507686
27.387500 0.000001938778
27.412500 0.000001474797
27.437500 0.000001479635
27.462500 0.000001529323
27.487500 0.000001489669
27.512500 0.000001492731
27.537500 0.000001523071
27.562500 0.000001509266
27.587500 0.000001524894
27.612500 0.000001531144
27.637500 0.000001512529
27.662500 0.000001599965
27.687500 0.000001595404
27.712500 0.000001591774
27.737500 0.000001508944
27.762500 0.000001538562
27.787500 0.000001539585
27.812500 0.000001557408
27.837500 0.000001671466
27.862500 0.000001722190
27.887500 0.000001573897
27.912500 0.000001612133
27.937500 0.000001570547
27.962500 0.000001575996
27.987500 0.000002081637
28.012500 0.000002056786
28.037500 0.000002852290
28.062500 0.000002387243
28.087500 0.000001736067
28.112500 0.000001845334
28.137500 0.000001939708
28.162500 0.000001773209
28.187500 0.000001617165
28.212500 0.000002407990
28.237500 0.000001603183
28.262500 0.000002740429
28.287500 0.000001783404
28.312500 0.000002635683
28.337500 0.000001510651
28.362500 0.000001987686
28.387500 0.000002138417
28.412500 0.000002095664
28.437500 0.000003101820
28.462500 0.000002281020
28.487500 0.000001812856
28.512500 0.000001533126
28.537500 0.000001744017
28.562500 0.000001648596
28.587500 0.000001947417
28.612500 0.000002090214
28.637500 0.000001994475
28.662500 0.000001531069
28.687500 0.000001497294
28.712500 0.000001422738
28.737500 0.000001883633
28.762500 0.000001421622
28.787500 0.000002489077
28.812500 0.000001827023
28.837500 0.000001433886
28.862500 0.000001456963
28.887500 0.000001462988
28.912500 0.000001444893
28.937500 0.000001444439
28.962500 0.000001421065
28.987500 0.000001419932
29.012500 0.000001395245
29.037500 0.000001393616
29.062500 0.000001387288
29.087500 0.000001412909
29.112500 0.000001384744
29.137500 0.000001397374
29.162500 0.000001366202
29.187500 0.000001388868
29.212500 0.000001381178
29.237500 0.000001408709
29.262500 0.000001377942
29.287500 0.000001394058
29.312500 0.000001409939
29.337500 0.000001411131
29.362500 0.000001452371
29.387500 0.000001412623
29.412500 0.000001445417
29.437500 0.000001449243
29.462500 0.000001527989
29.487500 0.000001529584
29.512500 0.000001742863
29.537500 0.000001532495
29.562500 0.000001407619
29.587500 0.000001397597
29.612500 0.000001364869
29.637500 0.000001365474
29.662500 0.000001363867
29.687500 0.000001360310
29.712500 0.000001392116
29.737500 0.000001370334
29.762500 0.000001378501
29.787500 0.000001383165
29.812500 0.000001429836
29.837500 0.000001368818
29.862500 0.000001505519
29.887500 0.000001405380
29.912500 0.000001544652
29.937500 0.000001460405
29.962500 0.000001432570
29.987500 0.000001398931
30.012500 0.000001473996
30.037500 0.000001398048
30.062500 0.000001453660
30.087500 0.000001386969
30.112500 0.000001405346
30.137500 0.000001359561
30.162500 0.000001419818
30.187500 0.000001385180
30.212500 0.000001401998
30.237500 0.000001386016
30.262500 0.000001449663
30.287500 0.000001386826
30.312500 0.000001363155
30.337500 0.000001320095
30.362500 0.000001337831
30.387500 0.000001316425
30.412500 0.000001347339
30.437500 0.000001345482
30.462500 0.000001321722
30.487500 0.000001329409
30.512500 0.000001367518
30.537500 0.000001372047
30.562500 0.000001381846
30.587500 0.000001417320
30.612500 0.000001504572
30.637500 0.000001565526
30.662500 0.000001717841
30.687500 0.000001954026
30.712500 0.000002247715
30.737500 0.000002153853
30.762500 0.000003242725
30.787500 0.000003474023
30.812500 0.000003361485
30.837500 0.000004267639
30.862500 0.000002220605
30.887500 0.000002836755
30.912500 0.000003149921
30.937500 0.000002762923
30.962500 0.000002480162
30.987500 0.000002950927
31.012500 0.000002720876
31.037500 0.000001738768
31.062500 0.000001853609
31.087500 0.000001505695
31.112500 0.000002236561
31.137500 0.000001848766
31.162500 0.000003037964
31.187500 0.000002871241
31.212500 0.000003831149
31.237500 0.000002792946
31.262500 0.000003057565
31.287500 0.000001750631
31.312500 0.000002084865
31.337500 0.000001428423
31.362500 0.000001573737
31.387500 0.000001441569
31.412500 0.000001380674
31.437500 0.000001358753
31.462500 0.000001362441
31.487500 0.000001314511
31.512500 0.000001299821
31.537500 0.000001301878
31.562500 0.000001294709
31.587500 0.000001251296
31.612500 0.000001277699
31.637500 0.000001254362
31.662500 0.000001252263
31.687500 0.000001254861
31.712500 0.000001260137
31.737500 0.000001274868
31.762500 0.000001308117
31.787500 0.000001313372
31.812500 0.000001283235
31.837500 0.000001331581
31.862500 0.000001334646
31.887500 0.000001365388
31.912500 0.000001310644
31.937500 0.000001754966
31.962500 0.000001305068
31.987500 0.000002562690
32.012500 0.000001645230
32.037500 0.000002717956
32.062500 0.000001607955
32.087500 0.000002171597
32.112500 0.000001404351
32.137500 0.000001586767
32.162500 0.000001423057
32.187500 0.000001320624
32.212500 0.000001347892
32.237500 0.000001342006
32.262500 0.000001422817
32.287500 0.000001230251
32.312500 0.000001402555
32.337500 0.000001207342
32.362500 0.000001288298
32.387500 0.000001220584
32.412500 0.000001257374
32.437500 0.000001182040
32.462500 0.000001262279
32.487500 0.000001172689
32.512500 0.000001227861
32.537500 0.000001173547
32.562500 0.000001211068
32.587500 0.000001178272
32.612500 0.000001192232
32.637500 0.000001206171
32.662500 0.000001229583
32.687500 0.000001216595
32.712500 0.000001270858
32.737500 0.000001227274
32.762500 0.000001255040
32.787500 0.000001233361
32.812500 0.000001284951
32.837500 0.000001190714
32.862500 0.000001230967
32.887500 0.000001213282
32.912500 0.000001254141
32.937500 0.000001230050
32.962500 0.000001226814
32.987500 0.000001248789
33.012500 0.000001322423
33.037500 0.000001516390
33.062500 0.000001488248
33.087500 0.000001736681
33.112500 0.000001641564
33.137500 0.000002009461
33.162500 0.000001309476
33.187500 0.000002194622
33.212500 0.000001852703
33.237500 0.000001133251
33.262500 0.000001372931
33.287500 0.000001215835
33.312500 0.000001203093
33.337500 0.000001182169
33.362500 0.000001155938
33.387500 0.000001116217
33.412500 0.000001161268
33.437500 0.000001139437
33.462500 0.000001134476
33.487500 0.000001151211
33.512500 0.000001185217
33.537500 0.000001141475
33.562501 0.000001137423
33.587501 0.000001144810
33.612501 0.000001155875
33.637501 0.000001170559
33.662501 0.000001107610
33.687501 0.000001115604
33.712501 0.000001147659
33.737501 0.000001122592
33.762501 0.000001142045
33.787501 0.000001104458
33.812501 0.000001131505
33.837501 0.000001211471
33.862501 0.000001157072
33.887501 0.000001146162
33.912501 0.000001141198
33.937501 0.000001185869
33.962501 0.000001304264
33.987501 0.000001232778
34.012501 0.000001270413
34.037501 0.000001214929
34.062501 0.000001250879
34.087501 0.000001285605
34.112501 0.000001197610
34.137501 0.000001146434
34.162501 0.000001259856
34.187501 0.000001352743
34.212501 0.000001227668
34.237501 0.000001667709
34.262501 0.000001880531
34.287501 0.000001356465
34.312501 0.000001805676
34.337501 0.000001151667
34.362501 0.000001268757
34.387501 0.000001294586
34.412501 0.000001275146
34.437501 0.000001329615
34.462501 0.000001162252
34.487501 0.000001189301
34.512501 0.000001286703
34.537501 0.000001246376
34.562501 0.000001303663
34.587501 0.000001144237
34.612501 0.000001408939
34.637501 0.000001291405
34.662501 0.000001251165
34.687501 0.000001401428
34.712501 0.000001233172
34.737501 0.000001456235
34.762501 0.000001401828
34.787501 0.000001147876
34.812501 0.000001539388
34.837501 0.000001634657
34.862501 0.000001460065
34.887501 0.000001133833
34.912501 0.000001137067
34.937501 0.000001702603
34.962501 0.000001899264
34.987501 0.000001650787
35.012501 0.000001157260
35.037501 0.000001178057
35.062501 0.000003169371
35.087501 0.000002186081
35.112501 0.000001187010
35.137501 0.000001209768
35.162501 0.000001291238
35.187501 0.000005388556
35.212501 0.000002943139
35.237501 0.000001399147
35.262501 0.000001558862
35.287501 0.000001572072
35.312501 0.000016055076
35.337501 0.000001929937
35.362501 0.000002488495
35.387501 0.000002998042
35.412501 0.000027178117
35.437501 0.000050162327
35.462501 0.000002844133
35.487501 0.000001950927
35.512501 0.000001463004
35.537501 0.000001529079
35.562501 0.000001758091
35.587501 0.000001691691
35.612501 0.000001365972
35.637501 0.000002185846
35.662501 0.000002585300
35.687501 0.000002759519
35.712501 0.000005182311
35.737501 0.000001777535
35.762501 0.000004086820
35.787501 0.000001157082
35.812501 0.000001854486
35.837501 0.000001184837
35.862501 0.000001415634
35.887501 0.000001097054
35.912501 0.000001207167
35.937501 0.000001150620
35.962501 0.000001195290
35.987501 0.000001115231
36.012501 0.000001130901
36.037501 0.000001090227
36.062501 0.000001145977
36.087501 0.000001060884
36.112501 0.000001106551
36.137501 0.000001067207
36.162501 0.000001087315
36.187501 0.000001070918
36.212501 0.000001051495
36.237501 0.000001050935
36.262501 0.000001047812
36.287501 0.000001057678
36.312501 0.000001073355
36.337501 0.000001032907
36.362501 0.000001051369
36.387501 0.000001058547
36.412501 0.000001038756
36.437501 0.000001047704
36.462501 0.000001037144
36.487501 0.000001058659
36.512501 0.000001035797
36.537501 0.000001018092
36.562501 0.000001034025
36.587501 0.000001061747
36.612501 0.000001051486
36.637501 0.000001225789
36.662501 0.000001017877
36.687501 0.000001155807
36.712501 0.000000953447
36.737501 0.000001055220
36.762501 0.000000990522
36.787501 0.000001025647
36.812501 0.000000974087
36.837501 0.000000970170
36.862501 0.000001046875
36.887501 0.000001002128
36.912501 0.000000980907
36.937501 0.000001054964
36.962501 0.000001153317
36.987501 0.000001120725
37.012501 0.000000973235
37.037501 0.000001056932
37.062501 0.000001304226
37.087501 0.000001820568
37.112501 0.000001323897
37.137501 0.000000921706
37.162501 0.000000977246
37.187501 0.000000906511
37.212501 0.000000955797
37.237501 0.000000888742
37.262501 0.000000928273
37.287501 0.000000885378
37.312501 0.000000920756
37.337501 0.000000894482
37.362501 0.000000902366
37.387501 0.000000887931
37.412501 0.000000903359
37.437501 0.000000867282
37.462501 0.000000881562
37.487501 0.000000855688
37.512501 0.000000882562
37.537501 0.000000846195
37.562501 0.000000841406
37.587501 0.000000849012
37.612501 0.000000847858
37.637501 0.000000863499
37.662501 0.000000852006
37.687501 0.000000870047
37.712501 0.000000861407
37.737501 0.000000853678
37.762501 0.000000838078
37.787501 0.000000927479
37.812501 0.000000884650
37.837501 0.000001154334
37.862501 0.000000783382
37.887501 0.000000983103
37.912501 0.000000804041
37.937501 0.000000924712
37.962501 0.000000759182
37.987501 0.000000770073
38.012501 0.000000828758
38.037501 0.000001124021
38.062501 0.000000810151
38.087501 0.000000730337
38.112501 0.000001261677
38.137501 0.000002058485
38.162501 0.000000713481
38.187501 0.000001234693
38.212501 0.000000691796
38.237501 0.000000743270
38.262501 0.000000667239
38.287501 0.000000682458
38.312501 0.000000697798
38.337501 0.000000658514
38.362501 0.000000681972
38.387501 0.000000655545
38.412501 0.000000677743
38.437501 0.000000643084
38.462501 0.000000662353
38.487501 0.000000658594
38.512501 0.000000649214
38.537501 0.000000645170
38.562501 0.000000645043
38.587501 0.000000656361
38.612501 0.000000652243
38.637501 0.000000693993
38.662501 0.000000635876
38.687501 0.000000654852
38.712501 0.000000600442
38.737501 0.000000576544
38.762501 0.000000579517
38.787501 0.000000553512
38.812501 0.000000569167
38.837501 0.000000529179
38.862501 0.000000558326
38.887501 0.000000525493
38.912501 0.000000555976
38.937501 0.000000537678
38.962501 0.000000541860
38.987501 0.000000555501
39.012501 0.000000516253
39.037501 0.000000520659
39.062501 0.000000507712
39.087501 0.000000501547
39.112501 0.000000521520
39.137501 0.000000501401
39.162501 0.000000525290
39.187501 0.000000524957
39.212501 0.000000503629
39.237501 0.000000512701
39.262501 0.000000483256
39.287501 0.000000494591
39.312501 0.000000453435
39.337501 0.000000482199
39.362501 0.000000465051
39.387501 0.000000451772
39.412501 0.000000470732
39.437501 0.000000436267
39.462501 0.000000455120
39.487501 0.000000426200
39.512501 0.000000448814
39.537501 0.000000439135
39.562501 0.000000446363
39.587501 0.000000439017
39.612501 0.000000424119
39.637501 0.000000422427
39.662501 0.000000393604
39.687501 0.000000399778
39.712501 0.000000402401
39.737501 0.000000388945
39.762501 0.000000408430
39.787501 0.000000368405
39.812501 0.000000405755
39.837501 0.000000362915
39.862501 0.000000386253
39.887501 0.000000345909
39.912501 0.000000385704
39.937501 0.000000357754
39.962501 0.000000363664
39.987501 0.000000357486
