0.000000000000000000e+00 2.556070459679612541e+05
8.749999999999999445e-02 2.141479663949352980e+05
1.125000000000000028e-01 1.508525372606674500e+05
1.375000000000000111e-01 8.999390779272794316e+04
1.625000000000000056e-01 4.608673819387472759e+04
1.875000000000000000e-01 2.101219636488454853e+04
2.124999999999999944e-01 9.544385083283192216e+03
2.374999999999999889e-01 5.341067101700108651e+03
2.625000000000000111e-01 3.887146768034356683e+03
2.874999999999999778e-01 2.978433788478780116e+03
3.125000000000000000e-01 2.054876220005829055e+03
3.375000000000000222e-01 1.267287437580199366e+03
3.624999999999999889e-01 8.006395946030172581e+02
3.875000000000000111e-01 6.289624044321199108e+02
4.124999999999999778e-01 5.903739990015626518e+02
4.375000000000000000e-01 5.419846120360400619e+02
4.625000000000000222e-01 4.399412406771596125e+02
4.874999999999999889e-01 3.203358277033846093e+02
5.124999999999999556e-01 2.327338881670840749e+02
5.374999999999999778e-01 1.933001491984417726e+02
5.625000000000000000e-01 1.827120864183809772e+02
5.875000000000000222e-01 1.723436419642009128e+02
6.125000000000000444e-01 1.478771663865829566e+02
6.374999999999999556e-01 1.134985423423256918e+02
6.624999999999999778e-01 8.172070686543082729e+01
6.875000000000000000e-01 6.181214817829638974e+01
7.125000000000000222e-01 5.440615611634856918e+01
7.375000000000000444e-01 5.312576771811227161e+01
7.624999999999999556e-01 5.102503222689388451e+01
7.874999999999999778e-01 4.572858707775834830e+01
8.125000000000000000e-01 3.923971358082624761e+01
8.375000000000000222e-01 3.431082086483051086e+01
8.625000000000000444e-01 3.161335153619009475e+01
8.874999999999999556e-01 2.961795318843194735e+01
9.124999999999999778e-01 2.668465204937319157e+01
9.375000000000000000e-01 2.279325487319307797e+01
9.625000000000000222e-01 1.908528396360615176e+01
9.875000000000000444e-01 1.649690487931572846e+01
1.012499999999999956e+00 1.519950329878811424e+01
1.037500000000000089e+00 1.465188060105502110e+01
1.062500000000000000e+00 1.388546900829716968e+01
1.087499999999999911e+00 1.237150150137608762e+01
1.112500000000000044e+00 1.067659314428854778e+01
1.137499999999999956e+00 9.792393428199435590e+00
1.162500000000000089e+00 9.893283021233706620e+00
1.187500000000000000e+00 1.013299176931115930e+01
1.212499999999999911e+00 9.546442477868682275e+00
1.237500000000000044e+00 7.970584982091200921e+00
1.262499999999999956e+00 6.153496310496819000e+00
1.287500000000000089e+00 5.062009158829080313e+00
1.312500000000000000e+00 5.072260782157419712e+00
1.337499999999999911e+00 5.742373872774287236e+00
1.362500000000000044e+00 6.241639120677263897e+00
1.387499999999999956e+00 5.979796730065566557e+00
1.412500000000000089e+00 5.013351197864803765e+00
1.437500000000000000e+00 3.979943070160084417e+00
1.462499999999999911e+00 3.569528782970767811e+00
1.487500000000000044e+00 3.918491267322028904e+00
1.512499999999999956e+00 4.481483722523385893e+00
1.537500000000000089e+00 4.528812841812381862e+00
1.562500000000000000e+00 3.809754445436114079e+00
1.587499999999999911e+00 2.731447107672094532e+00
1.612500000000000044e+00 1.940686235664829784e+00
1.637499999999999956e+00 1.805324286359270669e+00
1.662500000000000089e+00 2.211144427821068348e+00
1.687500000000000000e+00 2.698837527072655895e+00
1.712499999999999911e+00 2.806424315247075363e+00
1.737500000000000044e+00 2.417728649342860692e+00
1.762499999999999956e+00 1.832280688422440296e+00
1.787500000000000089e+00 1.477996544208368235e+00
1.812500000000000000e+00 1.542869307566972825e+00
1.837499999999999911e+00 1.843197107447831717e+00
1.862500000000000044e+00 2.006867628630057521e+00
1.887499999999999956e+00 1.808585330414836712e+00
1.912500000000000089e+00 1.350382195380444905e+00
1.937500000000000000e+00 9.329215094678745546e-01
1.962499999999999911e+00 7.932108325034230578e-01
1.987500000000000044e+00 9.532551508549845787e-01
2.012500000000000178e+00 1.231881142761011239e+00
2.037500000000000089e+00 1.377862959033274048e+00
2.062500000000000000e+00 1.263741792071935155e+00
2.087499999999999911e+00 9.870318924591779952e-01
2.112499999999999822e+00 7.674378435452698932e-01
2.137500000000000178e+00 7.459428014143505425e-01
2.162500000000000089e+00 8.809664848562064332e-01
2.187500000000000000e+00 1.005639571098591034e+00
2.212499999999999911e+00 9.782462602270735053e-01
2.237499999999999822e+00 7.965708453251773014e-01
2.262500000000000178e+00 5.829559732933191629e-01
2.287500000000000089e+00 4.731915660226593268e-01
2.312500000000000000e+00 5.174426144065779054e-01
2.337499999999999911e+00 6.554359703229231116e-01
2.362499999999999822e+00 7.646312014190428386e-01
2.387500000000000178e+00 7.548826505707030288e-01
2.412500000000000089e+00 6.410491461510382516e-01
2.437500000000000000e+00 5.215544478614235757e-01
2.462499999999999911e+00 4.825878545392729979e-01
2.487499999999999822e+00 5.259062503635028030e-01
2.512500000000000178e+00 5.819502482245243469e-01
2.537500000000000089e+00 5.810441825481003075e-01
2.562500000000000000e+00 5.098066529011678893e-01
2.587499999999999911e+00 4.115932665310561567e-01
2.612499999999999822e+00 3.466361989817993150e-01
2.637500000000000178e+00 3.476072770243554544e-01
2.662500000000000089e+00 3.970730600272368571e-01
2.687500000000000000e+00 4.429875952394811689e-01
2.712499999999999911e+00 4.434824237845885198e-01
2.737499999999999822e+00 4.009181392734640359e-01
2.762500000000000178e+00 3.535073413969955225e-01
2.787500000000000089e+00 3.361492868479691309e-01
2.812500000000000000e+00 3.492168925030403326e-01
2.837499999999999911e+00 3.628264057526134900e-01
2.862499999999999822e+00 3.505955228358257347e-01
2.887500000000000178e+00 3.142623215431373795e-01
2.912500000000000089e+00 2.761697401719602762e-01
2.937500000000000000e+00 2.576943624606237160e-01
2.962499999999999911e+00 2.651531600242515996e-01
2.987499999999999822e+00 2.849331781703203226e-01
3.012500000000000178e+00 2.915810179396806090e-01
3.037500000000000089e+00 2.720153624872972964e-01
3.062500000000000000e+00 2.428621217354934858e-01
3.087499999999999911e+00 2.378030109463318276e-01
3.112499999999999822e+00 2.764726285345279755e-01
3.137500000000000178e+00 3.453050552642318860e-01
3.162500000000000089e+00 4.064401430320430109e-01
3.187500000000000000e+00 4.309683280785433501e-01
3.212499999999999911e+00 4.272105385535657773e-01
3.237499999999999822e+00 4.289089701884607475e-01
3.262500000000000178e+00 4.522348485463464907e-01
3.287500000000000089e+00 4.748080703832647798e-01
3.312500000000000000e+00 4.626062132984685160e-01
3.337499999999999911e+00 4.078227132887221607e-01
3.362499999999999822e+00 3.359524524493759934e-01
3.387500000000000178e+00 2.840743280958700767e-01
3.412500000000000089e+00 2.743146417302161355e-01
3.437500000000000000e+00 2.986578407422031400e-01
3.462499999999999911e+00 3.245870428041309763e-01
3.487499999999999822e+00 3.210566617622910290e-01
3.512500000000000178e+00 2.839289954432547836e-01
3.537500000000000089e+00 2.367087593294032732e-01
3.562500000000000000e+00 2.085500704287621687e-01
3.587499999999999911e+00 2.127901473768065155e-01
3.612499999999999822e+00 2.400220071956741530e-01
3.637500000000000178e+00 2.658416423001520035e-01
3.662500000000000089e+00 2.686484582370309293e-01
3.687500000000000000e+00 2.464410655970752095e-01
3.712499999999999911e+00 2.177532014961948148e-01
3.737499999999999822e+00 2.051380772947109521e-01
3.762500000000000178e+00 2.165266054916633043e-01
3.787500000000000089e+00 2.393248789116217690e-01
3.812500000000000000e+00 2.511379958438814120e-01
3.837499999999999911e+00 2.392570850861153176e-01
3.862499999999999822e+00 2.114118783002489899e-01
3.887500000000000178e+00 1.878041124082557023e-01
3.912500000000000089e+00 1.843874768955735544e-01
3.937500000000000000e+00 2.023808969473094854e-01
3.962499999999999911e+00 2.281567696762399067e-01
3.987499999999999822e+00 2.426169843094874712e-01
4.012500000000000178e+00 2.362471829465015993e-01
4.037499999999999645e+00 2.172144435222768399e-01
4.062500000000000000e+00 2.032540574261863797e-01
4.087500000000000355e+00 2.057006362845264502e-01
4.112499999999999822e+00 2.210198386809807403e-01
4.137500000000000178e+00 2.350617127067706202e-01
4.162499999999999645e+00 2.353130288878992893e-01
4.187500000000000000e+00 2.211260523602457950e-01
4.212500000000000355e+00 2.033299705512118805e-01
4.237499999999999822e+00 1.946972298145491220e-01
4.262500000000000178e+00 2.005012706192395577e-01
4.287499999999999645e+00 2.156028589601345358e-01
4.312500000000000000e+00 2.286407856954900675e-01
4.337500000000000355e+00 2.309475832661275208e-01
4.362499999999999822e+00 2.236985823310995158e-01
4.387500000000000178e+00 2.162021138484816474e-01
4.412499999999999645e+00 2.167631421291114913e-01
4.437500000000000000e+00 2.254825144971505380e-01
4.462500000000000355e+00 2.353256412587151070e-01
4.487499999999999822e+00 2.389645515123237085e-01
4.512500000000000178e+00 2.344749760548671957e-01
4.537499999999999645e+00 2.259976239097618023e-01
4.562500000000000000e+00 2.202337126356666563e-01
4.587500000000000355e+00 2.214283814165458053e-01
4.612499999999999822e+00 2.280207656364356406e-01
4.637500000000000178e+00 2.339905795665983557e-01
4.662499999999999645e+00 2.341570277707711312e-01
4.687500000000000000e+00 2.284361621404591147e-01
4.712500000000000355e+00 2.213030406893019553e-01
4.737499999999999822e+00 2.175460038436554666e-01
4.762500000000000178e+00 2.183166108107472136e-01
4.787499999999999645e+00 2.208972497755704589e-01
4.812500000000000000e+00 2.221295608369708297e-01
4.837500000000000355e+00 2.212932790356605672e-01
4.862499999999999822e+00 2.197180494832010889e-01
4.887500000000000178e+00 2.191136023215876361e-01
4.912499999999999645e+00 2.206045864585251259e-01
4.937500000000000000e+00 2.240437703243584600e-01
4.962500000000000355e+00 2.279190095564743446e-01
4.987499999999999822e+00 2.307661372688032120e-01
5.012500000000000178e+00 2.325170173522967954e-01
5.037499999999999645e+00 2.341066828457356586e-01
5.062500000000000000e+00 2.362066593462189557e-01
5.087500000000000355e+00 2.384418325520401283e-01
5.112499999999999822e+00 2.395059808250686595e-01
5.137500000000000178e+00 2.385249540709497573e-01
5.162499999999999645e+00 2.365066262509221695e-01
5.187500000000000000e+00 2.357175278193784917e-01
5.212500000000000355e+00 2.373581189770969657e-01
5.237499999999999822e+00 2.402711502552224987e-01
5.262500000000000178e+00 2.420517988257988584e-01
5.287499999999999645e+00 2.413180339491469706e-01
5.312500000000000000e+00 2.391949025192834921e-01
5.337500000000000355e+00 2.387236246525626104e-01
5.362499999999999822e+00 2.423139826427806454e-01
5.387500000000000178e+00 2.492682571044908535e-01
5.412499999999999645e+00 2.558395657662453915e-01
5.437500000000000000e+00 2.581707216927847659e-01
5.462500000000000355e+00 2.555487499073119673e-01
5.487499999999999822e+00 2.508797450148933517e-01
5.512500000000000178e+00 2.481797806931620998e-01
5.537499999999999645e+00 2.496625823921398146e-01
5.562500000000000000e+00 2.544765242950564055e-01
5.587500000000000355e+00 2.594622612540531947e-01
5.612499999999999822e+00 2.615703376684977988e-01
5.637500000000000178e+00 2.604130173302227069e-01
5.662499999999999645e+00 2.585362058647406869e-01
5.687500000000000000e+00 2.589900489973288589e-01
5.712500000000000355e+00 2.625831025536579655e-01
5.737499999999999822e+00 2.671568048866637679e-01
5.762500000000000178e+00 2.693338120452526407e-01
5.787499999999999645e+00 2.674760579844383535e-01
5.812500000000000000e+00 2.632634920835776327e-01
5.837500000000000355e+00 2.603666503427110590e-01
5.862499999999999822e+00 2.615877101157571549e-01
5.887500000000000178e+00 2.669405751067401855e-01
5.912499999999999645e+00 2.737725609435001095e-01
5.937500000000000000e+00 2.787836036948898588e-01
5.962500000000000355e+00 2.806473030064247087e-01
5.987499999999999822e+00 2.808411773792511279e-01
6.012500000000000178e+00 2.818333924073511687e-01
6.037499999999999645e+00 2.846940012420323129e-01
6.062500000000000000e+00 2.883733837682532775e-01
6.087500000000000355e+00 2.907812850848973674e-01
6.112499999999999822e+00 2.906598586467071255e-01
6.137500000000000178e+00 2.888334662062591041e-01
6.162499999999999645e+00 2.876859602368490032e-01
6.187500000000000000e+00 2.893296982021255070e-01
6.212500000000000355e+00 2.941277570356841675e-01
6.237499999999999822e+00 3.005337318038890371e-01
6.262500000000000178e+00 3.061112211302616792e-01
6.287499999999999645e+00 3.091944459537882550e-01
6.312500000000000000e+00 3.100836222296630695e-01
6.337500000000000355e+00 3.106706002522807708e-01
6.362499999999999822e+00 3.127533948972814337e-01
6.387500000000000178e+00 3.165795420076915612e-01
6.412499999999999645e+00 3.209182615242672232e-01
6.437500000000000000e+00 3.244859733628017717e-01
6.462500000000000355e+00 3.271748593944606709e-01
6.487499999999999822e+00 3.299033067872186309e-01
6.512500000000000178e+00 3.335568606505325828e-01
6.537499999999999645e+00 3.381664057828751568e-01
6.562500000000000000e+00 3.427799007860513614e-01
6.587500000000000355e+00 3.459676038581220303e-01
6.612499999999999822e+00 3.467053863110997058e-01
6.637500000000000178e+00 3.450688198641234106e-01
6.662499999999999645e+00 3.422815139867246836e-01
6.687500000000000000e+00 3.401246843612930615e-01
6.712500000000000355e+00 3.400422737839614018e-01
6.737499999999999822e+00 3.426268043568113653e-01
6.762500000000000178e+00 3.479419694071252955e-01
6.787499999999999645e+00 3.559884592286580163e-01
6.812500000000000000e+00 3.666588833944622317e-01
6.837500000000000355e+00 3.795057392428812237e-01
6.862499999999999822e+00 3.933168474835115891e-01
6.887500000000000178e+00 4.053931531625729612e-01
6.912499999999999645e+00 4.120677060465352537e-01
6.937500000000000000e+00 4.113030021139398862e-01
6.962500000000000355e+00 4.045057247648167209e-01
6.987499999999999822e+00 3.950881945736757772e-01
7.012500000000000178e+00 3.858963708820783989e-01
7.037499999999999645e+00 3.783401690217962354e-01
7.062500000000000000e+00 3.728603203148312950e-01
7.087500000000000355e+00 3.694974813104456857e-01
7.112499999999999822e+00 3.683094828062685178e-01
7.137500000000000178e+00 3.694788368488620689e-01
7.162499999999999645e+00 3.729872435482530779e-01
7.187500000000000000e+00 3.781914941896243332e-01
7.212500000000000355e+00 3.837711944581623236e-01
7.237499999999999822e+00 3.882591242546964416e-01
7.262500000000000178e+00 3.909113263839781860e-01
7.287499999999999645e+00 3.921014262568471298e-01
7.312500000000000000e+00 3.927582437272403304e-01
7.337500000000000355e+00 3.934950181147268133e-01
7.362499999999999822e+00 3.943072660092261650e-01
7.387500000000000178e+00 3.949434417823893817e-01
7.412499999999999645e+00 3.954664423750502422e-01
7.437500000000000000e+00 3.964056950377665700e-01
7.462500000000000355e+00 3.983989715517913255e-01
7.487499999999999822e+00 4.017492032318688011e-01
7.512500000000000178e+00 4.061591115288686327e-01
7.537499999999999645e+00 4.107485827887902285e-01
7.562500000000000000e+00 4.147527888877600710e-01
7.587500000000000355e+00 4.188095863315467460e-01
7.612499999999999822e+00 4.257365204969646433e-01
7.637500000000000178e+00 4.394904963639022499e-01
7.662499999999999645e+00 4.625157762111281601e-01
7.687500000000000000e+00 4.940821612252408457e-01
7.712500000000000355e+00 5.310473806026736465e-01
7.737499999999999822e+00 5.686169507039458004e-01
7.762500000000000178e+00 5.992507474685142554e-01
7.787499999999999645e+00 6.142306531324727148e-01
7.812500000000000000e+00 6.101198819134587836e-01
7.837500000000000355e+00 5.921243012102206382e-01
7.862499999999999822e+00 5.685018300250477274e-01
7.887500000000000178e+00 5.433427352015287592e-01
7.912499999999999645e+00 5.167630533950783311e-01
7.937500000000000000e+00 4.900472484877779200e-01
7.962500000000000355e+00 4.674104745276503881e-01
7.987499999999999822e+00 4.526781954686305287e-01
8.012499999999999289e+00 4.461562784511989843e-01
8.037499999999999645e+00 4.450261632704516357e-01
8.062500000000000000e+00 4.457934767228359241e-01
8.087500000000000355e+00 4.462898479210810065e-01
8.112500000000000711e+00 4.460478121784002825e-01
8.137499999999999289e+00 4.455605009505350655e-01
8.162499999999999645e+00 4.453462339265409353e-01
8.187500000000000000e+00 4.455715686183497337e-01
8.212500000000000355e+00 4.461745379439724379e-01
8.237500000000000711e+00 4.472139739304201167e-01
8.262499999999999289e+00 4.490877672724806757e-01
8.287499999999999645e+00 4.523847955251092401e-01
8.312500000000000000e+00 4.574713492430692585e-01
8.337500000000000355e+00 4.641448951233752007e-01
8.362500000000000711e+00 4.715082964972104884e-01
8.387499999999999289e+00 4.781205700453174945e-01
8.412499999999999645e+00 4.825449277073561305e-01
8.437500000000000000e+00 4.841712964894619442e-01
8.462500000000000355e+00 4.835381582312153759e-01
8.487500000000000711e+00 4.817075894531199776e-01
8.512499999999999289e+00 4.794357762695470315e-01
8.537499999999999645e+00 4.770722956824887673e-01
8.562500000000000000e+00 4.749264497916217409e-01
8.587500000000000355e+00 4.733480218502406633e-01
8.612500000000000711e+00 4.724994453785976156e-01
8.637499999999999289e+00 4.722723583084589283e-01
8.662499999999999645e+00 4.724851208157977434e-01
8.687500000000000000e+00 4.731082937482544715e-01
8.712500000000000355e+00 4.742604305698508438e-01
8.737500000000000711e+00 4.760449709164655818e-01
8.762499999999999289e+00 4.784312947415190753e-01
8.787499999999999645e+00 4.811534181454990566e-01
8.812500000000000000e+00 4.835899454444213541e-01
8.837500000000000355e+00 4.849913110912372760e-01
8.862500000000000711e+00 4.850902844979630424e-01
8.887499999999999289e+00 4.844469195406262418e-01
8.912499999999999645e+00 4.840538838325013637e-01
8.937500000000000000e+00 4.846565419070799630e-01
8.962500000000000355e+00 4.864016176605706621e-01
8.987500000000000711e+00 4.889102081751989237e-01
9.012499999999999289e+00 4.916372190315837498e-01
9.037499999999999645e+00 4.943362748266540985e-01
9.062500000000000000e+00 4.972359293754051723e-01
9.087500000000000355e+00 5.006936059676243556e-01
9.112500000000000711e+00 5.046936661445556860e-01
9.137499999999999289e+00 5.087172445180426772e-01
9.162499999999999645e+00 5.120262798981396468e-01
9.187500000000000000e+00 5.141107415886990717e-01
9.212500000000000355e+00 5.151952054339596909e-01
9.237500000000000711e+00 5.164798122014183646e-01
9.262499999999999289e+00 5.196996148258566928e-01
9.287499999999999645e+00 5.262501578738687513e-01
9.312500000000000000e+00 5.365349770866165713e-01
9.337500000000000355e+00 5.499222937623247098e-01
9.362500000000000711e+00 5.651543450889413567e-01
9.387499999999999289e+00 5.804121095694915189e-01
9.412499999999999645e+00 5.926841973540779573e-01
9.437500000000000000e+00 5.981013529400689421e-01
9.462500000000000355e+00 5.944525186728454313e-01
9.487500000000000711e+00 5.832933560430499931e-01
9.512499999999999289e+00 5.687796451667934683e-01
9.537499999999999645e+00 5.549565229045707593e-01
9.562500000000000000e+00 5.445691243860658615e-01
9.587500000000000355e+00 5.391231674346167457e-01
9.612500000000000711e+00 5.387156310105388757e-01
9.637499999999999289e+00 5.418976889910669392e-01
9.662499999999999645e+00 5.464266587677748532e-01
9.687500000000000000e+00 5.505321507848720541e-01
9.712500000000000355e+00 5.536114876432378651e-01
9.737500000000000711e+00 5.559507928116429465e-01
9.762499999999999289e+00 5.581251029821436838e-01
9.787499999999999645e+00 5.606428910280741862e-01
9.812500000000000000e+00 5.636530731654154636e-01
9.837500000000000355e+00 5.666483821148727840e-01
9.862500000000000711e+00 5.686349322712729304e-01
9.887499999999999289e+00 5.688368891915738246e-01
9.912499999999999645e+00 5.673002287299698798e-01
9.937500000000000000e+00 5.649603832259617597e-01
9.962500000000000355e+00 5.632097014999321027e-01
9.987500000000000711e+00 5.631199676967808543e-01
1.001249999999999929e+01 5.647569650897514837e-01
1.003749999999999964e+01 5.672465026955424428e-01
1.006250000000000000e+01 5.697868877167402424e-01
1.008750000000000036e+01 5.729768796241588857e-01
1.011250000000000071e+01 5.793340642526951800e-01
1.013749999999999929e+01 5.921062498524931605e-01
1.016249999999999964e+01 6.127677386766748890e-01
1.018750000000000000e+01 6.393568876254751565e-01
1.021250000000000036e+01 6.674322564521433243e-01
1.023750000000000071e+01 6.920769403587467838e-01
1.026249999999999929e+01 7.083087351930283937e-01
1.028749999999999964e+01 7.114204940012358591e-01
1.031250000000000000e+01 6.999408282688008853e-01
1.033750000000000036e+01 6.779812972398433502e-01
1.036250000000000071e+01 6.527064866567438006e-01
1.038749999999999929e+01 6.299134619380262201e-01
1.041249999999999964e+01 6.125609508202277675e-01
1.043750000000000000e+01 6.016622098411511521e-01
1.046250000000000036e+01 5.969026700858557355e-01
1.048750000000000071e+01 5.966734551742203241e-01
1.051249999999999929e+01 5.983782346246047101e-01
1.053749999999999964e+01 5.994456923817708116e-01
1.056250000000000000e+01 5.988295148542128743e-01
1.058750000000000036e+01 5.978105228820594919e-01
1.061250000000000071e+01 5.991379887691143935e-01
1.063749999999999929e+01 6.049808546449724211e-01
1.066249999999999964e+01 6.148590330964828210e-01
1.068750000000000000e+01 6.249789376562486787e-01
1.071250000000000036e+01 6.304794458081803832e-01
1.073750000000000071e+01 6.306261487823523471e-01
1.076249999999999929e+01 6.328720754542094262e-01
1.078749999999999964e+01 6.525120184628485642e-01
1.081250000000000000e+01 7.053876252810964420e-01
1.083750000000000036e+01 7.949352681380307262e-01
1.086250000000000071e+01 9.043883919090125456e-01
1.088749999999999929e+01 1.014212261929846370e+00
1.091249999999999964e+01 1.131918513000930160e+00
1.093750000000000000e+01 1.280451530332752608e+00
1.096250000000000036e+01 1.441581024058669946e+00
1.098750000000000071e+01 1.542179327589649818e+00
1.101249999999999929e+01 1.524285756792619129e+00
1.103749999999999964e+01 1.402099121047287955e+00
1.106250000000000000e+01 1.230876961002530301e+00
1.108750000000000036e+01 1.054187002737595469e+00
1.111250000000000071e+01 8.982853151511580592e-01
1.113749999999999929e+01 7.835751414164162654e-01
1.116249999999999964e+01 7.186859558948992532e-01
1.118750000000000000e+01 6.944605884513666005e-01
1.121250000000000036e+01 6.915282300754193034e-01
1.123750000000000071e+01 6.923136090188347636e-01
1.126249999999999929e+01 6.878118915504423114e-01
1.128749999999999964e+01 6.783988574816798289e-01
1.131250000000000000e+01 6.689088845511512726e-01
1.133750000000000036e+01 6.629625704151739241e-01
1.136250000000000071e+01 6.612441448520229859e-01
1.138749999999999929e+01 6.624810107212510957e-01
1.141249999999999964e+01 6.644001252759267340e-01
1.143750000000000000e+01 6.645791794292454924e-01
1.146250000000000036e+01 6.621013984355380577e-01
1.148750000000000071e+01 6.585173037825580167e-01
1.151249999999999929e+01 6.565631635732165350e-01
1.153749999999999964e+01 6.580568114999645335e-01
1.156250000000000000e+01 6.629220324729325764e-01
1.158750000000000036e+01 6.695939434107078814e-01
1.161250000000000071e+01 6.763567535221493010e-01
1.163749999999999929e+01 6.829568570806495709e-01
1.166249999999999964e+01 6.909949463240078193e-01
1.168750000000000000e+01 7.024341629289945210e-01
1.171250000000000036e+01 7.175493493729523387e-01
1.173750000000000071e+01 7.341383378386983072e-01
1.176249999999999929e+01 7.485470417226132156e-01
1.178749999999999964e+01 7.576196717100298628e-01
1.181250000000000000e+01 7.600580788068389548e-01
1.183750000000000036e+01 7.565538956583394148e-01
1.186250000000000071e+01 7.492520858202607048e-01
1.188749999999999929e+01 7.409340860007480600e-01
1.191249999999999964e+01 7.338746575542878237e-01
1.193750000000000000e+01 7.288000989408609520e-01
1.196250000000000036e+01 7.249556905298216725e-01
1.198750000000000071e+01 7.213426846003769821e-01
1.201249999999999929e+01 7.180010406335002315e-01
1.203749999999999964e+01 7.161823765988728496e-01
1.206250000000000000e+01 7.174390693235616068e-01
1.208750000000000036e+01 7.223668749791938293e-01
1.211250000000000071e+01 7.295288626258864539e-01
1.213749999999999929e+01 7.356660447611533815e-01
1.216249999999999964e+01 7.383895546013190536e-01
1.218750000000000000e+01 7.396044873410778653e-01
1.221250000000000036e+01 7.455438089890564779e-01
1.223750000000000071e+01 7.622210626401544342e-01
1.226249999999999929e+01 7.900902542202734580e-01
1.228749999999999964e+01 8.234068429850208704e-01
1.231250000000000000e+01 8.579510543107060627e-01
1.233750000000000036e+01 9.045497153183891248e-01
1.236250000000000071e+01 9.967801185119259388e-01
1.238749999999999929e+01 1.179708566866238151e+00
1.241249999999999964e+01 1.481645795043912583e+00
1.243750000000000000e+01 1.893345987759132543e+00
1.246250000000000036e+01 2.371222391741324209e+00
1.248750000000000071e+01 2.842247091985727891e+00
1.251249999999999929e+01 3.198375551868044564e+00
1.253749999999999964e+01 3.327409147229567932e+00
1.256250000000000000e+01 3.194708993875993830e+00
1.258750000000000036e+01 2.876964590363543905e+00
1.261250000000000071e+01 2.490744584129889194e+00
1.263749999999999929e+01 2.117679470514618245e+00
1.266249999999999964e+01 1.808708962948849086e+00
1.268750000000000000e+01 1.604089063838913365e+00
1.271250000000000036e+01 1.514096109425588477e+00
1.273750000000000071e+01 1.502483465098232607e+00
1.276249999999999929e+01 1.508299421868199319e+00
1.278749999999999964e+01 1.482217878237164665e+00
1.281250000000000000e+01 1.405479030176508104e+00
1.283750000000000036e+01 1.288208505394493386e+00
1.286250000000000071e+01 1.157991790425146217e+00
1.288749999999999929e+01 1.044786886967987272e+00
1.291249999999999964e+01 9.672154807104473839e-01
1.293750000000000000e+01 9.278232245928461630e-01
1.296250000000000036e+01 9.194926931310780649e-01
1.298750000000000071e+01 9.358101485203826897e-01
1.301249999999999929e+01 9.774743962811744957e-01
1.303749999999999964e+01 1.050342522233192799e+00
1.306250000000000000e+01 1.158611156513278395e+00
1.308750000000000036e+01 1.298691359267195145e+00
1.311250000000000071e+01 1.453984161298614852e+00
1.313749999999999929e+01 1.590532125812113451e+00
1.316249999999999964e+01 1.666348093649125062e+00
1.318750000000000000e+01 1.660830571918987975e+00
1.321250000000000036e+01 1.598115929431290994e+00
1.323750000000000071e+01 1.538410492805172280e+00
1.326249999999999929e+01 1.548582928162524075e+00
1.328749999999999964e+01 1.674337915337875238e+00
1.331250000000000000e+01 1.924286654065291202e+00
1.333750000000000036e+01 2.269075216396062800e+00
1.336250000000000071e+01 2.643534872792773882e+00
1.338749999999999929e+01 2.943880296463723845e+00
1.341249999999999964e+01 3.054445394136613423e+00
1.343750000000000000e+01 2.920177312074524245e+00
1.346250000000000036e+01 2.590365105528204204e+00
1.348750000000000071e+01 2.172773079362068316e+00
1.351249999999999929e+01 1.761288071549401479e+00
1.353749999999999964e+01 1.415155323451326552e+00
1.356250000000000000e+01 1.169654530838739603e+00
1.358750000000000036e+01 1.036293159107713358e+00
1.361250000000000071e+01 1.000068817376552399e+00
1.363749999999999929e+01 1.034034121889954472e+00
1.366249999999999964e+01 1.120045416092914969e+00
1.368750000000000000e+01 1.252547580674749916e+00
1.371250000000000036e+01 1.420510061455067863e+00
1.373750000000000071e+01 1.587972818460388069e+00
1.376249999999999929e+01 1.700586213598937135e+00
1.378749999999999964e+01 1.719514084262367071e+00
1.381250000000000000e+01 1.651132761916718428e+00
1.383750000000000036e+01 1.536425978665760361e+00
1.386250000000000071e+01 1.410327103772928137e+00
1.388749999999999929e+01 1.282930576203477280e+00
1.391249999999999964e+01 1.157345945699632894e+00
1.393750000000000000e+01 1.045867475884352249e+00
1.396250000000000036e+01 9.644817975124797549e-01
1.398750000000000071e+01 9.245992169402782457e-01
1.401249999999999929e+01 9.323805029167420155e-01
1.403749999999999964e+01 9.872116177069663046e-01
1.406250000000000000e+01 1.078233501489641366e+00
1.408750000000000036e+01 1.188405333213677917e+00
1.411250000000000071e+01 1.299741136011305365e+00
1.413749999999999929e+01 1.387420233228021660e+00
1.416249999999999964e+01 1.421290311776088444e+00
1.418750000000000000e+01 1.395754344890241416e+00
1.421250000000000036e+01 1.351880475272629001e+00
1.423750000000000071e+01 1.346728677659528195e+00
1.426249999999999929e+01 1.405896301107897539e+00
1.428749999999999964e+01 1.520209634287155609e+00
1.431250000000000000e+01 1.673550673676263756e+00
1.433750000000000036e+01 1.851472584696415735e+00
1.436250000000000071e+01 2.027891771012357403e+00
1.438749999999999929e+01 2.161181751508025162e+00
1.441249999999999964e+01 2.208814979324717598e+00
1.443750000000000000e+01 2.146381963207582899e+00
1.446250000000000036e+01 1.978863353839614536e+00
1.448750000000000071e+01 1.739876755021786625e+00
1.451249999999999929e+01 1.480547552407972756e+00
1.453749999999999964e+01 1.250891981224492966e+00
1.456250000000000000e+01 1.081188311296187976e+00
1.458750000000000036e+01 9.742675658643156211e-01
1.461250000000000071e+01 9.133489619740764454e-01
1.463749999999999929e+01 8.777424029138041206e-01
1.466249999999999964e+01 8.541150202260490154e-01
1.468750000000000000e+01 8.379168237956989840e-01
1.471250000000000036e+01 8.289086201444424429e-01
1.473750000000000071e+01 8.268262372892301038e-01
1.476249999999999929e+01 8.300031479737185469e-01
1.478749999999999964e+01 8.361744863717659459e-01
1.481250000000000000e+01 8.438855915228973270e-01
1.483750000000000036e+01 8.531588606616646864e-01
1.486250000000000071e+01 8.648246938762256253e-01
1.488749999999999929e+01 8.795641006654815186e-01
1.491249999999999964e+01 8.980239383143887588e-01
1.493750000000000000e+01 9.223378544212608166e-01
1.496250000000000036e+01 9.582613217799497152e-01
1.498750000000000071e+01 1.016804526731682756e+00
1.501249999999999929e+01 1.112167112557222559e+00
1.503749999999999964e+01 1.254745996699550670e+00
1.506250000000000000e+01 1.443489508560867662e+00
1.508750000000000036e+01 1.661322481234774440e+00
1.511250000000000071e+01 1.872647882155709986e+00
1.513749999999999929e+01 2.027157522602223594e+00
1.516249999999999964e+01 2.078959332109786562e+00
1.518750000000000000e+01 2.013095973303698827e+00
1.521250000000000036e+01 1.854162656084177296e+00
1.523750000000000071e+01 1.648916121778619459e+00
1.526249999999999929e+01 1.443013419799614061e+00
1.528749999999999964e+01 1.269416332482256493e+00
1.531250000000000000e+01 1.147228195060222999e+00
1.533750000000000036e+01 1.082843300858719271e+00
1.536250000000000071e+01 1.072645233377220064e+00
1.538749999999999929e+01 1.109103979739101575e+00
1.541249999999999964e+01 1.187371785776436539e+00
1.543750000000000000e+01 1.303884028235701154e+00
1.546250000000000036e+01 1.446337936729890083e+00
1.548750000000000071e+01 1.587972294923503114e+00
1.551249999999999929e+01 1.696196564042967481e+00
1.553749999999999964e+01 1.747393938459477214e+00
1.556250000000000000e+01 1.733400497755513747e+00
1.558750000000000036e+01 1.660187298787304533e+00
1.561250000000000071e+01 1.545799180943366435e+00
1.563749999999999929e+01 1.414297175895533831e+00
1.566249999999999964e+01 1.285446829206988939e+00
1.568750000000000000e+01 1.170238296331626904e+00
1.571250000000000036e+01 1.075220904063880267e+00
1.573750000000000071e+01 1.007513645910481204e+00
1.576249999999999929e+01 9.752650600522757562e-01
1.578749999999999964e+01 9.834590744032712939e-01
1.581250000000000000e+01 1.029399426031484044e+00
1.583750000000000036e+01 1.101934771733738216e+00
1.586250000000000071e+01 1.184874766977218385e+00
1.588749999999999929e+01 1.259532151012531020e+00
1.591249999999999964e+01 1.305254695718396807e+00
1.593750000000000000e+01 1.304384786885981695e+00
1.596250000000000036e+01 1.253207978885691576e+00
1.598750000000000071e+01 1.166604211589149065e+00
1.601249999999999929e+01 1.068121384543841312e+00
1.603750000000000142e+01 9.767153055955672958e-01
1.606250000000000000e+01 9.028262540857225904e-01
1.608749999999999858e+01 8.505310979099178770e-01
1.611250000000000071e+01 8.189036245283842774e-01
1.613749999999999929e+01 8.029936381562161607e-01
1.616250000000000142e+01 7.963259362862800117e-01
1.618750000000000000e+01 7.936722134186708910e-01
1.621249999999999858e+01 7.921913769395998450e-01
1.623750000000000071e+01 7.908164659678158515e-01
1.626249999999999929e+01 7.888892517997662113e-01
1.628750000000000142e+01 7.854882927750979071e-01
1.631250000000000000e+01 7.797844406183778165e-01
1.633749999999999858e+01 7.716873287675085624e-01
1.636250000000000071e+01 7.622121406120034859e-01
1.638749999999999929e+01 7.532681434490759997e-01
1.641250000000000142e+01 7.469334219311007939e-01
1.643750000000000000e+01 7.446416420079283727e-01
1.646249999999999858e+01 7.466370748321415896e-01
1.648750000000000071e+01 7.519648276630439554e-01
1.651249999999999929e+01 7.590793112322151703e-01
1.653750000000000142e+01 7.664962094076288590e-01
1.656250000000000000e+01 7.728528908440350786e-01
1.658749999999999858e+01 7.768851921116145531e-01
1.661250000000000071e+01 7.780088759239908169e-01
1.663749999999999929e+01 7.767433755367236792e-01
1.666250000000000142e+01 7.741741276550777595e-01
1.668750000000000000e+01 7.713378098596297416e-01
1.671249999999999858e+01 7.694070194641917659e-01
1.673750000000000071e+01 7.698489130798434887e-01
1.676249999999999929e+01 7.737685185726963510e-01
1.678750000000000142e+01 7.812200959392773258e-01
1.681250000000000000e+01 7.912635186679783939e-01
1.683749999999999858e+01 8.021984116210535420e-01
1.686250000000000071e+01 8.115473992003744419e-01
1.688749999999999929e+01 8.166873336690776419e-01
1.691250000000000142e+01 8.163536693076078876e-01
1.693750000000000000e+01 8.114006845099951404e-01
1.696249999999999858e+01 8.040365691573481133e-01
1.698750000000000071e+01 7.967112543199301733e-01
1.701249999999999929e+01 7.914815621948299018e-01
1.703750000000000142e+01 7.896280658668828334e-01
1.706250000000000000e+01 7.915095010264239228e-01
1.708749999999999858e+01 7.967505489740520641e-01
1.711250000000000071e+01 8.044779482997774789e-01
1.713749999999999929e+01 8.133651206661813848e-01
1.716250000000000142e+01 8.216071326840720390e-01
1.718750000000000000e+01 8.271213143309018578e-01
1.721249999999999858e+01 8.281147963353205910e-01
1.723750000000000071e+01 8.237695091150363247e-01
1.726249999999999929e+01 8.146315896468434570e-01
1.728750000000000142e+01 8.024876198442666420e-01
1.731250000000000000e+01 7.897387728826366082e-01
1.733749999999999858e+01 7.786193915831007839e-01
1.736250000000000071e+01 7.707216972091778251e-01
1.738749999999999929e+01 7.668260151883741216e-01
1.741250000000000142e+01 7.668224689658956761e-01
1.743750000000000000e+01 7.696708665014133643e-01
1.746249999999999858e+01 7.736026556155073397e-01
1.748750000000000071e+01 7.767077917329019421e-01
1.751249999999999929e+01 7.776163521765273590e-01
1.753750000000000142e+01 7.758622650716320290e-01
1.756250000000000000e+01 7.718789655495353896e-01
1.758749999999999858e+01 7.668642954244511145e-01
1.761250000000000071e+01 7.625639457007036270e-01
1.763749999999999929e+01 7.607244763832894385e-01
1.766250000000000142e+01 7.622142336793025219e-01
1.768750000000000000e+01 7.663359729450508473e-01
1.771249999999999858e+01 7.709751925444844334e-01
1.773750000000000071e+01 7.738148286733685932e-01
1.776249999999999929e+01 7.739833816595439453e-01
1.778750000000000142e+01 7.725883719070183453e-01
1.781250000000000000e+01 7.715096874426671247e-01
1.783749999999999858e+01 7.719524386513866299e-01
1.786250000000000071e+01 7.744025067049231659e-01
1.788749999999999929e+01 7.796159977199077495e-01
1.791250000000000142e+01 7.889058744825743208e-01
1.793750000000000000e+01 8.031658339407901082e-01
1.796249999999999858e+01 8.218808504139597515e-01
1.798750000000000071e+01 8.447459882054706437e-01
1.801249999999999929e+01 8.754718308195221788e-01
1.803750000000000142e+01 9.233716232749064057e-01
1.806250000000000000e+01 1.000759516299687402e+00
1.808749999999999858e+01 1.117625056941913719e+00
1.811250000000000071e+01 1.276236020008504779e+00
1.813749999999999929e+01 1.467127787505681624e+00
1.816250000000000142e+01 1.666227985270722467e+00
1.818750000000000000e+01 1.829985056414470623e+00
1.821249999999999858e+01 1.899119727141898473e+00
1.823750000000000071e+01 1.830586858813694207e+00
1.826249999999999929e+01 1.639297127978317725e+00
1.828750000000000142e+01 1.396842657509590691e+00
1.831250000000000000e+01 1.180391901123109655e+00
1.833749999999999858e+01 1.027483150144257618e+00
1.836250000000000071e+01 9.350413642076265130e-01
1.838749999999999929e+01 8.835856180716523678e-01
1.841250000000000142e+01 8.547924049860554652e-01
1.843750000000000000e+01 8.366694576496497282e-01
1.846249999999999858e+01 8.235531425698553454e-01
1.848750000000000071e+01 8.135440101338716756e-01
1.851249999999999929e+01 8.054703406864058834e-01
1.853750000000000142e+01 7.979091332427874494e-01
1.856250000000000000e+01 7.902732302125721198e-01
1.858749999999999858e+01 7.830450471875292084e-01
1.861250000000000071e+01 7.769100914930059387e-01
1.863749999999999929e+01 7.720907776917371734e-01
1.866250000000000142e+01 7.684081111124082542e-01
1.868750000000000000e+01 7.655289872101114224e-01
1.871249999999999858e+01 7.631832935169935439e-01
1.873750000000000071e+01 7.611759627111400750e-01
1.876249999999999929e+01 7.592693529306659972e-01
1.878750000000000142e+01 7.572342973728325433e-01
1.881250000000000000e+01 7.550247420863618331e-01
1.883749999999999858e+01 7.526572951196265349e-01
1.886250000000000071e+01 7.500250054916572928e-01
1.888749999999999929e+01 7.471510527033449200e-01
1.891250000000000142e+01 7.444856952417977514e-01
1.893750000000000000e+01 7.426328245614207679e-01
1.896249999999999858e+01 7.419011529413030992e-01
1.898750000000000071e+01 7.424002281898178790e-01
1.901249999999999929e+01 7.444305312115135909e-01
1.903750000000000142e+01 7.484487889317301690e-01
1.906250000000000000e+01 7.545916814081258250e-01
1.908749999999999858e+01 7.622774437891171040e-01
1.911250000000000071e+01 7.702362567470080190e-01
1.913749999999999929e+01 7.769308207014129497e-01
1.916250000000000142e+01 7.811629101579884438e-01
1.918750000000000000e+01 7.826800589697520127e-01
1.921249999999999858e+01 7.825465416021561982e-01
1.923750000000000071e+01 7.829928543447517431e-01
1.926249999999999929e+01 7.865346365041736565e-01
1.928750000000000142e+01 7.948846655544030693e-01
1.931250000000000000e+01 8.089106613400369739e-01
1.933749999999999858e+01 8.303407751614940713e-01
1.936250000000000071e+01 8.637525256265825568e-01
1.938749999999999929e+01 9.161306139393348147e-01
1.941250000000000142e+01 9.931934872677575799e-01
1.943750000000000000e+01 1.095371352301844237e+00
1.946249999999999858e+01 1.216255046988642619e+00
1.948750000000000071e+01 1.340624824397243398e+00
1.951249999999999929e+01 1.440019821850693660e+00
1.953750000000000142e+01 1.477308773132469222e+00
1.956250000000000000e+01 1.429985285390285465e+00
1.958749999999999858e+01 1.312494238159211513e+00
1.961250000000000071e+01 1.168019785619545114e+00
1.963749999999999929e+01 1.036850707584872522e+00
1.966250000000000142e+01 9.365295915443414554e-01
1.968750000000000000e+01 8.667860652766712359e-01
1.971249999999999858e+01 8.215414432802971012e-01
1.973750000000000071e+01 7.938725589440025487e-01
1.976249999999999929e+01 7.769115670577375621e-01
1.978750000000000142e+01 7.655254743200274881e-01
1.981250000000000000e+01 7.573065366674822663e-01
1.983749999999999858e+01 7.513968576177008085e-01
1.986250000000000071e+01 7.470252148674791925e-01
1.988749999999999929e+01 7.434164321367648931e-01
1.991250000000000142e+01 7.402798008983857425e-01
1.993750000000000000e+01 7.377367627983475451e-01
1.996249999999999858e+01 7.357644597971813027e-01
1.998750000000000071e+01 7.339992480544502707e-01
2.001249999999999929e+01 7.321044993564597148e-01
2.003750000000000142e+01 7.301637007103676247e-01
2.006250000000000000e+01 7.285170261830714589e-01
2.008749999999999858e+01 7.272174220326733662e-01
2.011250000000000071e+01 7.257605016646851981e-01
2.013749999999999929e+01 7.234610297749953789e-01
2.016250000000000142e+01 7.202099872089822163e-01
2.018750000000000000e+01 7.168252385654009240e-01
2.021249999999999858e+01 7.144614714702997027e-01
2.023750000000000071e+01 7.136894935305880816e-01
2.026249999999999929e+01 7.142529295250132915e-01
2.028750000000000142e+01 7.155305415618824494e-01
2.031250000000000000e+01 7.169568470114238146e-01
2.033749999999999858e+01 7.180820220024148881e-01
2.036250000000000071e+01 7.185568588665234291e-01
2.038749999999999929e+01 7.182987525484344493e-01
2.041250000000000142e+01 7.176098678343030279e-01
2.043750000000000000e+01 7.169010957268021622e-01
2.046249999999999858e+01 7.162520346447512898e-01
2.048750000000000071e+01 7.154536989053343898e-01
2.051249999999999929e+01 7.144925726063322546e-01
2.053750000000000142e+01 7.137667574378643298e-01
2.056250000000000000e+01 7.138470095171794982e-01
2.058749999999999858e+01 7.151983400163501869e-01
2.061250000000000071e+01 7.180378029641565352e-01
2.063749999999999929e+01 7.223091529196430383e-01
2.066250000000000142e+01 7.278829940737961968e-01
2.068750000000000000e+01 7.348826870210675155e-01
2.071249999999999858e+01 7.436627117464884584e-01
2.073750000000000071e+01 7.541363471416046016e-01
2.076249999999999929e+01 7.650023275765960307e-01
2.078750000000000142e+01 7.738922626484239231e-01
2.081250000000000000e+01 7.785469379267708767e-01
2.083749999999999858e+01 7.779070435305539544e-01
2.086250000000000071e+01 7.722923916886565987e-01
2.088749999999999929e+01 7.630568357635902910e-01
2.091250000000000142e+01 7.522691866626249890e-01
2.093750000000000000e+01 7.422109589943108876e-01
2.096249999999999858e+01 7.344704638348011905e-01
2.098750000000000071e+01 7.293516396887519404e-01
2.101249999999999929e+01 7.263896600251505964e-01
2.103750000000000142e+01 7.252780109902783323e-01
2.106250000000000000e+01 7.259905865376949929e-01
2.108749999999999858e+01 7.282164782784399382e-01
2.111250000000000071e+01 7.310660989683555044e-01
2.113749999999999929e+01 7.332548086168966250e-01
2.116250000000000142e+01 7.336053769942543212e-01
2.118750000000000000e+01 7.317686881046511216e-01
2.121249999999999858e+01 7.285432981395201235e-01
2.123750000000000071e+01 7.253262341171691219e-01
2.126249999999999929e+01 7.232254515955458540e-01
2.128750000000000142e+01 7.225425277644839106e-01
2.131250000000000000e+01 7.228291309205550075e-01
2.133749999999999858e+01 7.234562175473133738e-01
2.136250000000000071e+01 7.243400609719957695e-01
2.138749999999999929e+01 7.263291927125032910e-01
2.141250000000000142e+01 7.313951372365097292e-01
2.143750000000000000e+01 7.427266719203426959e-01
2.146249999999999858e+01 7.641019555564598775e-01
2.148750000000000071e+01 7.976203893445500404e-01
2.151249999999999929e+01 8.415762647444239297e-01
2.153750000000000142e+01 8.913574909924228962e-01
2.156250000000000000e+01 9.421587839422067567e-01
2.158749999999999858e+01 9.911114586301135176e-01
2.161250000000000071e+01 1.038544798043870454e+00
2.163749999999999929e+01 1.088899411814167273e+00
2.166250000000000142e+01 1.146818202966202849e+00
2.168750000000000000e+01 1.209598478629997809e+00
2.171249999999999858e+01 1.265551779749217953e+00
2.173750000000000071e+01 1.301720420934606048e+00
2.176249999999999929e+01 1.313482858255558661e+00
2.178750000000000142e+01 1.307722415652315950e+00
2.181250000000000000e+01 1.298171607010294881e+00
2.183749999999999858e+01 1.297577218510441055e+00
2.186250000000000071e+01 1.312551498661812310e+00
2.188749999999999929e+01 1.343460501845210153e+00
2.191250000000000142e+01 1.386213936070266772e+00
2.193750000000000000e+01 1.430700394776492246e+00
2.196249999999999858e+01 1.458190225589928612e+00
2.198750000000000071e+01 1.447377512838775360e+00
2.201249999999999929e+01 1.388801660981180186e+00
2.203750000000000142e+01 1.292403476070828061e+00
2.206250000000000000e+01 1.178862432203960031e+00
2.208749999999999858e+01 1.067105529375498296e+00
2.211250000000000071e+01 9.696613171540152676e-01
2.213749999999999929e+01 8.935117282673666894e-01
2.216250000000000142e+01 8.409214854449740262e-01
2.218750000000000000e+01 8.095818287032865435e-01
2.221249999999999858e+01 7.937719160417038289e-01
2.223750000000000071e+01 7.871557541929643520e-01
2.226249999999999929e+01 7.858072894422958310e-01
2.228750000000000142e+01 7.897506770154645306e-01
2.231250000000000000e+01 8.026426357002629519e-01
2.233749999999999858e+01 8.302032762437846491e-01
2.236250000000000071e+01 8.779684427542240321e-01
2.238749999999999929e+01 9.487125417533701643e-01
2.241250000000000142e+01 1.040289780316466572e+00
2.243750000000000000e+01 1.144481409904093638e+00
2.246249999999999858e+01 1.246954199574272781e+00
2.248750000000000071e+01 1.327688151562551155e+00
2.251249999999999929e+01 1.364837302315900613e+00
2.253750000000000142e+01 1.345900738827551235e+00
2.256250000000000000e+01 1.279272855310934709e+00
2.258749999999999858e+01 1.192169014680690697e+00
2.261250000000000071e+01 1.114939250195570830e+00
2.263749999999999929e+01 1.067036912704479867e+00
2.266250000000000142e+01 1.054133779393093606e+00
2.268750000000000000e+01 1.070333483967632837e+00
2.271249999999999858e+01 1.099645018354848736e+00
2.273750000000000071e+01 1.122661866639844241e+00
2.276249999999999929e+01 1.129793016203985534e+00
2.278750000000000142e+01 1.126070771741216836e+00
2.281250000000000000e+01 1.119674322132660604e+00
2.283749999999999858e+01 1.109701704784432863e+00
2.286250000000000071e+01 1.088311506187686462e+00
2.288749999999999929e+01 1.050437053977394841e+00
2.291250000000000142e+01 9.981696807813444927e-01
2.293750000000000000e+01 9.385867917809664895e-01
2.296249999999999858e+01 8.801333263655759520e-01
2.298750000000000071e+01 8.297642632035395760e-01
2.301249999999999929e+01 7.913821509217583428e-01
2.303750000000000142e+01 7.654902846897013724e-01
2.306250000000000000e+01 7.495171228554184939e-01
2.308749999999999858e+01 7.390798011964496705e-01
2.311250000000000071e+01 7.305381116370189831e-01
2.313749999999999929e+01 7.229026389485033732e-01
2.316250000000000142e+01 7.174514838153163154e-01
2.318750000000000000e+01 7.162278716291269332e-01
2.321249999999999858e+01 7.209270056064979171e-01
2.323750000000000071e+01 7.327223146000150233e-01
2.326249999999999929e+01 7.524661953035793882e-01
2.328750000000000142e+01 7.803317208571930452e-01
2.331250000000000000e+01 8.142631171418679425e-01
2.333749999999999858e+01 8.484240523381629817e-01
2.336250000000000071e+01 8.744240223722266059e-01
2.338749999999999929e+01 8.858588112280747495e-01
2.341250000000000142e+01 8.828329528392004910e-01
2.343750000000000000e+01 8.715818388357031710e-01
2.346249999999999858e+01 8.600317779257979911e-01
2.348750000000000071e+01 8.553204944845589353e-01
2.351249999999999929e+01 8.637800533555877180e-01
2.353750000000000142e+01 8.879278611867273963e-01
2.356250000000000000e+01 9.215918887811608284e-01
2.358749999999999858e+01 9.508868480485408448e-01
2.361250000000000071e+01 9.624540606458013015e-01
2.363749999999999929e+01 9.518933902183468465e-01
2.366250000000000142e+01 9.243987997039340154e-01
2.368750000000000000e+01 8.881111256832809886e-01
2.371249999999999858e+01 8.486490433877793560e-01
2.373750000000000071e+01 8.098684505735060934e-01
2.376249999999999929e+01 7.763366488849452463e-01
2.378750000000000142e+01 7.524096033898217684e-01
2.381250000000000000e+01 7.398308136148541436e-01
2.383749999999999858e+01 7.372761364367398373e-01
2.386250000000000071e+01 7.416098158427155695e-01
2.388749999999999929e+01 7.486940248494432515e-01
2.391250000000000142e+01 7.543039219415417218e-01
2.393750000000000000e+01 7.560035252565243669e-01
2.396249999999999858e+01 7.542378916254008914e-01
2.398750000000000071e+01 7.509626732871670374e-01
2.401249999999999929e+01 7.472435513536800356e-01
2.403750000000000142e+01 7.423922387678782986e-01
2.406250000000000000e+01 7.352736104177729493e-01
2.408749999999999858e+01 7.267451292194151424e-01
2.411250000000000071e+01 7.206338695942328121e-01
2.413749999999999929e+01 7.215265868441056440e-01
2.416250000000000142e+01 7.310870524361801071e-01
2.418750000000000000e+01 7.462980701314283483e-01
2.421249999999999858e+01 7.609194357169807299e-01
2.423750000000000071e+01 7.693245592990156645e-01
2.426249999999999929e+01 7.705192944947282241e-01
2.428750000000000142e+01 7.689532052268379658e-01
2.431250000000000000e+01 7.702609292843611843e-01
2.433749999999999858e+01 7.748884064306242880e-01
2.436250000000000071e+01 7.761739047843144723e-01
2.438749999999999929e+01 7.664174138692942950e-01
2.441250000000000142e+01 7.460052094931638456e-01
2.443750000000000000e+01 7.258933733831051116e-01
2.446249999999999858e+01 7.206092279766065367e-01
2.448750000000000071e+01 7.378762048037339483e-01
2.451249999999999929e+01 7.716646393116588509e-01
2.453750000000000142e+01 8.035449498926381384e-01
2.456250000000000000e+01 8.155535626358836332e-01
2.458749999999999858e+01 8.068649524573459075e-01
2.461250000000000071e+01 7.978568790706489500e-01
2.463749999999999929e+01 8.144674579476274268e-01
2.466250000000000142e+01 8.639590771645224709e-01
2.468750000000000000e+01 9.224257376164264333e-01
2.471249999999999858e+01 9.501358640765457109e-01
2.473750000000000071e+01 9.292925322565817048e-01
2.476249999999999929e+01 8.882676578816135482e-01
2.478750000000000142e+01 8.882075230309309788e-01
2.481250000000000000e+01 9.842603211023892573e-01
2.483749999999999858e+01 1.183856097684532926e+00
2.486250000000000071e+01 1.425082555823842245e+00
2.488749999999999929e+01 1.624731817774452303e+00
2.491250000000000142e+01 1.800346271593690428e+00
2.493750000000000000e+01 2.161721621510709124e+00
2.496249999999999858e+01 3.022924665784680442e+00
2.498750000000000071e+01 4.492189522013219083e+00
2.501249999999999929e+01 6.150336685411337712e+00
2.503750000000000142e+01 7.145539445484599739e+00
2.506250000000000000e+01 6.837723171443736092e+00
2.508749999999999858e+01 5.384257349717031182e+00
2.511250000000000071e+01 3.575460491117353090e+00
2.513749999999999929e+01 2.141906171766609912e+00
2.516250000000000142e+01 1.323781198741296405e+00
2.518750000000000000e+01 9.804524988324411217e-01
2.521249999999999858e+01 8.874330692699003986e-01
2.523750000000000071e+01 8.963478865911465032e-01
2.526249999999999929e+01 9.418593274758022549e-01
2.528750000000000142e+01 1.002568701922071259e+00
2.531250000000000000e+01 1.073493413862005141e+00
2.533749999999999858e+01 1.157307807560470803e+00
2.536250000000000071e+01 1.255651414478524242e+00
2.538749999999999929e+01 1.355180309030660446e+00
2.541250000000000142e+01 1.425492262887452455e+00
2.543750000000000000e+01 1.439870139451562281e+00
2.546249999999999858e+01 1.398035382354387846e+00
2.548750000000000071e+01 1.323780102938235004e+00
2.551249999999999929e+01 1.245713603737981234e+00
2.553750000000000142e+01 1.186288363043065619e+00
2.556250000000000000e+01 1.159343088138121702e+00
2.558749999999999858e+01 1.164399873976792010e+00
2.561250000000000071e+01 1.183320631379775723e+00
2.563749999999999929e+01 1.190361090550041689e+00
2.566250000000000142e+01 1.168932638107611055e+00
2.568750000000000000e+01 1.119110009709479270e+00
2.571249999999999858e+01 1.052131587206482255e+00
2.573750000000000071e+01 9.818978920791560094e-01
2.576249999999999929e+01 9.202548284218463603e-01
2.578750000000000142e+01 8.759439415604484136e-01
2.581250000000000000e+01 8.551130593771357757e-01
2.583749999999999858e+01 8.615083997363577328e-01
2.586250000000000071e+01 8.957090046686222440e-01
2.588749999999999929e+01 9.543346418639040429e-01
2.591250000000000142e+01 1.029490937918655202e+00
2.593750000000000000e+01 1.107065241285514423e+00
2.596249999999999858e+01 1.166675484802757401e+00
2.598750000000000071e+01 1.189317287114964428e+00
2.601249999999999929e+01 1.168535044332229544e+00
2.603750000000000142e+01 1.112683892998638902e+00
2.606250000000000000e+01 1.036911535146773700e+00
2.608749999999999858e+01 9.563269655750550324e-01
2.611250000000000071e+01 8.848277882994514121e-01
2.613749999999999929e+01 8.333776677045996450e-01
2.616250000000000142e+01 8.058523530315262473e-01
2.618750000000000000e+01 7.984048664288867503e-01
2.621249999999999858e+01 8.048077480361198743e-01
2.623750000000000071e+01 8.227466940807928175e-01
2.626249999999999929e+01 8.553158799772404564e-01
2.628750000000000142e+01 9.070659847214510574e-01
2.631250000000000000e+01 9.785714846552932000e-01
2.633749999999999858e+01 1.063359568958019974e+00
2.636250000000000071e+01 1.147432697513853572e+00
2.638749999999999929e+01 1.211067565710228777e+00
2.641250000000000142e+01 1.235671106215536552e+00
2.643750000000000000e+01 1.214226457850799523e+00
2.646249999999999858e+01 1.155102956108789103e+00
2.648750000000000071e+01 1.074891559959108678e+00
2.651249999999999929e+01 9.898851948633955455e-01
2.653750000000000142e+01 9.135276135348893156e-01
2.656250000000000000e+01 8.555150899192258684e-01
2.658749999999999858e+01 8.190649140626704572e-01
2.661250000000000071e+01 8.003302296184735543e-01
2.663749999999999929e+01 7.927944127620594195e-01
2.666250000000000142e+01 7.924889826330470122e-01
2.668750000000000000e+01 7.993629517291622744e-01
2.671249999999999858e+01 8.149747360604899793e-01
2.673750000000000071e+01 8.395463736575257130e-01
2.676249999999999929e+01 8.704070464393511841e-01
2.678750000000000142e+01 9.021918236397895585e-01
2.681250000000000000e+01 9.285329208208581431e-01
2.683749999999999858e+01 9.440407271695374636e-01
2.686250000000000071e+01 9.452384592697025134e-01
2.688749999999999929e+01 9.309056713555901030e-01
2.691250000000000142e+01 9.026366920745969580e-01
2.693750000000000000e+01 8.652083271320201163e-01
2.696249999999999858e+01 8.260644041102009894e-01
2.698750000000000071e+01 7.931099176555460595e-01
2.701249999999999929e+01 7.710557842693008812e-01
2.703750000000000142e+01 7.592489758148122103e-01
2.706250000000000000e+01 7.533260602875935241e-01
2.708749999999999858e+01 7.491271075669962975e-01
2.711250000000000071e+01 7.451712954793748844e-01
2.713749999999999929e+01 7.420691207408997014e-01
2.716250000000000142e+01 7.405081389995562535e-01
2.718750000000000000e+01 7.407359651529987765e-01
2.721249999999999858e+01 7.442756374278751696e-01
2.723750000000000071e+01 7.554788710035531540e-01
2.726249999999999929e+01 7.791859897738915297e-01
2.728750000000000142e+01 8.141862766253882278e-01
2.731250000000000000e+01 8.486876220346925015e-01
2.733749999999999858e+01 8.657929198128164749e-01
2.736250000000000071e+01 8.563759705820943591e-01
2.738749999999999929e+01 8.259089920154976117e-01
2.741250000000000142e+01 7.886868949888120595e-01
2.743750000000000000e+01 7.573668635155076378e-01
2.746249999999999858e+01 7.373871753510261584e-01
2.748750000000000071e+01 7.278205015890228946e-01
2.751249999999999929e+01 7.250839121501834184e-01
2.753750000000000142e+01 7.259354873710742728e-01
2.756250000000000000e+01 7.285520163142398253e-01
2.758749999999999858e+01 7.323647796793965048e-01
2.761250000000000071e+01 7.373368090976525346e-01
2.763749999999999929e+01 7.430055869162996984e-01
2.766250000000000142e+01 7.478601524471056861e-01
2.768750000000000000e+01 7.501199350971188284e-01
2.771249999999999858e+01 7.495124308226285281e-01
2.773750000000000071e+01 7.481841193771668896e-01
2.776249999999999929e+01 7.494651911330876271e-01
2.778750000000000142e+01 7.553523658472672819e-01
2.781250000000000000e+01 7.647187728908095838e-01
2.783749999999999858e+01 7.739547788556926378e-01
2.786250000000000071e+01 7.802697576359908238e-01
2.788749999999999929e+01 7.857442912416736647e-01
2.791250000000000142e+01 7.985327804584627653e-01
2.793750000000000000e+01 8.290418160090246014e-01
2.796249999999999858e+01 8.821929619197862449e-01
2.798750000000000071e+01 9.499823613654727605e-01
2.801249999999999929e+01 1.010899512627210228e+00
2.803750000000000142e+01 1.040761231553509747e+00
2.806250000000000000e+01 1.029785074517869159e+00
2.808749999999999858e+01 9.902950235512353316e-01
2.811250000000000071e+01 9.466118529947689098e-01
2.813749999999999929e+01 9.182814661128396727e-01
2.816250000000000142e+01 9.129384192257705699e-01
2.818750000000000000e+01 9.287963613428648069e-01
2.821249999999999858e+01 9.580830716669128666e-01
2.823750000000000071e+01 9.891484017309618570e-01
2.826249999999999929e+01 1.009925957893866855e+00
2.828750000000000142e+01 1.013776255183559849e+00
2.831250000000000000e+01 1.005004105301224415e+00
2.833749999999999858e+01 9.985407323872579344e-01
2.836250000000000071e+01 1.009721776958061312e+00
2.838749999999999929e+01 1.039582735193209651e+00
2.841250000000000142e+01 1.069067360208119766e+00
2.843750000000000000e+01 1.071012989282707162e+00
2.846249999999999858e+01 1.032723816047618870e+00
2.848750000000000071e+01 9.684741468573517809e-01
2.851249999999999929e+01 9.086325504727621460e-01
2.853750000000000142e+01 8.760709818293169748e-01
2.856250000000000000e+01 8.719764729016219462e-01
2.858749999999999858e+01 8.794012533450880076e-01
2.861250000000000071e+01 8.777116608805146658e-01
2.863749999999999929e+01 8.574940835003526107e-01
2.866250000000000142e+01 8.267058557022068932e-01
2.868750000000000000e+01 8.035543262336329873e-01
2.871249999999999858e+01 8.018026641796550669e-01
2.873750000000000071e+01 8.203093952891067353e-01
2.876249999999999929e+01 8.432738315554225705e-01
2.878750000000000142e+01 8.503818537020410018e-01
2.881250000000000000e+01 8.311141881792596386e-01
2.883749999999999858e+01 7.923096724768070587e-01
2.886250000000000071e+01 7.509943346609959658e-01
2.888749999999999929e+01 7.200696990125879937e-01
2.891250000000000142e+01 7.017202375839323159e-01
2.893750000000000000e+01 6.915548187925122381e-01
2.896249999999999858e+01 6.849820031671267628e-01
2.898750000000000071e+01 6.798061064868377024e-01
2.901249999999999929e+01 6.756377178106758308e-01
2.903750000000000142e+01 6.726536178680290190e-01
2.906250000000000000e+01 6.707290236314644716e-01
2.908749999999999858e+01 6.693377477366984074e-01
2.911250000000000071e+01 6.679863978495813592e-01
2.913749999999999929e+01 6.666671006996232052e-01
2.916250000000000142e+01 6.658063210402949128e-01
2.918750000000000000e+01 6.657759424648002078e-01
2.921249999999999858e+01 6.665600139611933539e-01
2.923750000000000071e+01 6.679481470406246624e-01
2.926249999999999929e+01 6.699374230787700224e-01
2.928750000000000142e+01 6.727480695400684940e-01
2.931250000000000000e+01 6.764558394046147338e-01
2.933749999999999858e+01 6.808499825383742543e-01
2.936250000000000071e+01 6.859059898617432260e-01
2.938749999999999929e+01 6.923642093485422588e-01
2.941250000000000142e+01 7.015126504500277527e-01
2.943750000000000000e+01 7.138248070038861748e-01
2.946249999999999858e+01 7.272019046835216383e-01
2.948750000000000071e+01 7.365690306782007868e-01
2.951249999999999929e+01 7.363571295757298518e-01
2.953750000000000142e+01 7.247829148074007577e-01
2.956250000000000000e+01 7.058157986615416490e-01
2.958749999999999858e+01 6.863651296506373400e-01
2.961250000000000071e+01 6.716282811722562585e-01
2.963749999999999929e+01 6.630578210192829003e-01
2.966250000000000142e+01 6.595056361429512126e-01
2.968750000000000000e+01 6.591065318728948075e-01
2.971249999999999858e+01 6.603962500161515425e-01
2.973750000000000071e+01 6.626843112187410512e-01
2.976249999999999929e+01 6.659905425176492200e-01
2.978750000000000142e+01 6.706326256191418311e-01
2.981250000000000000e+01 6.767732806822059910e-01
2.983749999999999858e+01 6.840800231465324899e-01
2.986250000000000071e+01 6.914869208537121059e-01
2.988749999999999929e+01 6.972539460522251265e-01
2.991250000000000142e+01 6.997172372186182265e-01
2.993750000000000000e+01 6.984734454099800205e-01
2.996249999999999858e+01 6.948385767723732620e-01
2.998750000000000071e+01 6.907617071229436023e-01
3.001249999999999929e+01 6.872309193183340215e-01
3.003750000000000142e+01 6.839210883905540994e-01
3.006250000000000000e+01 6.802190331406705592e-01
3.008749999999999858e+01 6.762218785940582455e-01
3.011250000000000071e+01 6.727618439313323151e-01
3.013749999999999929e+01 6.706640831181696072e-01
3.016250000000000142e+01 6.701118802429806287e-01
3.018750000000000000e+01 6.706176510100915200e-01
3.021249999999999858e+01 6.713005252695201097e-01
3.023750000000000071e+01 6.709684343107540361e-01
3.026249999999999929e+01 6.683563782751410498e-01
3.028750000000000142e+01 6.629666537982256136e-01
3.031250000000000000e+01 6.558138890699065637e-01
3.033749999999999858e+01 6.489668238489716412e-01
3.036250000000000071e+01 6.441637749402278068e-01
3.038749999999999929e+01 6.418489490284777776e-01
3.041250000000000142e+01 6.414211821658409862e-01
3.043750000000000000e+01 6.422333832485354055e-01
3.046249999999999858e+01 6.443339148349808143e-01
3.048750000000000071e+01 6.483786158512251374e-01
3.051249999999999929e+01 6.552214675163792190e-01
3.053750000000000142e+01 6.660092494261431462e-01
3.056250000000000000e+01 6.827498055807604826e-01
3.058749999999999858e+01 7.085041725409966240e-01
3.061250000000000071e+01 7.470186869614043879e-01
3.063749999999999929e+01 8.021459840969542565e-01
3.066250000000000142e+01 8.774194641455259625e-01
3.068750000000000000e+01 9.759607540184078722e-01
3.071249999999999858e+01 1.098880000342528973e+00
3.073750000000000071e+01 1.240136235835886946e+00
3.076249999999999929e+01 1.380675947107504964e+00
3.078750000000000142e+01 1.490621734473172477e+00
3.081250000000000000e+01 1.543746083762669086e+00
3.083749999999999858e+01 1.535348420065946851e+00
3.086250000000000071e+01 1.486742350276785363e+00
3.088749999999999929e+01 1.428739959224853528e+00
3.091250000000000142e+01 1.379211202998470220e+00
3.093750000000000000e+01 1.336332054824397986e+00
3.096249999999999858e+01 1.287796530273336515e+00
3.098750000000000071e+01 1.222052954427231164e+00
3.101249999999999929e+01 1.137981610823976641e+00
3.103750000000000142e+01 1.051802202233196759e+00
3.106250000000000000e+01 9.927030294764260798e-01
3.108749999999999858e+01 9.864813416541645674e-01
3.111250000000000071e+01 1.041031561755426882e+00
3.113749999999999929e+01 1.142716269723665468e+00
3.116250000000000142e+01 1.260181957090344307e+00
3.118750000000000000e+01 1.352638817987012576e+00
3.121249999999999858e+01 1.384094225539710621e+00
3.123750000000000071e+01 1.339555073449993472e+00
3.126249999999999929e+01 1.232046684859879448e+00
3.128750000000000142e+01 1.094031644019472171e+00
3.131250000000000000e+01 9.596162883552143974e-01
3.133749999999999858e+01 8.503640067245155088e-01
3.136250000000000071e+01 7.721253271098388327e-01
3.138749999999999929e+01 7.202983707777886879e-01
3.141250000000000142e+01 6.869358288269845625e-01
3.143750000000000000e+01 6.650914207418491264e-01
3.146249999999999858e+01 6.500676349623465411e-01
3.148750000000000071e+01 6.390312838600342715e-01
3.151249999999999929e+01 6.304407151718746105e-01
3.153750000000000142e+01 6.234430109553203980e-01
3.156250000000000000e+01 6.175883122316895291e-01
3.158749999999999858e+01 6.127319143298743942e-01
3.161250000000000071e+01 6.089974514009991458e-01
3.163749999999999929e+01 6.066330022065797856e-01
3.166250000000000142e+01 6.059491235986977919e-01
3.168750000000000000e+01 6.072200377029151053e-01
3.171249999999999858e+01 6.104090260291892278e-01
3.173750000000000071e+01 6.149646755028177481e-01
3.176249999999999929e+01 6.200595729347821994e-01
3.178750000000000142e+01 6.253390713126470990e-01
3.181250000000000000e+01 6.314933166838568868e-01
3.183749999999999858e+01 6.405166829446070631e-01
3.186250000000000071e+01 6.557113842263055936e-01
3.188749999999999929e+01 6.815657278284357190e-01
3.191250000000000142e+01 7.223192733409956601e-01
3.193750000000000000e+01 7.788062327825600040e-01
3.196249999999999858e+01 8.447979742953335425e-01
3.198750000000000071e+01 9.062588746351811775e-01
3.201250000000000284e+01 9.461276681847912151e-01
3.203750000000000142e+01 9.525913503093401680e-01
3.206250000000000000e+01 9.249710463005877958e-01
3.208749999999999858e+01 8.732573572666519901e-01
3.211249999999999716e+01 8.124214965718463688e-01
3.213750000000000284e+01 7.557392603703902978e-01
3.216250000000000142e+01 7.109714415499904794e-01
3.218750000000000000e+01 6.802089231863950314e-01
3.221249999999999858e+01 6.614656315406108877e-01
3.223749999999999716e+01 6.504516010196483844e-01
3.226250000000000284e+01 6.424605790516682013e-01
3.228750000000000142e+01 6.343423209134395613e-01
3.231250000000000000e+01 6.251704572052275699e-01
3.233749999999999858e+01 6.155960361447521123e-01
3.236249999999999716e+01 6.066821714710648461e-01
3.238750000000000284e+01 5.991474635980780228e-01
3.241250000000000142e+01 5.931192221479090199e-01
3.243750000000000000e+01 5.883207285035796374e-01
3.246249999999999858e+01 5.843553022305315592e-01
3.248749999999999716e+01 5.809383224209866414e-01
3.251250000000000284e+01 5.780451190801028094e-01
3.253750000000000142e+01 5.758901904437265795e-01
3.256250000000000000e+01 5.748339620732130228e-01
3.258749999999999858e+01 5.752626239567080191e-01
3.261249999999999716e+01 5.774076767888420836e-01
3.263750000000000284e+01 5.810785114718816091e-01
3.266250000000000142e+01 5.855934712246853024e-01
3.268750000000000000e+01 5.900161756517827705e-01
3.271249999999999858e+01 5.935488011913885309e-01
3.273749999999999716e+01 5.957728782623061825e-01
3.276250000000000284e+01 5.965878275401298447e-01
3.278750000000000142e+01 5.960156764521706840e-01
3.281250000000000000e+01 5.943147423160553000e-01
3.283749999999999858e+01 5.922736847341006916e-01
3.286249999999999716e+01 5.910176113600342784e-01
3.288750000000000284e+01 5.914127401826414498e-01
3.291250000000000142e+01 5.940870703175800127e-01
3.293750000000000000e+01 6.003771846867471673e-01
3.296249999999999858e+01 6.128275418841914179e-01
3.298749999999999716e+01 6.340829672347169099e-01
3.301250000000000284e+01 6.647559363519540687e-01
3.303750000000000142e+01 7.023337641365599016e-01
3.306250000000000000e+01 7.419365887849496133e-01
3.308749999999999858e+01 7.780329572892743517e-01
3.311249999999999716e+01 8.060663883209024938e-01
3.313750000000000284e+01 8.227963525907844300e-01
3.316250000000000142e+01 8.245912193318858385e-01
3.318750000000000000e+01 8.065865742516131753e-01
3.321249999999999858e+01 7.672079355661592936e-01
3.323749999999999716e+01 7.140255507808650481e-01
3.326250000000000284e+01 6.611395178858312516e-01
3.328750000000000142e+01 6.193885855029270804e-01
3.331250000000000000e+01 5.910372900130120843e-01
3.333749999999999858e+01 5.729269562595696863e-01
3.336249999999999716e+01 5.615168400352147371e-01
3.338750000000000284e+01 5.547476083799305346e-01
3.341250000000000142e+01 5.514400193152386720e-01
3.343750000000000000e+01 5.506060800367270636e-01
3.346249999999999858e+01 5.512219128975650584e-01
3.348749999999999716e+01 5.522347644600782424e-01
3.351250000000000284e+01 5.527612229017782042e-01
3.353750000000000142e+01 5.524927417229897886e-01
3.356250099999999748e+01 5.517570176163024698e-01
3.358750100000000316e+01 5.508652489620137205e-01
3.361250100000000174e+01 5.496136577343138097e-01
3.363750100000000032e+01 5.477168483074986716e-01
3.366250099999999890e+01 5.455011305245167641e-01
3.368750099999999748e+01 5.437415954168843824e-01
3.371250100000000316e+01 5.429189050064058275e-01
3.373750100000000174e+01 5.430750591356338086e-01
3.376250100000000032e+01 5.443264017589863890e-01
3.378750099999999890e+01 5.469149956460674922e-01
3.381250099999999748e+01 5.505590463869667328e-01
3.383750100000000316e+01 5.543512300053743402e-01
3.386250100000000174e+01 5.579237023145415808e-01
3.388750100000000032e+01 5.623790115844340409e-01
3.391250099999999890e+01 5.692423026957783572e-01
3.393750099999999748e+01 5.783602930787755669e-01
3.396250100000000316e+01 5.874283386489377312e-01
3.398750100000000174e+01 5.938744369166009118e-01
3.401250100000000032e+01 5.968108495720023665e-01
3.403750099999999890e+01 5.969645617807893823e-01
3.406250099999999748e+01 5.954544157725896181e-01
3.408750100000000316e+01 5.936742352348255425e-01
3.411250100000000174e+01 5.943797917869799718e-01
3.413750100000000032e+01 6.017714741297476300e-01
3.416250099999999890e+01 6.196990060554455892e-01
3.418750099999999748e+01 6.490476416755772693e-01
3.421250100000000316e+01 6.854004879273869477e-01
3.423750100000000174e+01 7.184492667209478878e-01
3.426250100000000032e+01 7.358887047785422908e-01
3.428750099999999890e+01 7.308619461334195933e-01
3.431250099999999748e+01 7.066548444552808173e-01
3.433750100000000316e+01 6.743087832735239484e-01
3.436250100000000174e+01 6.453427750637532601e-01
3.438750100000000032e+01 6.252840112790341021e-01
3.441250099999999890e+01 6.128584475143913357e-01
3.443750099999999748e+01 6.045445756876495214e-01
3.446250100000000316e+01 5.989529687085115572e-01
3.448750100000000174e+01 5.967570735548226590e-01
3.451250100000000032e+01 5.980836205286801377e-01
3.453750099999999890e+01 6.017257568440185223e-01
3.456250099999999748e+01 6.065740673596144994e-01
3.458750100000000316e+01 6.122839010451948116e-01
3.461250100000000174e+01 6.185018699990454394e-01
3.463750100000000032e+01 6.245922561745289592e-01
3.466250099999999890e+01 6.304180190927911598e-01
3.468750099999999748e+01 6.364176401212596756e-01
3.471250100000000316e+01 6.428434402831599837e-01
3.473750100000000174e+01 6.498879602944903633e-01
3.476250100000000032e+01 6.583937875179768362e-01
3.478750099999999890e+01 6.685164671344107079e-01
3.481250099999999748e+01 6.770440318270689595e-01
3.483750100000000316e+01 6.793294922943653447e-01
3.486250100000000174e+01 6.768379676877480655e-01
3.488750100000000032e+01 6.795803777217405139e-01
3.491250099999999890e+01 6.961904598879593564e-01
3.493750099999999748e+01 7.230853528145223530e-01
3.496250100000000316e+01 7.498497690930345794e-01
3.498750100000000174e+01 7.754668113745437630e-01
3.501250100000000032e+01 8.095853354801798574e-01
3.503750099999999890e+01 8.530543588284178469e-01
3.506250099999999748e+01 8.889230648173628291e-01
3.508750100000000316e+01 9.077342406562309840e-01
3.511250100000000174e+01 9.346405196560523265e-01
3.513750100000000032e+01 1.007260114641456816e+00
3.516250099999999890e+01 1.124510315280223161e+00
3.518750099999999748e+01 1.244392129006556713e+00
3.521250100000000316e+01 1.355872757802094153e+00
3.523750100000000174e+01 1.527475507478507355e+00
3.526250100000000032e+01 1.839121162117196562e+00
3.528750099999999890e+01 2.285085153479313735e+00
3.531250099999999748e+01 2.834034249703511144e+00
3.533750100000000316e+01 3.611308109920310372e+00
3.536250100000000174e+01 4.850925418459266503e+00
3.538750100000000032e+01 6.469174584815664986e+00
3.541250099999999890e+01 7.768829309774207381e+00
3.543750099999999748e+01 7.873925868883411283e+00
3.546250100000000316e+01 6.569484110946771871e+00
3.548750100000000174e+01 4.537545888501600899e+00
3.551250100000000032e+01 2.712014909254022221e+00
3.553750099999999890e+01 1.572382197250855818e+00
3.556250099999999748e+01 1.061981941402653895e+00
3.558750100000000316e+01 9.242640577112842815e-01
3.561250100000000174e+01 9.648268538714865894e-01
3.563750100000000032e+01 1.089535553423013114e+00
3.566250099999999890e+01 1.244892547872056277e+00
3.568750099999999748e+01 1.375926926020396790e+00
3.571250100000000316e+01 1.428797675198787864e+00
3.573750100000000174e+01 1.377925573741013654e+00
3.576250100000000032e+01 1.239617467972875753e+00
3.578750099999999890e+01 1.060047563214053135e+00
3.581250099999999748e+01 8.883914917759141439e-01
3.583750100000000316e+01 7.550084112582984286e-01
3.586250100000000174e+01 6.661506798586349642e-01
3.588750100000000032e+01 6.129841971288307878e-01
3.591250099999999890e+01 5.831309497408097009e-01
3.593750099999999748e+01 5.664460946146261389e-01
3.596250100000000316e+01 5.560990481750951453e-01
3.598750100000000174e+01 5.482756835218681735e-01
3.601250100000000032e+01 5.416612321264271390e-01
3.603750099999999890e+01 5.359903440646487383e-01
3.606250099999999748e+01 5.311212655370884939e-01
3.608750100000000316e+01 5.268165087299550020e-01
3.611250100000000174e+01 5.229564597069343845e-01
3.613750100000000032e+01 5.194357780162239813e-01
3.616250099999999890e+01 5.160751783287764738e-01
3.618750099999999748e+01 5.128123768201403587e-01
3.621250100000000316e+01 5.099284717874488226e-01
3.623750100000000174e+01 5.078623370004611282e-01
3.626250100000000032e+01 5.067425889745197365e-01
3.628750099999999890e+01 5.061914967246435859e-01
3.631250099999999748e+01 5.056726390057937337e-01
3.633750100000000316e+01 5.049476085331052744e-01
3.636250100000000174e+01 5.041098846082250340e-01
3.638750100000000032e+01 5.032921221809298906e-01
3.641250099999999890e+01 5.025224306962456922e-01
3.643750099999999748e+01 5.017663402817817975e-01
3.646250100000000316e+01 5.009547328409583722e-01
3.648750100000000174e+01 5.001558015361498022e-01
3.651250100000000032e+01 4.999276198606540378e-01
3.653750099999999890e+01 5.013935570399746799e-01
3.656250099999999748e+01 5.055008514032018896e-01
3.658750100000000316e+01 5.118269599874090137e-01
3.661250100000000174e+01 5.180303160810071361e-01
3.663750100000000032e+01 5.208778850681982098e-01
3.666250099999999890e+01 5.183991708160929912e-01
3.668750099999999748e+01 5.112936313272129496e-01
3.671250100000000316e+01 5.022338967637546281e-01
3.673750100000000174e+01 4.938671515597249373e-01
3.676250100000000032e+01 4.874959041534947524e-01
3.678750099999999890e+01 4.833385119789688211e-01
3.681250099999999748e+01 4.814113810988216446e-01
3.683750100000000316e+01 4.818182227840072662e-01
3.686250100000000174e+01 4.846205046453465615e-01
3.688750100000000032e+01 4.899200568799867983e-01
3.691250099999999890e+01 4.976180444544560655e-01
3.693750099999999748e+01 5.068511254158312163e-01
3.696250100000000316e+01 5.168787106456306235e-01
3.698750100000000174e+01 5.297069358426481633e-01
3.701250100000000032e+01 5.498627063508710888e-01
3.703750099999999890e+01 5.778150098987582250e-01
3.706250099999999748e+01 6.032886342619370179e-01
3.708750100000000316e+01 6.095917956755765310e-01
3.711250100000000174e+01 5.881336701740484951e-01
3.713750100000000032e+01 5.471584661112459669e-01
3.716250099999999890e+01 5.042601210343687912e-01
3.718750099999999748e+01 4.722382623446229055e-01
3.721250100000000316e+01 4.533660590500103726e-01
3.723750100000000174e+01 4.436597689255001864e-01
3.726250100000000032e+01 4.387218617028879053e-01
3.728750099999999890e+01 4.359449488587774368e-01
3.731250099999999748e+01 4.340669539269125243e-01
3.733750100000000316e+01 4.324172361248841412e-01
3.736250100000000174e+01 4.305945506201894757e-01
3.738750100000000032e+01 4.283903945298832561e-01
3.741250099999999890e+01 4.257648835895698758e-01
3.743750099999999748e+01 4.228461995814718488e-01
3.746250100000000316e+01 4.198494389516650993e-01
3.748750100000000174e+01 4.169057702795777587e-01
3.751250100000000032e+01 4.140712078084675118e-01
3.753750099999999890e+01 4.115567174166153697e-01
3.756250099999999748e+01 4.098061000034223800e-01
3.758750100000000316e+01 4.091846678970014750e-01
3.761250100000000174e+01 4.096270585746903947e-01
3.763750100000000032e+01 4.106731259197051731e-01
3.766250099999999890e+01 4.118276729350177634e-01
3.768750099999999748e+01 4.130309534741334332e-01
3.771250100000000316e+01 4.149930864386236484e-01
3.773750100000000174e+01 4.190724244331861525e-01
3.776250100000000032e+01 4.262146271636755301e-01
3.778750099999999890e+01 4.353815438839211405e-01
3.781250099999999748e+01 4.431122337077018081e-01
3.783750100000000316e+01 4.454914604547536294e-01
3.786250100000000174e+01 4.410555551835750876e-01
3.788750100000000032e+01 4.316136158607756235e-01
3.791250099999999890e+01 4.205786908681137248e-01
3.793750099999999748e+01 4.115035580343786581e-01
3.796250100000000316e+01 4.077530416694664095e-01
3.798750100000000174e+01 4.116918180814386208e-01
3.801250100000000032e+01 4.236880250722649399e-01
3.803750099999999890e+01 4.438278411991057881e-01
3.806250099999999748e+01 4.737496057459084087e-01
3.808750100000000316e+01 5.119705272232559778e-01
3.811250100000000174e+01 5.462258131464524658e-01
3.813750100000000032e+01 5.571864866234144120e-01
3.816250099999999890e+01 5.345441430318178533e-01
3.818750099999999748e+01 4.865391598897239600e-01
3.821250100000000316e+01 4.319976727694214702e-01
3.823750100000000174e+01 3.864332061800240803e-01
3.826250100000000032e+01 3.558036068995007462e-01
3.828750099999999890e+01 3.384637505626938991e-01
3.831250099999999748e+01 3.296969016830042509e-01
3.833750100000000316e+01 3.251968283425806239e-01
3.836250100000000174e+01 3.224090646908694957e-01
3.838750100000000032e+01 3.202611926260289787e-01
3.841250099999999890e+01 3.184071720297031449e-01
3.843750099999999748e+01 3.167940676096258068e-01
3.846250100000000316e+01 3.153942638654258501e-01
3.848750100000000174e+01 3.141887135994129165e-01
3.851250100000000032e+01 3.132737400561041996e-01
3.853750099999999890e+01 3.129175095762648517e-01
3.856250099999999748e+01 3.133037155018913444e-01
3.858750100000000316e+01 3.141109606953609856e-01
3.861250100000000174e+01 3.143516866021442424e-01
3.863750100000000032e+01 3.127387318098138191e-01
3.866250099999999890e+01 3.084248621406474045e-01
3.868750099999999748e+01 3.015658443107347986e-01
3.871250100000000316e+01 2.932800148905213566e-01
3.873750100000000174e+01 2.850283104168581660e-01
3.876250100000000032e+01 2.778813252633253184e-01
3.878750099999999890e+01 2.721999540303047804e-01
3.881250099999999748e+01 2.678701763530826341e-01
3.883750100000000316e+01 2.647077707443147299e-01
3.886250100000000174e+01 2.626001935599028281e-01
3.888750100000000032e+01 2.613795519314093263e-01
3.891250099999999890e+01 2.606797710098967547e-01
3.893750099999999748e+01 2.599478206835402205e-01
3.896250100000000316e+01 2.586069289914431635e-01
3.898750100000000174e+01 2.563331918867027270e-01
3.901250100000000032e+01 2.533095909935884626e-01
3.903750099999999890e+01 2.502024334126241034e-01
3.906250099999999748e+01 2.477835314896941199e-01
3.908750100000000316e+01 2.464870040073873780e-01
3.911250100000000174e+01 2.462224365090635581e-01
3.913750100000000032e+01 2.464643297804954836e-01
3.916250099999999890e+01 2.464750315315546170e-01
3.918750099999999748e+01 2.455864367771528611e-01
3.921250100000000316e+01 2.434730994171920293e-01
3.923750100000000174e+01 2.402572574884171419e-01
3.926250100000000032e+01 2.363973125903113814e-01
3.928750099999999890e+01 2.324711210809550788e-01
3.931250099999999748e+01 2.289416444928180638e-01
3.933750100000000316e+01 2.259686042937841810e-01
3.936250100000000174e+01 2.234066786673334915e-01
3.938750100000000032e+01 2.210035385341539982e-01
3.941250099999999890e+01 2.186211165093952524e-01
3.943750099999999748e+01 2.163352700993186883e-01
3.946250100000000316e+01 2.143873596533612258e-01
3.948750100000000174e+01 2.129852335073907088e-01
3.951250100000000032e+01 2.120507485098588607e-01
3.953750099999999890e+01 2.111422736423107516e-01
3.956250099999999748e+01 2.096615309261042337e-01
3.958750100000000316e+01 2.072076803382048860e-01
3.961250100000000174e+01 2.038302217452819809e-01
3.963750100000000032e+01 2.000253437389751254e-01
3.966250099999999890e+01 1.964719938705291047e-01
3.968750099999999748e+01 1.936374309646917979e-01
3.971250100000000316e+01 1.915380587288084691e-01
3.973750100000000174e+01 1.898333080332839651e-01
3.976250100000000032e+01 1.881331958721078335e-01
3.978750099999999890e+01 1.862104781928741459e-01
3.981250099999999748e+01 1.840308919493796047e-01
3.983750100000000316e+01 1.817258336962544740e-01
3.986250100000000174e+01 1.795494493876662045e-01
3.988750100000000032e+01 1.777307632017751104e-01
3.991250099999999890e+01 1.763031085010227927e-01
3.993750099999999748e+01 1.751535989872985977e-01
3.996250100000000316e+01 1.742452970758959774e-01
3.998750100000000174e+01 1.737126013189299045e-01
