0.000000 1.000000000000
0.087500 0.405263891138
0.112500 0.164281144296
0.137500 0.066616166319
0.162500 0.000000015235
0.187500 0.000000001791
0.212500 0.000000000561
0.237500 0.019059314285
0.262500 0.013605445049
0.287500 0.000000002722
0.312500 0.000000067701
0.337500 0.000455163612
0.362500 0.000063784186
0.387500 0.002287211730
0.412500 0.003052488527
0.437500 0.000000004265
0.462500 0.000222896202
0.487500 0.000031470499
0.512500 0.000001136613
0.537500 0.000681801354
0.562500 0.000883606722
0.587500 0.000121254358
0.612500 0.000058221751
0.637500 0.000000579962
0.662500 0.000007446498
0.687500 0.000263907245
0.712500 0.000003748070
0.737500 0.000339675331
0.762500 0.000022329665
0.787500 0.000010931710
0.812500 0.000006043361
0.837500 0.000089283791
0.862500 0.000007089546
0.887500 0.000182301754
0.912500 0.000021457656
0.937500 0.000010613100
0.962500 0.000001922726
0.987500 0.000054337457
1.012500 0.000004785416
1.037500 0.000001668341
1.062500 0.000082190411
1.087500 0.000006419214
1.112500 0.000001294379
1.137500 0.000035810555
1.162500 0.000002248401
1.187500 0.000000625034
1.212500 0.000056162254
1.237500 0.000003732843
1.262500 0.000000755558
1.287500 0.000022076075
1.312500 0.000001144526
1.337500 0.000000916660
1.362500 0.000000764608
1.387500 0.000029993713
1.412500 0.000002655042
1.437500 0.000014128451
1.462500 0.000000839783
1.487500 0.000000920163
1.512500 0.000000253855
1.537500 0.000023458570
1.562500 0.000001800006
1.587500 0.000009345633
1.612500 0.000000775666
1.637500 0.000000578299
1.662500 0.000000169203
1.687500 0.000000274327
1.712500 0.000015083834
1.737500 0.000005922181
1.762500 0.000001175370
1.787500 0.000000434189
1.812500 0.000000106751
1.837500 0.000000274923
1.862500 0.000010723482
1.887500 0.000002975035
1.912500 0.000002719176
1.937500 0.000000259867
1.962500 0.000000215193
1.987500 0.000000181425
2.012500 0.000000172608
2.037500 0.000007960847
2.062500 0.000003613962
2.087500 0.000000200598
2.112500 0.000000200399
2.137500 0.000000206927
2.162500 0.000000117038
2.187500 0.000005571239
2.212500 0.000002919388
2.237500 0.000000339822
2.262500 0.000000191141
2.287500 0.000000153655
2.312500 0.000000162195
2.337500 0.000000146772
2.362500 0.000006172530
2.387500 0.000000274756
2.412500 0.000000183220
2.437500 0.000000171361
2.462500 0.000000181633
2.487500 0.000000117184
2.512500 0.000004813630
2.537500 0.000000386415
2.562500 0.000000197764
2.587500 0.000000206031
2.612500 0.000000159670
2.637500 0.000000131906
2.662500 0.000001411451
2.687500 0.000002788894
2.712500 0.000000230054
2.737500 0.000000190036
2.762500 0.000000146979
2.787500 0.000000154515
2.812500 0.000001152679
2.837500 0.000002029832
2.862500 0.000000333540
2.887500 0.000000185685
2.912500 0.000000179861
2.937500 0.000000169657
2.962500 0.000000978770
2.987500 0.000000184447
3.012500 0.000001800733
3.037500 0.000000220502
3.062500 0.000000200490
3.087500 0.000000206631
3.112500 0.000000792460
3.137500 0.000000259276
3.162500 0.000001449627
3.187500 0.000000368486
3.212500 0.000000254570
3.237500 0.000000226327
3.262500 0.000000825679
3.287500 0.000000310271
3.312500 0.000000252533
3.337500 0.000001278649
3.362500 0.000000267135
3.387500 0.000000251953
3.412500 0.000000665864
3.437500 0.000000254833
3.462500 0.000000268010
3.487500 0.000001046870
3.512500 0.000000291625
3.537500 0.000000292038
3.562500 0.000000607317
3.587500 0.000000270726
3.612500 0.000000300259
3.637500 0.000000241441
3.662500 0.000000976191
3.687500 0.000000291465
3.712500 0.000000515417
3.737500 0.000000299479
3.762500 0.000000304589
3.787500 0.000000254604
3.812500 0.000000832123
3.837500 0.000000350872
3.862500 0.000000295608
3.887500 0.000000554204
3.912500 0.000000303609
3.937500 0.000000275319
3.962500 0.000000293740
3.987500 0.000000781891
4.012500 0.000000339844
4.037500 0.000000537027
4.062500 0.000000316154
4.087500 0.000000312967
4.112500 0.000000338647
4.137500 0.000000673496
4.162500 0.000000340493
4.187500 0.000000516087
4.212500 0.000000336100
4.237500 0.000000302534
4.262500 0.000000317317
4.287500 0.000000313903
4.312500 0.000000676941
4.337500 0.000000486475
4.362500 0.000000337821
4.387500 0.000000336731
4.412500 0.000000354225
4.437500 0.000000364539
4.462500 0.000000591704
4.487500 0.000000553779
4.512500 0.000000375755
4.537500 0.000000453504
4.562500 0.000000352036
4.587500 0.000000429965
4.612500 0.000000422457
4.637500 0.000000788852
4.662500 0.000000433359
4.687500 0.000000385100
4.712500 0.000000391339
4.737500 0.000000376413
4.762500 0.000000396445
4.787500 0.000000708441
4.812500 0.000000407544
4.837500 0.000000398566
4.862500 0.000000393887
4.887500 0.000000416914
4.912500 0.000000392784
4.937500 0.000000523995
4.962500 0.000000591588
4.987500 0.000000421131
5.012500 0.000000421395
5.037500 0.000000414362
5.062500 0.000000431227
5.087500 0.000000535810
5.112500 0.000000580283
5.137500 0.000000473708
5.162500 0.000000435937
5.187500 0.000000445089
5.212500 0.000000434193
5.237500 0.000000517105
5.262500 0.000000441684
5.287500 0.000000609573
5.312500 0.000000466691
5.337500 0.000000470632
5.362500 0.000000478998
5.387500 0.000000571789
5.412500 0.000000498637
5.437500 0.000000624587
5.462500 0.000000503236
5.487500 0.000000519712
5.512500 0.000000476673
5.537500 0.000000576849
5.562500 0.000000485395
5.587500 0.000000509614
5.612500 0.000000631677
5.637500 0.000000500198
5.662500 0.000000545742
5.687500 0.000000574542
5.712500 0.000000537332
5.737500 0.000000538045
5.762500 0.000000637474
5.787500 0.000000585430
5.812500 0.000000533322
5.837500 0.000000559219
5.862500 0.000000631918
5.887500 0.000000569135
5.912500 0.000000575006
5.937500 0.000000687112
5.962500 0.000000573128
5.987500 0.000000578019
6.012500 0.000000655240
6.037500 0.000000587335
6.062500 0.000000586642
6.087500 0.000000657648
6.112500 0.000000584720
6.137500 0.000000591802
6.162500 0.000000658646
6.187500 0.000000588170
6.212500 0.000000614346
6.237500 0.000000581339
6.262500 0.000000661754
6.287500 0.000000607937
6.312500 0.000000668322
6.337500 0.000000652503
6.362500 0.000000634443
6.387500 0.000000653201
6.412500 0.000000700198
6.437500 0.000000664356
6.462500 0.000000685023
6.487500 0.000000646275
6.512500 0.000000684987
6.537500 0.000000672261
6.562500 0.000000681817
6.587500 0.000000739968
6.612500 0.000000715131
6.637500 0.000000707040
6.662500 0.000000702407
6.687500 0.000000733182
6.712500 0.000000729783
6.737500 0.000000730134
6.762500 0.000000732084
6.787500 0.000000949183
6.812500 0.000000768950
6.837500 0.000001304436
6.862500 0.000001502807
6.887500 0.000001979352
6.912500 0.000001276019
6.937500 0.000001324814
6.962500 0.000001237717
6.987500 0.000000864037
7.012500 0.000001031625
7.037500 0.000000770916
7.062500 0.000000875427
7.087500 0.000000852259
7.112500 0.000000779283
7.137500 0.000000786664
7.162500 0.000000778680
7.187500 0.000000790577
7.212500 0.000000797677
7.237500 0.000000857428
7.262500 0.000000804990
7.287500 0.000000785378
7.312500 0.000000826373
7.337500 0.000000806877
7.362500 0.000000835986
7.387500 0.000000868711
7.412500 0.000000832177
7.437500 0.000000786782
7.462500 0.000000820551
7.487500 0.000000816162
7.512500 0.000000852068
7.537500 0.000000865606
7.562500 0.000000922237
7.587500 0.000000907707
7.612500 0.000000922812
7.637500 0.000000936104
7.662500 0.000000850688
7.687500 0.000000916910
7.712500 0.000000891169
7.737500 0.000000877606
7.762500 0.000000875765
7.787500 0.000000860625
7.812500 0.000000870462
7.837500 0.000000875478
7.862500 0.000000847117
7.887500 0.000000894877
7.912500 0.000000867013
7.937500 0.000000896808
7.962500 0.000000852118
7.987500 0.000000919190
8.012500 0.000000894619
8.037500 0.000000887670
8.062500 0.000000910115
8.087500 0.000000904550
8.112500 0.000000899071
8.137500 0.000000921560
8.162500 0.000000910112
8.187500 0.000000924815
8.212500 0.000000942523
8.237500 0.000000928634
8.262500 0.000000917898
8.287500 0.000000971735
8.312500 0.000000932377
8.337500 0.000000943522
8.362500 0.000000944125
8.387500 0.000000954095
8.412500 0.000000970977
8.437500 0.000000953189
8.462500 0.000000963454
8.487500 0.000000970747
8.512500 0.000000959227
8.537500 0.000001044923
8.562500 0.000000969078
8.587500 0.000001058235
8.612500 0.000000981591
8.637500 0.000001024388
8.662500 0.000001007181
8.687500 0.000000990759
8.712500 0.000001014079
8.737500 0.000001019276
8.762500 0.000000984321
8.787500 0.000000999385
8.812500 0.000000992884
8.837500 0.000001001890
8.862500 0.000001019375
8.887500 0.000001035659
8.912500 0.000001029401
8.937500 0.000001016083
8.962500 0.000001036958
8.987500 0.000001048596
9.012500 0.000001020430
9.037500 0.000001084544
9.062500 0.000001055455
9.087500 0.000001090070
9.112500 0.000001068213
9.137500 0.000001096901
9.162500 0.000001072756
9.187500 0.000001090420
9.212500 0.000001099793
9.237500 0.000001047108
9.262500 0.000001070726
9.287500 0.000001060410
9.312500 0.000001057404
9.337500 0.000001108482
9.362500 0.000001197186
9.387500 0.000001114175
9.412500 0.000001170081
9.437500 0.000001344577
9.462500 0.000001224737
9.487500 0.000001159352
9.512500 0.000001211027
9.537500 0.000001177533
9.562500 0.000001127126
9.587500 0.000001117924
9.612500 0.000001136394
9.637500 0.000001117043
9.662500 0.000001166895
9.687500 0.000001163748
9.712500 0.000001174638
9.737500 0.000001190428
9.762500 0.000001153332
9.787500 0.000001148924
9.812500 0.000001154879
9.837500 0.000001124780
9.862500 0.000001159591
9.887500 0.000001146980
9.912500 0.000001182418
9.937500 0.000001174299
9.962500 0.000001182651
9.987500 0.000001161674
10.012500 0.000001179139
10.037500 0.000001205434
10.062500 0.000001255877
10.087500 0.000001188528
10.112500 0.000001191252
10.137500 0.000001198373
10.162500 0.000001213058
10.187500 0.000001316960
10.212500 0.000001510758
10.237500 0.000001303139
10.262500 0.000001410572
10.287500 0.000001722482
10.312500 0.000001385061
10.337500 0.000001256195
10.362500 0.000001351993
10.387500 0.000001259441
10.412500 0.000001241395
10.437500 0.000001243685
10.462500 0.000001253659
10.487500 0.000001309289
10.512500 0.000001352685
10.537500 0.000001267610
10.562500 0.000001362857
10.587500 0.000001259756
10.612500 0.000001282458
10.637500 0.000001249105
10.662500 0.000001281002
10.687500 0.000001285462
10.712500 0.000001311847
10.737500 0.000001270742
10.762500 0.000001261343
10.787500 0.000001272923
10.812500 0.000001244542
10.837500 0.000001267039
10.862500 0.000001273401
10.887500 0.000001239803
10.912500 0.000001279984
10.937500 0.000001266096
10.962500 0.000001279369
10.987500 0.000001319176
11.012500 0.000001314799
11.037500 0.000001332767
11.062500 0.000001317961
11.087500 0.000001309431
11.112500 0.000001319010
11.137500 0.000001352664
11.162500 0.000001386193
11.187500 0.000001367168
11.212500 0.000001425185
11.237500 0.000001466922
11.262500 0.000001450004
11.287500 0.000001415310
11.312500 0.000001385990
11.337500 0.000001322568
11.362500 0.000001310245
11.387500 0.000001363294
11.412500 0.000001315865
11.437500 0.000001381787
11.462500 0.000001435592
11.487500 0.000001436024
11.512500 0.000001325357
11.537500 0.000001376865
11.562500 0.000001346442
11.587500 0.000001332835
11.612500 0.000001384174
11.637500 0.000001422741
11.662500 0.000001395286
11.687500 0.000001391884
11.712500 0.000001433491
11.737500 0.000001513168
11.762500 0.000001460443
11.787500 0.000001581149
11.812500 0.000001394689
11.837500 0.000001488403
11.862500 0.000001487098
11.887500 0.000001569984
11.912500 0.000001642438
11.937500 0.000002333307
11.962500 0.000001601740
11.987500 0.000001641352
12.012500 0.000001574163
12.037500 0.000001436148
12.062500 0.000001514861
12.087500 0.000005569299
12.112500 0.000001487354
12.137500 0.000001557579
12.162500 0.000011127882
12.187500 0.000001532357
12.212500 0.000001524377
12.237500 0.000005432647
12.262500 0.000001496658
12.287500 0.000001634692
12.312500 0.000001900069
12.337500 0.000001673582
12.362500 0.000001602155
12.387500 0.000001844592
12.412500 0.000001792004
12.437500 0.000003126345
12.462500 0.000005383861
12.487500 0.000003726391
12.512500 0.000005336604
12.537500 0.000011867206
12.562500 0.000005798726
12.587500 0.000001741161
12.612500 0.000007666785
12.637500 0.000003251729
12.662500 0.000001676451
12.687500 0.000001783055
12.712500 0.000001651722
12.737500 0.000001535841
12.762500 0.000002122590
12.787500 0.000002036186
12.812500 0.000001674291
12.837500 0.000001606796
12.862500 0.000001557722
12.887500 0.000001548849
12.912500 0.000005032711
12.937500 0.000001884973
12.962500 0.000001619397
12.987500 0.000009847595
13.012500 0.000002159299
13.037500 0.000001678476
13.062500 0.000005088858
13.087500 0.000001816453
13.112500 0.000001636160
13.137500 0.000001628397
13.162500 0.000002143100
13.187500 0.000001764381
13.212500 0.000002105354
13.237500 0.000001728876
13.262500 0.000001877321
13.287500 0.000001682089
13.312500 0.000003283008
13.337500 0.000005218250
13.362500 0.000003619600
13.387500 0.000005430272
13.412500 0.000010374904
13.437500 0.000005400949
13.462500 0.000003640759
13.487500 0.000005119237
13.512500 0.000003251052
13.537500 0.000001980922
13.562500 0.000002085230
13.587500 0.000002008338
13.612500 0.000001862888
13.637500 0.000002644905
13.662500 0.000001871807
13.687500 0.000003595759
13.712500 0.000003629003
13.737500 0.000005390263
13.762500 0.000004467868
13.787500 0.000011312576
13.812500 0.000003482109
13.837500 0.000004372022
13.862500 0.000009201476
13.887500 0.000004179013
13.912500 0.000006764732
13.937500 0.000006243567
13.962500 0.000006580040
13.987500 0.000004448819
14.012500 0.000003735907
14.037500 0.000003920106
14.062500 0.000002723240
14.087500 0.000002766057
14.112500 0.000004426286
14.137500 0.000004960199
14.162500 0.000005002095
14.187500 0.000004121655
14.212500 0.000004073953
14.237500 0.000002907303
14.262500 0.000003022206
14.287500 0.000002363192
14.312500 0.000002008751
14.337500 0.000002248776
14.362500 0.000002300357
14.387500 0.000001973663
14.412500 0.000002075842
14.437500 0.000002522933
14.462500 0.000003369473
14.487500 0.000003635882
14.512500 0.000002681946
14.537500 0.000005752612
14.562500 0.000004097904
14.587500 0.000003528595
14.612500 0.000002790184
14.637500 0.000003719454
14.662500 0.000004758721
14.687500 0.000003793781
14.712500 0.000007825959
14.737500 0.000004293324
14.762500 0.000004433813
14.787500 0.000004494814
14.812500 0.000004450153
14.837500 0.000003613261
14.862500 0.000004861271
14.887500 0.000004483513
14.912500 0.000004009788
14.937500 0.000004098403
14.962500 0.000003142757
14.987500 0.000003523388
15.012500 0.000002174818
15.037500 0.000003912211
15.062500 0.000002591132
15.087500 0.000003929641
15.112500 0.000003257490
15.137500 0.000002986050
15.162500 0.000002436708
15.187500 0.000002212072
15.212500 0.000002249393
15.237500 0.000002257185
15.262500 0.000001790597
15.287500 0.000001969712
15.312500 0.000001921183
15.337500 0.000001787383
15.362500 0.000001696637
15.387500 0.000001754406
15.412500 0.000001681033
15.437500 0.000001721603
15.462500 0.000001728614
15.487500 0.000001676742
15.512500 0.000001703728
15.537500 0.000001627044
15.562500 0.000001737988
15.587500 0.000001612630
15.612500 0.000001733004
15.637500 0.000001779196
15.662500 0.000001630150
15.687500 0.000001694812
15.712500 0.000001812413
15.737500 0.000001724721
15.762500 0.000001639014
15.787500 0.000001682147
15.812500 0.000001666716
15.837500 0.000001660652
15.862500 0.000001899085
15.887500 0.000002032634
15.912500 0.000002058375
15.937500 0.000001910038
15.962500 0.000001959131
15.987500 0.000001967381
16.012500 0.000001755075
16.037500 0.000001646828
16.062500 0.000001589141
16.087500 0.000001618612
16.112500 0.000001623339
16.137500 0.000001606449
16.162500 0.000001607045
16.187500 0.000001634780
16.212500 0.000001627656
16.237500 0.000001591147
16.262500 0.000001680973
16.287500 0.000001577426
16.312500 0.000001601939
16.337500 0.000001644895
16.362500 0.000001563908
16.387500 0.000001623515
16.412500 0.000001610101
16.437500 0.000001595845
16.462500 0.000001623159
16.487500 0.000001668443
16.512500 0.000001801787
16.537500 0.000001702744
16.562500 0.000001917678
16.587500 0.000001775803
16.612500 0.000001806911
16.637500 0.000001733754
16.662500 0.000001699976
16.687500 0.000001654855
16.712500 0.000001674298
16.737500 0.000001667263
16.762500 0.000001729828
16.787500 0.000001676916
16.812500 0.000001673234
16.837500 0.000001828251
16.862500 0.000001774559
16.887500 0.000001698963
16.912500 0.000001732107
16.937500 0.000001675720
16.962500 0.000001616847
16.987500 0.000001609042
17.012500 0.000001625877
17.037500 0.000001585915
17.062500 0.000001619069
17.087500 0.000001579702
17.112500 0.000001581948
17.137500 0.000001545433
17.162500 0.000001582337
17.187500 0.000001561302
17.212500 0.000001558934
17.237500 0.000001559941
17.262500 0.000001553937
17.287500 0.000001566979
17.312500 0.000001597889
17.337500 0.000001609601
17.362500 0.000001619170
17.387500 0.000001627828
17.412500 0.000001610003
17.437500 0.000001608468
17.462500 0.000001603629
17.487500 0.000001573129
17.512500 0.000001625012
17.537500 0.000001597272
17.562500 0.000001595990
17.587500 0.000001620535
17.612500 0.000001577912
17.637500 0.000001606237
17.662500 0.000001653173
17.687500 0.000001626385
17.712500 0.000001602799
17.737500 0.000001709541
17.762500 0.000001665444
17.787500 0.000001604747
17.812500 0.000001646437
17.837500 0.000001615580
17.862500 0.000001651050
17.887500 0.000001699957
17.912500 0.000001656885
17.937500 0.000001747582
17.962500 0.000001680017
17.987500 0.000001916936
18.012500 0.000001643424
18.037500 0.000001625352
18.062500 0.000001754261
18.087500 0.000002276511
18.112500 0.000001532624
18.137500 0.000003422281
18.162500 0.000003315523
18.187500 0.000002251885
18.212500 0.000005997035
18.237500 0.000003987478
18.262500 0.000003390421
18.287500 0.000001570443
18.312500 0.000002248873
18.337500 0.000001753212
18.362500 0.000001638139
18.387500 0.000001578791
18.412500 0.000001921140
18.437500 0.000001626114
18.462500 0.000001761070
18.487500 0.000001666319
18.512500 0.000001908964
18.537500 0.000001708019
18.562500 0.000001689877
18.587500 0.000001645690
18.612500 0.000001588604
18.637500 0.000001580626
18.662500 0.000001525246
18.687500 0.000001604215
18.712500 0.000001536949
18.737500 0.000001536471
18.762500 0.000001567008
18.787500 0.000001536616
18.812500 0.000001526770
18.837500 0.000001585414
18.862500 0.000001556417
18.887500 0.000001546931
18.912500 0.000001575844
18.937500 0.000001558626
18.962500 0.000001633636
18.987500 0.000001699953
19.012500 0.000001659065
19.037500 0.000001656088
19.062500 0.000001869636
19.087500 0.000001926463
19.112500 0.000002058892
19.137500 0.000002761138
19.162500 0.000003981050
19.187500 0.000003648641
19.212500 0.000002897819
19.237500 0.000002708088
19.262500 0.000002911994
19.287500 0.000002198560
19.312500 0.000001818510
19.337500 0.000001863391
19.362500 0.000001738505
19.387500 0.000001710238
19.412500 0.000001776147
19.437500 0.000001703247
19.462500 0.000001695647
19.487500 0.000001652990
19.512500 0.000001684682
19.537500 0.000001591450
19.562500 0.000001655902
19.587500 0.000001549394
19.612500 0.000001548560
19.637500 0.000001546245
19.662500 0.000001549323
19.687500 0.000001537851
19.712500 0.000001521322
19.737500 0.000001530287
19.762500 0.000001552162
19.787500 0.000001539172
19.812500 0.000001673709
19.837500 0.000001579705
19.862500 0.000001688714
19.887500 0.000001596560
19.912500 0.000001600202
19.937500 0.000001566355
19.962500 0.000001511983
19.987500 0.000001487635
20.012500 0.000001502223
20.037500 0.000001476984
20.062500 0.000001500122
20.087500 0.000001491955
20.112500 0.000001465092
20.137500 0.000001532768
20.162500 0.000001469147
20.187500 0.000001503249
20.212500 0.000001488709
20.237500 0.000001475185
20.262500 0.000001493794
20.287500 0.000001499431
20.312500 0.000001526847
20.337500 0.000001610706
20.362500 0.000001583122
20.387500 0.000001706087
20.412500 0.000001514660
20.437500 0.000001641336
20.462500 0.000001522691
20.487500 0.000001546778
20.512500 0.000001501372
20.537500 0.000001486422
20.562500 0.000001514444
20.587500 0.000001469763
20.612500 0.000001500081
20.637500 0.000001509308
20.662500 0.000001489272
20.687500 0.000001466043
20.712500 0.000001473584
20.737500 0.000001460308
20.762500 0.000001462362
20.787500 0.000001448989
20.812500 0.000001474893
20.837500 0.000001463076
20.862500 0.000001460140
20.887500 0.000001460925
20.912500 0.000001476068
20.937500 0.000001456845
20.962500 0.000001494051
20.987500 0.000001505171
21.012500 0.000001508739
21.037500 0.000001507781
21.062500 0.000001513159
21.087500 0.000001515886
21.112500 0.000001485846
21.137500 0.000001501122
21.162500 0.000001484494
21.187500 0.000001461166
21.212500 0.000001486825
21.237500 0.000001478144
21.262500 0.000001487890
21.287500 0.000001541630
21.312500 0.000001507211
21.337500 0.000001503075
21.362500 0.000001485184
21.387500 0.000001515017
21.412500 0.000001478944
21.437500 0.000001573797
21.462500 0.000001564226
21.487500 0.000001529648
21.512500 0.000001645747
21.537500 0.000001535255
21.562500 0.000001642299
21.587500 0.000001492568
21.612500 0.000001812438
21.637500 0.000001562620
21.662500 0.000001548924
21.687500 0.000002793838
21.712500 0.000001545289
21.737500 0.000003652708
21.762500 0.000001501468
21.787500 0.000002817553
21.812500 0.000001493874
21.837500 0.000001807657
21.862500 0.000001519420
21.887500 0.000001542797
21.912500 0.000001641043
21.937500 0.000001525113
21.962500 0.000001649466
21.987500 0.000001560364
22.012500 0.000001615825
22.037500 0.000001672712
22.062500 0.000001491206
22.087500 0.000001579634
22.112500 0.000001637039
22.137500 0.000001832058
22.162500 0.000002048752
22.187500 0.000002236117
22.212500 0.000001746521
22.237500 0.000003041872
22.262500 0.000001863135
22.287500 0.000002190896
22.312500 0.000002165916
22.337500 0.000001831109
22.362500 0.000001893028
22.387500 0.000001781518
22.412500 0.000002427023
22.437500 0.000002629865
22.462500 0.000003250307
22.487500 0.000002412464
22.512500 0.000003118936
22.537500 0.000003005771
22.562500 0.000002866807
22.587500 0.000002644190
22.612500 0.000002561578
22.637500 0.000002726699
22.662500 0.000002281457
22.687500 0.000002273170
22.712500 0.000003623768
22.737500 0.000002612444
22.762500 0.000003456303
22.787500 0.000002841015
22.812500 0.000002923772
22.837500 0.000004154072
22.862500 0.000003174738
22.887500 0.000003387391
22.912500 0.000002481581
22.937500 0.000004099052
22.962500 0.000002188701
22.987500 0.000002549178
23.012500 0.000002325030
23.037500 0.000001949109
23.062500 0.000001809455
23.087500 0.000001786226
23.112500 0.000001826708
23.137500 0.000001989473
23.162500 0.000001905766
23.187500 0.000001922439
23.212500 0.000002023185
23.237500 0.000001997876
23.262500 0.000003211168
23.287500 0.000002164219
23.312500 0.000003658300
23.337500 0.000002395499
23.362500 0.000002745649
23.387500 0.000002389528
23.412500 0.000002065155
23.437500 0.000001919102
23.462500 0.000001714867
23.487500 0.000001921269
23.512500 0.000002394206
23.537500 0.000002498229
23.562500 0.000001867934
23.587500 0.000002398911
23.612500 0.000002225506
23.637500 0.000001909086
23.662500 0.000001667217
23.687500 0.000001653991
23.712500 0.000001601285
23.737500 0.000001681733
23.762500 0.000001468054
23.787500 0.000001450612
23.812500 0.000001433191
23.837500 0.000001417336
23.862500 0.000001472757
23.887500 0.000001457073
23.912500 0.000001640727
23.937500 0.000001409537
23.962500 0.000001514389
23.987500 0.000001458088
24.012500 0.000001538742
24.037500 0.000001409222
24.062500 0.000001635738
24.087500 0.000001425377
24.112500 0.000001377904
24.137500 0.000001416955
24.162500 0.000001494873
24.187500 0.000001379013
24.212500 0.000001388374
24.237500 0.000001699623
24.262500 0.000001399554
24.287500 0.000001427522
24.312500 0.000001566051
24.337500 0.000001430050
24.362500 0.000001476329
24.387500 0.000001864661
24.412500 0.000001422596
24.437500 0.000001419687
24.462500 0.000001629756
24.487500 0.000001409499
24.512500 0.000001413351
24.537500 0.000001420369
24.562500 0.000002147388
24.587500 0.000001416782
24.612500 0.000001847683
24.637500 0.000001468232
24.662500 0.000001528511
24.687500 0.000001505946
24.712500 0.000003050106
24.737500 0.000001515150
24.762500 0.000002246812
24.787500 0.000001564542
24.812500 0.000001524470
24.837500 0.000001436569
24.862500 0.000001371879
24.887500 0.000005959477
24.912500 0.000001417942
24.937500 0.000004443615
24.962500 0.000002863735
24.987500 0.000001403063
25.012500 0.000003935381
25.037500 0.000038359016
25.062500 0.000003238898
25.087500 0.000019742171
25.112500 0.000002140087
25.137500 0.000001505151
25.162500 0.000001528976
25.187500 0.000001575044
25.212500 0.000001662659
25.237500 0.000001656682
25.262500 0.000001609643
25.287500 0.000001549459
25.312500 0.000001484028
25.337500 0.000002044251
25.362500 0.000001498678
25.387500 0.000002580264
25.412500 0.000002983418
25.437500 0.000003883867
25.462500 0.000001705699
25.487500 0.000002910031
25.512500 0.000002649407
25.537500 0.000001647049
25.562500 0.000002019554
25.587500 0.000001544474
25.612500 0.000001967113
25.637500 0.000001947998
25.662500 0.000002207426
25.687500 0.000002603414
25.712500 0.000002614297
25.737500 0.000002956451
25.762500 0.000003363542
25.787500 0.000002545984
25.812500 0.000003214951
25.837500 0.000002471470
25.862500 0.000002822674
25.887500 0.000002458261
25.912500 0.000002115281
25.937500 0.000002270406
25.962500 0.000001894796
25.987500 0.000001802324
26.012500 0.000001675802
26.037500 0.000001828546
26.062500 0.000002003995
26.087500 0.000002374712
26.112500 0.000002628305
26.137500 0.000002535343
26.162500 0.000003305181
26.187500 0.000002937593
26.212500 0.000003469909
26.237500 0.000002808719
26.262500 0.000003296627
26.287500 0.000003196385
26.312500 0.000002894046
26.337500 0.000003088813
26.362500 0.000003464702
26.387500 0.000002560595
26.412500 0.000002636797
26.437500 0.000001863033
26.462500 0.000002055974
26.487500 0.000001669848
26.512500 0.000001697919
26.537500 0.000001640013
26.562500 0.000001566263
26.587500 0.000001610413
26.612500 0.000001563902
26.637500 0.000001579435
26.662500 0.000001573969
26.687500 0.000001542736
26.712500 0.000001531426
26.737500 0.000001587565
26.762500 0.000001542157
26.787500 0.000001674021
26.812500 0.000001491034
26.837500 0.000001571424
26.862500 0.000001587840
26.887500 0.000001558926
26.912500 0.000001493602
26.937500 0.000001519339
26.962500 0.000001506923
26.987500 0.000001502719
27.012500 0.000001477571
27.037500 0.000001486472
27.062500 0.000001505217
27.087500 0.000001523447
27.112500 0.000001536568
27.137500 0.000001491048
27.162500 0.000001484107
27.187500 0.000001557905
27.212500 0.000001608111
27.237500 0.000001626516
27.262500 0.000001567644
27.287500 0.000001613028
27.312500 0.000001576395
27.337500 0.000001600688
27.362500 0.000001603747
27.387500 0.000001559287
27.412500 0.000001620717
27.437500 0.000001546139
27.462500 0.000001562687
27.487500 0.000001556901
27.512500 0.000001531374
27.537500 0.000001580736
27.562500 0.000001475527
27.587500 0.000001546515
27.612500 0.000001483684
27.637500 0.000001528952
27.662500 0.000001549722
27.687500 0.000001669279
27.712500 0.000001459781
27.737500 0.000001681727
27.762500 0.000001504154
27.787500 0.000001544354
27.812500 0.000002094199
27.837500 0.000002907457
27.862500 0.000002130071
27.887500 0.000001600900
27.912500 0.000001622977
27.937500 0.000001787560
27.962500 0.000001529203
27.987500 0.000001648901
28.012500 0.000001979399
28.037500 0.000003083956
28.062500 0.000002160539
28.087500 0.000001618423
28.112500 0.000001626803
28.137500 0.000001536317
28.162500 0.000001514244
28.187500 0.000002119006
28.212500 0.000002984893
28.237500 0.000002083802
28.262500 0.000001575414
28.287500 0.000001550663
28.312500 0.000001708208
28.337500 0.000001594945
28.362500 0.000001594446
28.387500 0.000001681107
28.412500 0.000002044850
28.437500 0.000003082426
28.462500 0.000002058039
28.487500 0.000001678213
28.512500 0.000001532568
28.537500 0.000001628867
28.562500 0.000001858080
28.587500 0.000002199149
28.612500 0.000002354978
28.637500 0.000001510794
28.662500 0.000001792232
28.687500 0.000001546707
28.712500 0.000001530582
28.737500 0.000001508609
28.762500 0.000001501832
28.787500 0.000001587091
28.812500 0.000001700758
28.837500 0.000001621756
28.862500 0.000002368543
28.887500 0.000001473174
28.912500 0.000003067987
28.937500 0.000001622760
28.962500 0.000003268357
28.987500 0.000001618585
29.012500 0.000002189711
29.037500 0.000001565140
29.062500 0.000001643421
29.087500 0.000001561333
29.112500 0.000001441206
29.137500 0.000001503541
29.162500 0.000001447946
29.187500 0.000001454527
29.212500 0.000001445868
29.237500 0.000001425377
29.262500 0.000001488805
29.287500 0.000001459712
29.312500 0.000001591476
29.337500 0.000001583105
29.362500 0.000001690217
29.387500 0.000001567286
29.412500 0.000001587661
29.437500 0.000001475882
29.462500 0.000001467467
29.487500 0.000001379789
29.512500 0.000001409554
29.537500 0.000001411060
29.562500 0.000001356763
29.587500 0.000001450119
29.612500 0.000001384561
29.637500 0.000001409564
29.662500 0.000001410388
29.687500 0.000001434087
29.712500 0.000001475603
29.737500 0.000001387888
29.762500 0.000001434938
29.787500 0.000001417249
29.812500 0.000001393091
29.837500 0.000001363891
29.862500 0.000001372654
29.887500 0.000001384063
29.912500 0.000001374891
29.937500 0.000001356623
29.962500 0.000001353589
29.987500 0.000001329278
30.012500 0.000001355409
30.037500 0.000001331116
30.062500 0.000001357721
30.087500 0.000001331863
30.112500 0.000001350359
30.137500 0.000001347092
30.162500 0.000001310902
30.187500 0.000001329574
30.212500 0.000001299408
30.237500 0.000001325302
30.262500 0.000001316146
30.287500 0.000001350241
30.312500 0.000001327386
30.337500 0.000001358646
30.362500 0.000001331659
30.387500 0.000001329755
30.412500 0.000001332909
30.437500 0.000001303184
30.462500 0.000001315589
30.487500 0.000001308779
30.512500 0.000001307113
30.537500 0.000001328352
30.562500 0.000001357954
30.587500 0.000001386054
30.612500 0.000001420512
30.637500 0.000001423652
30.662500 0.000001343429
30.687500 0.000001377108
30.712500 0.000001387029
30.737500 0.000001373698
30.762500 0.000001381000
30.787500 0.000001351288
30.812500 0.000001396907
30.837500 0.000001352250
30.862500 0.000001539448
30.887500 0.000001405386
30.912500 0.000001653630
30.937500 0.000001839844
30.962500 0.000001966395
30.987500 0.000002464161
31.012500 0.000001999689
31.037500 0.000001881286
31.062500 0.000001711501
31.087500 0.000001579130
31.112500 0.000002029134
31.137500 0.000002415385
31.162500 0.000002605733
31.187500 0.000002927646
31.212500 0.000002739190
31.237500 0.000002646349
31.262500 0.000001782383
31.287500 0.000002161700
31.312500 0.000001763639
31.337500 0.000002001737
31.362500 0.000002264164
31.387500 0.000002481675
31.412500 0.000003574477
31.437500 0.000004469962
31.462500 0.000002972512
31.487500 0.000004321869
31.512500 0.000002983738
31.537500 0.000003958921
31.562500 0.000002801694
31.587500 0.000002858711
31.612500 0.000002258829
31.637500 0.000001982597
31.662500 0.000001847084
31.687500 0.000001586930
31.712500 0.000002534815
31.737500 0.000002371506
31.762500 0.000003201763
31.787500 0.000002369633
31.812500 0.000003967820
31.837500 0.000003502266
31.862500 0.000002281829
31.887500 0.000001948880
31.912500 0.000001738021
31.937500 0.000001578950
31.962500 0.000001488692
31.987500 0.000001316039
32.012500 0.000001364999
32.037500 0.000001317382
32.062500 0.000001317474
32.087500 0.000001321406
32.112500 0.000001276215
32.137500 0.000001253302
32.162500 0.000001267428
32.187500 0.000001271439
32.212500 0.000001209291
32.237500 0.000001202100
32.262500 0.000001206855
32.287500 0.000001196133
32.312500 0.000001208832
32.337500 0.000001179774
32.362500 0.000001197480
32.387500 0.000001187042
32.412500 0.000001204379
32.437500 0.000001184860
32.462500 0.000001214054
32.487500 0.000001160906
32.512500 0.000001181585
32.537500 0.000001171255
32.562500 0.000001170086
32.587500 0.000001170594
32.612500 0.000001169725
32.637500 0.000001175037
32.662500 0.000001197607
32.687500 0.000001206317
32.712500 0.000001190475
32.737500 0.000001233071
32.762500 0.000001212585
32.787500 0.000001290908
32.812500 0.000001249320
32.837500 0.000001376669
32.862500 0.000001214051
32.887500 0.000001367038
32.912500 0.000001251473
32.937500 0.000001202809
32.962500 0.000001262258
32.987500 0.000001257507
33.012500 0.000001181392
33.037500 0.000001300374
33.062500 0.000001319664
33.087500 0.000001194147
33.112500 0.000001366529
33.137500 0.000001760146
33.162500 0.000001210080
33.187500 0.000002148713
33.212500 0.000001871203
33.237500 0.000001281508
33.262500 0.000001449363
33.287500 0.000001336954
33.312500 0.000001256885
33.337500 0.000001315101
33.362500 0.000001408978
33.387500 0.000001239591
33.412500 0.000001436752
33.437500 0.000001530738
33.462500 0.000001708719
33.487500 0.000001997600
33.512500 0.000001682041
33.537500 0.000001540913
33.562501 0.000001433282
33.587501 0.000001231123
33.612501 0.000001243904
33.637501 0.000001311051
33.662501 0.000001299601
33.687501 0.000001269589
33.712501 0.000001242486
33.737501 0.000001391536
33.762501 0.000001543421
33.787501 0.000001651874
33.812501 0.000002266726
33.837501 0.000001909047
33.862501 0.000001217294
33.887501 0.000001301250
33.912501 0.000001174234
33.937501 0.000001163096
33.962501 0.000001264278
33.987501 0.000001185212
34.012501 0.000001135620
34.037501 0.000001170084
34.062501 0.000001214016
34.087501 0.000001157805
34.112501 0.000001127504
34.137501 0.000001117356
34.162501 0.000001161086
34.187501 0.000001178041
34.212501 0.000001156673
34.237501 0.000001100997
34.262501 0.000001137957
34.287501 0.000001223046
34.312501 0.000001235498
34.337501 0.000001115285
34.362501 0.000001137216
34.387501 0.000001287628
34.412501 0.000001214997
34.437501 0.000001144119
34.462501 0.000001152711
34.487501 0.000001214174
34.512501 0.000001238752
34.537501 0.000001240906
34.562501 0.000001129916
34.587501 0.000001238671
34.612501 0.000001289186
34.637501 0.000001291991
34.662501 0.000001172365
34.687501 0.000001367592
34.712501 0.000001109423
34.737501 0.000001345222
34.762501 0.000001369665
34.787501 0.000001123901
34.812501 0.000001311559
34.837501 0.000001447053
34.862501 0.000001401212
34.887501 0.000001266190
34.912501 0.000001379095
34.937501 0.000001124236
34.962501 0.000001664230
34.987501 0.000001693036
35.012501 0.000001620276
35.037501 0.000001177382
35.062501 0.000002034725
35.087501 0.000001883827
35.112501 0.000002181479
35.137501 0.000001211430
35.162501 0.000001235202
35.187501 0.000002951693
35.212501 0.000003056287
35.237501 0.000002790415
35.262501 0.000001375020
35.287501 0.000001419918
35.312501 0.000005631722
35.337501 0.000010441733
35.362501 0.000002392575
35.387501 0.000002802710
35.412501 0.000023512851
35.437501 0.000042869234
35.462501 0.000002674899
35.487501 0.000001934597
35.512501 0.000001303110
35.537501 0.000001462531
35.562501 0.000001521201
35.587501 0.000001593448
35.612501 0.000001593066
35.637501 0.000001863006
35.662501 0.000001483122
35.687501 0.000003670114
35.712501 0.000001689012
35.737501 0.000004697781
35.762501 0.000002415875
35.787501 0.000002402012
35.812501 0.000001701949
35.837501 0.000001213820
35.862501 0.000001172106
35.887501 0.000001329377
35.912501 0.000001151442
35.937501 0.000001149499
35.962501 0.000001091291
35.987501 0.000001140384
36.012501 0.000001092927
36.037501 0.000001057018
36.062501 0.000001099477
36.087501 0.000001088728
36.112501 0.000001060577
36.137501 0.000001065487
36.162501 0.000001076073
36.187501 0.000001076471
36.212501 0.000001081792
36.237501 0.000001040170
36.262501 0.000001077986
36.287501 0.000001068341
36.312501 0.000001055030
36.337501 0.000001084644
36.362501 0.000001038246
36.387501 0.000001107357
36.412501 0.000001020737
36.437501 0.000001062137
36.462501 0.000001008877
36.487501 0.000001057669
36.512501 0.000001019446
36.537501 0.000001051202
36.562501 0.000001044487
36.587501 0.000001048198
36.612501 0.000001105076
36.637501 0.000001029301
36.662501 0.000001173150
36.687501 0.000001086801
36.712501 0.000001059231
36.737501 0.000001016076
36.762501 0.000000998348
36.787501 0.000001011510
36.812501 0.000000991213
36.837501 0.000001001239
36.862501 0.000000984723
36.887501 0.000000975983
36.912501 0.000000981950
36.937501 0.000000978262
36.962501 0.000000936452
36.987501 0.000001021047
37.012501 0.000001000300
37.037501 0.000001071438
37.062501 0.000000954335
37.087501 0.000001016190
37.112501 0.000001002066
37.137501 0.000000941873
37.162501 0.000000916379
37.187501 0.000000953688
37.212501 0.000000981836
37.237501 0.000001047760
37.262501 0.000001006478
37.287501 0.000000940787
37.312501 0.000001085046
37.337501 0.000001189925
37.362501 0.000001078017
37.387501 0.000000887780
37.412501 0.000001547488
37.437501 0.000002319087
37.462501 0.000001416225
37.487501 0.000000925743
37.512501 0.000001021502
37.537501 0.000000915326
37.562501 0.000000849077
37.587501 0.000000963592
37.612501 0.000001141126
37.637501 0.000001013065
37.662501 0.000000819172
37.687501 0.000001514129
37.712501 0.000000810938
37.737501 0.000002446910
37.762501 0.000001522009
37.787501 0.000000803620
37.812501 0.000000877481
37.837501 0.000000801657
37.862501 0.000000821091
37.887501 0.000000780799
37.912501 0.000000811416
37.937501 0.000000766006
37.962501 0.000000780748
37.987501 0.000000756796
38.012501 0.000000764538
38.037501 0.000000739914
38.062501 0.000000742535
38.087501 0.000000758678
38.112501 0.000000743181
38.137501 0.000000737243
38.162501 0.000000724915
38.187501 0.000000733557
38.212501 0.000000706541
38.237501 0.000000776302
38.262501 0.000000729656
38.287501 0.000000904698
38.312501 0.000000745248
38.337501 0.000001020718
38.362501 0.000000836352
38.387501 0.000000765961
38.412501 0.000000727140
38.437501 0.000000642500
38.462501 0.000000663062
38.487501 0.000000640763
38.512501 0.000000658883
38.537501 0.000000640895
38.562501 0.000000639676
38.587501 0.000000610324
38.612501 0.000000664241
38.637501 0.000000604211
38.662501 0.000000678796
38.687501 0.000000648754
38.712501 0.000000580220
38.737501 0.000000601398
38.762501 0.000000576286
38.787501 0.000000582645
38.812501 0.000000570033
38.837501 0.000000558086
38.862501 0.000000556825
38.887501 0.000000548223
38.912501 0.000000553660
38.937501 0.000000545428
38.962501 0.000000544081
38.987501 0.000000534130
39.012501 0.000000519037
39.037501 0.000000524195
39.062501 0.000000511357
39.087501 0.000000488620
39.112501 0.000000487642
39.137501 0.000000482419
39.162501 0.000000480943
39.187501 0.000000489680
39.212501 0.000000488120
39.237501 0.000000481049
39.262501 0.000000470902
39.287501 0.000000458437
39.312501 0.000000469050
39.337501 0.000000470746
39.362501 0.000000473947
39.387501 0.000000459355
39.412501 0.000000463128
39.437501 0.000000435728
39.462501 0.000000453918
39.487501 0.000000435988
39.512501 0.000000429539
39.537501 0.000000432637
39.562501 0.000000423163
39.587501 0.000000415886
39.612501 0.000000404581
39.637501 0.000000433266
39.662501 0.000000398196
39.687501 0.000000428478
39.712501 0.000000399852
39.737501 0.000000414250
39.762501 0.000000402655
39.787501 0.000000398631
39.812501 0.000000390545
39.837501 0.000000384473
39.862501 0.000000374171
39.887501 0.000000366267
39.912501 0.000000391523
39.937501 0.000000360234
39.962501 0.000000372928
39.987501 0.000000371655
