0.000000000000000000e+00 2.556100477570501680e+05
8.749999999999999445e-02 2.141539233273399586e+05
1.125000000000000028e-01 1.508689067863294040e+05
1.375000000000000111e-01 9.003557412981905509e+04
1.625000000000000056e-01 4.616826568676337774e+04
1.875000000000000000e-01 2.111777423460155478e+04
2.124999999999999944e-01 9.593673217768086033e+03
2.374999999999999889e-01 5.210707266426014030e+03
2.625000000000000111e-01 3.512991751107585515e+03
2.874999999999999778e-01 2.445703347597264838e+03
3.125000000000000000e-01 1.554872704676454305e+03
3.375000000000000222e-01 9.497167420455438105e+02
3.624999999999999889e-01 6.747777315371542954e+02
3.875000000000000111e-01 5.945117119883339001e+02
4.124999999999999778e-01 5.396225211237461963e+02
4.375000000000000000e-01 4.354876765106958487e+02
4.625000000000000222e-01 3.088292823492918160e+02
4.874999999999999889e-01 2.161082777109254494e+02
5.124999999999999556e-01 1.785663176340119094e+02
5.374999999999999778e-01 1.732806441345131248e+02
5.625000000000000000e-01 1.648016155665104918e+02
5.875000000000000222e-01 1.369472081830344052e+02
6.125000000000000444e-01 9.899943946698127206e+01
6.374999999999999556e-01 6.898639906003947431e+01
6.624999999999999778e-01 5.568186225379783139e+01
6.875000000000000000e-01 5.476263919567908545e+01
7.125000000000000222e-01 5.629451107286094214e+01
7.375000000000000444e-01 5.308089681075659172e+01
7.624999999999999556e-01 4.440933937012481181e+01
7.874999999999999778e-01 3.462612403612741474e+01
8.125000000000000000e-01 2.848557230476135160e+01
8.375000000000000222e-01 2.714543453426897912e+01
8.625000000000000444e-01 2.793322943158330673e+01
8.874999999999999556e-01 2.726577880920483565e+01
9.124999999999999778e-01 2.372024551111658397e+01
9.375000000000000000e-01 1.868868700973335351e+01
9.625000000000000222e-01 1.449283189657938919e+01
9.875000000000000444e-01 1.232051492383353875e+01
1.012499999999999956e+00 1.184790892145353070e+01
1.037500000000000089e+00 1.204943300306347354e+01
1.062500000000000000e+00 1.193134209071898511e+01
1.087499999999999911e+00 1.104708693426958632e+01
1.112500000000000044e+00 9.711696861337422604e+00
1.137499999999999956e+00 8.613476123727496159e+00
1.162500000000000089e+00 8.138969060779539078e+00
1.187500000000000000e+00 8.081988569994543070e+00
1.212499999999999911e+00 7.877057876706635930e+00
1.237500000000000044e+00 7.132202228191419024e+00
1.262499999999999956e+00 5.956124203914069604e+00
1.287500000000000089e+00 4.785050266582080880e+00
1.312500000000000000e+00 4.024322770864800169e+00
1.337499999999999911e+00 3.854321969230588341e+00
1.362500000000000044e+00 4.136542936195112929e+00
1.387499999999999956e+00 4.439811063516963863e+00
1.412500000000000089e+00 4.349647672749648919e+00
1.437500000000000000e+00 3.837146522524653935e+00
1.462499999999999911e+00 3.265677335822729788e+00
1.487500000000000044e+00 3.020650039639296125e+00
1.512499999999999956e+00 3.142061098993695900e+00
1.537500000000000089e+00 3.304230491911661183e+00
1.562500000000000000e+00 3.150694583634755741e+00
1.587499999999999911e+00 2.627102249758482166e+00
1.612500000000000044e+00 1.997717693883466428e+00
1.637499999999999956e+00 1.607540955151280482e+00
1.662500000000000089e+00 1.623940323287985654e+00
1.687500000000000000e+00 1.915678637608619450e+00
1.712499999999999911e+00 2.148248936545960497e+00
1.737500000000000044e+00 2.064861809104458157e+00
1.762499999999999956e+00 1.710776008498860357e+00
1.787500000000000089e+00 1.367674818878398701e+00
1.812500000000000000e+00 1.271259111126332497e+00
1.837499999999999911e+00 1.405794519884459248e+00
1.862500000000000044e+00 1.548819924163866268e+00
1.887499999999999956e+00 1.494130817878310813e+00
1.912500000000000089e+00 1.228937583026538327e+00
1.937500000000000000e+00 9.183706083967253520e-01
1.962499999999999911e+00 7.540574136386835047e-01
1.987500000000000044e+00 8.122706128642253054e-01
2.012500000000000178e+00 1.005283944832884302e+00
2.037500000000000089e+00 1.147240321308810262e+00
2.062500000000000000e+00 1.105259964349926349e+00
2.087499999999999911e+00 9.139264027447508987e-01
2.112499999999999822e+00 7.338087751507619272e-01
2.137500000000000178e+00 6.944559755531030110e-01
2.162500000000000089e+00 7.814955079155825324e-01
2.187500000000000000e+00 8.643698792173650780e-01
2.212499999999999911e+00 8.264044876519088811e-01
2.237499999999999822e+00 6.694709020851470349e-01
2.262500000000000178e+00 5.008364687174436947e-01
2.287500000000000089e+00 4.329551481425305548e-01
2.312500000000000000e+00 4.944916112675754594e-01
2.337499999999999911e+00 6.126077187645477817e-01
2.362499999999999822e+00 6.730231942913944554e-01
2.387500000000000178e+00 6.186880762348505591e-01
2.412500000000000089e+00 4.998311114450852966e-01
2.437500000000000000e+00 4.203948427513822250e-01
2.462499999999999911e+00 4.369960769936971912e-01
2.487499999999999822e+00 5.111300665028298829e-01
2.512500000000000178e+00 5.520597854335638210e-01
2.537500000000000089e+00 5.050755235309076774e-01
2.562500000000000000e+00 3.993943752161427940e-01
2.587499999999999911e+00 3.133917569283603544e-01
2.612499999999999822e+00 3.031095543246991597e-01
2.637500000000000178e+00 3.615883369091444921e-01
2.662500000000000089e+00 4.304423632980708403e-01
2.687500000000000000e+00 4.479726111185153847e-01
2.712499999999999911e+00 4.004027121031477621e-01
2.737499999999999822e+00 3.312950700063806986e-01
2.762500000000000178e+00 2.977017035702838044e-01
2.787500000000000089e+00 3.168586404265666401e-01
2.812500000000000000e+00 3.549520462311793745e-01
2.837499999999999911e+00 3.634428396270013017e-01
2.862499999999999822e+00 3.256084489124927428e-01
2.887500000000000178e+00 2.683576983706577046e-01
2.912500000000000089e+00 2.326217781989624589e-01
2.937500000000000000e+00 2.374316478173852107e-01
2.962499999999999911e+00 2.698185382207840544e-01
2.987499999999999822e+00 2.998190053988050163e-01
3.012500000000000178e+00 3.037299812536788934e-01
3.037500000000000089e+00 2.811782687549016502e-01
3.062500000000000000e+00 2.539949404770455166e-01
3.087499999999999911e+00 2.455864124230243972e-01
3.112499999999999822e+00 2.597761322667569428e-01
3.137500000000000178e+00 2.794895113326599789e-01
3.162500000000000089e+00 2.841668565443949968e-01
3.187500000000000000e+00 2.684275047836421901e-01
3.212499999999999911e+00 2.449399159776849688e-01
3.237499999999999822e+00 2.303482789325204394e-01
3.262500000000000178e+00 2.311077333086386520e-01
3.287500000000000089e+00 2.421791667399240677e-01
3.312500000000000000e+00 2.534546535323412009e-01
3.337499999999999911e+00 2.556743989959824326e-01
3.362499999999999822e+00 2.461238735481268702e-01
3.387500000000000178e+00 2.312347877397816498e-01
3.412500000000000089e+00 2.211744605730118773e-01
3.437500000000000000e+00 2.209453422550820001e-01
3.462499999999999911e+00 2.267772637206849351e-01
3.487499999999999822e+00 2.299120237597444827e-01
3.512500000000000178e+00 2.244977307842193071e-01
3.537500000000000089e+00 2.122338891574955255e-01
3.562500000000000000e+00 1.999321440517039250e-01
3.587499999999999911e+00 1.944471784567937400e-01
3.612499999999999822e+00 1.990099750727300776e-01
3.637500000000000178e+00 2.103297717018179358e-01
3.662500000000000089e+00 2.192137992596817631e-01
3.687500000000000000e+00 2.178797826277849015e-01
3.712499999999999911e+00 2.075278306444959531e-01
3.737499999999999822e+00 1.971545003090087733e-01
3.762500000000000178e+00 1.948189480313435862e-01
3.787500000000000089e+00 2.004557837166057732e-01
3.812500000000000000e+00 2.068103987626980778e-01
3.837499999999999911e+00 2.070563258914186466e-01
3.862499999999999822e+00 2.006363153535761779e-01
3.887500000000000178e+00 1.922839253859014441e-01
3.912500000000000089e+00 1.879323868316356561e-01
3.937500000000000000e+00 1.912865229101541331e-01
3.962499999999999911e+00 2.009251079293331022e-01
3.987499999999999822e+00 2.101068034656842776e-01
4.012500000000000178e+00 2.120727360526393213e-01
4.037499999999999645e+00 2.063857010469424824e-01
4.062500000000000000e+00 1.991635262109022197e-01
4.087500000000000355e+00 1.969842691409686708e-01
4.112499999999999822e+00 2.007737805845942747e-01
4.137500000000000178e+00 2.053298287315171167e-01
4.162499999999999645e+00 2.045915784141994209e-01
4.187500000000000000e+00 1.972242142743470539e-01
4.212500000000000355e+00 1.876708280934795969e-01
4.237499999999999822e+00 1.827436050556778824e-01
4.262500000000000178e+00 1.864129068756540386e-01
4.287499999999999645e+00 1.961373671427125709e-01
4.312500000000000000e+00 2.042846773165538088e-01
4.337500000000000355e+00 2.048543921194468931e-01
4.362499999999999822e+00 1.992413813826546254e-01
4.387500000000000178e+00 1.947123286612553184e-01
4.412499999999999645e+00 1.972479145991812843e-01
4.437500000000000000e+00 2.062192514387155007e-01
4.462500000000000355e+00 2.154257870457000623e-01
4.487499999999999822e+00 2.189764648334356911e-01
4.512500000000000178e+00 2.164306153069773808e-01
4.537499999999999645e+00 2.127803962413664651e-01
4.562500000000000000e+00 2.138504813064201482e-01
4.587500000000000355e+00 2.211908768285841265e-01
4.612499999999999822e+00 2.302682600425228210e-01
4.637500000000000178e+00 2.338656472879111492e-01
4.662499999999999645e+00 2.286665560343164039e-01
4.687500000000000000e+00 2.187297831941669712e-01
4.712500000000000355e+00 2.117897147888342935e-01
4.737499999999999822e+00 2.121608874613492568e-01
4.762500000000000178e+00 2.172694939332340813e-01
4.787499999999999645e+00 2.206853461601902822e-01
4.812500000000000000e+00 2.184744135286185440e-01
4.837500000000000355e+00 2.126451528665734281e-01
4.862499999999999822e+00 2.086256485800382365e-01
4.887500000000000178e+00 2.101452572554776133e-01
4.912499999999999645e+00 2.163904787666696694e-01
4.937500000000000000e+00 2.229774104370708665e-01
4.962500000000000355e+00 2.255741046552228180e-01
4.987499999999999822e+00 2.236100811279760348e-01
5.012500000000000178e+00 2.207293723092672300e-01
5.037499999999999645e+00 2.212534749100315834e-01
5.062500000000000000e+00 2.260568245215747729e-01
5.087500000000000355e+00 2.318510929948063570e-01
5.112499999999999822e+00 2.343356364440082884e-01
5.137500000000000178e+00 2.321411118377966765e-01
5.162499999999999645e+00 2.278046362161619542e-01
5.187500000000000000e+00 2.252290763798436291e-01
5.212500000000000355e+00 2.265211889966220471e-01
5.237499999999999822e+00 2.309265315099295612e-01
5.262500000000000178e+00 2.359490022490051686e-01
5.287499999999999645e+00 2.394060218497961745e-01
5.312500000000000000e+00 2.411032435088702186e-01
5.337500000000000355e+00 2.427949661515979018e-01
5.362499999999999822e+00 2.461872401784089004e-01
5.387500000000000178e+00 2.509922573215586095e-01
5.412499999999999645e+00 2.551113220599076636e-01
5.437500000000000000e+00 2.565794597077898365e-01
5.462500000000000355e+00 2.552719449845263777e-01
5.487499999999999822e+00 2.528894910113613781e-01
5.512500000000000178e+00 2.514643470204345199e-01
5.537499999999999645e+00 2.520128098834446551e-01
5.562500000000000000e+00 2.543560696544634459e-01
5.587500000000000355e+00 2.575825204750383790e-01
5.612499999999999822e+00 2.605702132275750094e-01
5.637500000000000178e+00 2.626984999975037205e-01
5.662499999999999645e+00 2.642978464156301444e-01
5.687500000000000000e+00 2.662248268712451571e-01
5.712500000000000355e+00 2.689742074449320008e-01
5.737499999999999822e+00 2.721449663620403303e-01
5.762500000000000178e+00 2.747139425825296244e-01
5.787499999999999645e+00 2.761358122515514268e-01
5.812500000000000000e+00 2.770977363099966784e-01
5.837500000000000355e+00 2.788029695343956504e-01
5.862499999999999822e+00 2.816996038868554986e-01
5.887500000000000178e+00 2.852345929703696825e-01
5.912499999999999645e+00 2.884611470105186148e-01
5.937500000000000000e+00 2.906175215542454726e-01
5.962500000000000355e+00 2.915564369475159290e-01
5.987499999999999822e+00 2.917860763045648231e-01
6.012500000000000178e+00 2.919225595152226127e-01
6.037499999999999645e+00 2.922138132724310111e-01
6.062500000000000000e+00 2.926142064358484562e-01
6.087500000000000355e+00 2.930173149098443952e-01
6.112499999999999822e+00 2.933731178085462465e-01
6.137500000000000178e+00 2.936553912111579678e-01
6.162499999999999645e+00 2.938258712702504494e-01
6.187500000000000000e+00 2.940629857052914908e-01
6.212500000000000355e+00 2.949678132731425872e-01
6.237499999999999822e+00 2.971566505359987120e-01
6.262500000000000178e+00 3.005855896292841667e-01
6.287499999999999645e+00 3.045149406042528817e-01
6.312500000000000000e+00 3.081771712274674613e-01
6.337500000000000355e+00 3.113740977067506188e-01
6.362499999999999822e+00 3.144043107788591085e-01
6.387500000000000178e+00 3.174248972805342461e-01
6.412499999999999645e+00 3.200415803065074227e-01
6.437500000000000000e+00 3.217475413016791519e-01
6.462500000000000355e+00 3.226838540263774480e-01
6.487499999999999822e+00 3.237302077045953186e-01
6.512500000000000178e+00 3.258488816163119806e-01
6.537499999999999645e+00 3.293627183365091526e-01
6.562500000000000000e+00 3.337020772292054183e-01
6.587500000000000355e+00 3.377785263131858895e-01
6.612499999999999822e+00 3.408311108567657621e-01
6.637500000000000178e+00 3.431049973468800474e-01
6.662499999999999645e+00 3.457262859172621772e-01
6.687500000000000000e+00 3.503017635563110965e-01
6.712500000000000355e+00 3.590845327960353606e-01
6.737499999999999822e+00 3.756328552426312362e-01
6.762500000000000178e+00 4.048578945406570151e-01
6.787499999999999645e+00 4.513643809850759747e-01
6.812500000000000000e+00 5.151603227698249299e-01
6.837500000000000355e+00 5.863617985057906212e-01
6.862499999999999822e+00 6.452779928850301827e-01
6.887500000000000178e+00 6.722886531076071037e-01
6.912499999999999645e+00 6.605863024759134339e-01
6.937500000000000000e+00 6.192524307485043344e-01
6.962500000000000355e+00 5.649150909255447051e-01
6.987499999999999822e+00 5.119641333784556991e-01
7.012500000000000178e+00 4.685021071880095533e-01
7.037499999999999645e+00 4.368262069493410449e-01
7.062500000000000000e+00 4.153539980616119953e-01
7.087500000000000355e+00 4.009971110259918925e-01
7.112499999999999822e+00 3.913266857148814948e-01
7.137500000000000178e+00 3.854607103451626049e-01
7.162499999999999645e+00 3.832698293312512550e-01
7.187500000000000000e+00 3.841243851758000538e-01
7.212500000000000355e+00 3.864737947115894912e-01
7.237499999999999822e+00 3.886150309236925948e-01
7.262500000000000178e+00 3.898587525711716961e-01
7.287499999999999645e+00 3.908187644390253013e-01
7.312500000000000000e+00 3.924637519741955849e-01
7.337500000000000355e+00 3.948889540468734083e-01
7.362499999999999822e+00 3.970758513158710867e-01
7.387500000000000178e+00 3.978480139097110846e-01
7.412499999999999645e+00 3.971740803608919679e-01
7.437500000000000000e+00 3.965522405861467981e-01
7.462500000000000355e+00 3.980023476163168650e-01
7.487499999999999822e+00 4.026514662098442665e-01
7.512500000000000178e+00 4.101158807837576026e-01
7.537499999999999645e+00 4.188276339753034261e-01
7.562500000000000000e+00 4.267622896612210948e-01
7.587500000000000355e+00 4.322165049085645583e-01
7.612499999999999822e+00 4.344424508980272992e-01
7.637500000000000178e+00 4.338662673201280628e-01
7.662499999999999645e+00 4.316678314971243990e-01
7.687500000000000000e+00 4.289304282842745231e-01
7.712500000000000355e+00 4.261168548569093106e-01
7.737499999999999822e+00 4.233290387248621611e-01
7.762500000000000178e+00 4.207907707667986608e-01
7.787499999999999645e+00 4.188804342286076565e-01
7.812500000000000000e+00 4.178633644260439928e-01
7.837500000000000355e+00 4.177823991924412006e-01
7.862499999999999822e+00 4.185139953916769961e-01
7.887500000000000178e+00 4.198155414341713243e-01
7.912499999999999645e+00 4.214323339868801810e-01
7.937500000000000000e+00 4.232653958745026812e-01
7.962500000000000355e+00 4.253216810962001659e-01
7.987499999999999822e+00 4.274829412082071789e-01
8.012499999999999289e+00 4.294980112567445274e-01
8.037499999999999645e+00 4.312415261952835532e-01
8.062500000000000000e+00 4.328268416622276238e-01
8.087500000000000355e+00 4.344686443369584206e-01
8.112500000000000711e+00 4.363449484106329823e-01
8.137499999999999289e+00 4.385405306169762318e-01
8.162499999999999645e+00 4.409884366422588409e-01
8.187500000000000000e+00 4.434768444699468404e-01
8.212500000000000355e+00 4.457927652131465912e-01
8.237500000000000711e+00 4.478805831711196728e-01
8.262499999999999289e+00 4.497786131663655818e-01
8.287499999999999645e+00 4.514590588848817476e-01
8.312500000000000000e+00 4.529108000338721851e-01
8.337500000000000355e+00 4.543290632197322654e-01
8.362500000000000711e+00 4.559772152246231447e-01
8.387499999999999289e+00 4.578851551651831331e-01
8.412499999999999645e+00 4.598947555918510566e-01
8.437500000000000000e+00 4.620535688421201770e-01
8.462500000000000355e+00 4.647776929328849560e-01
8.487500000000000711e+00 4.684921052413156817e-01
8.512499999999999289e+00 4.730846960484126340e-01
8.537499999999999645e+00 4.777670419752360065e-01
8.562500000000000000e+00 4.815275937259841377e-01
8.587500000000000355e+00 4.837550443256558586e-01
8.612500000000000711e+00 4.844947012595883784e-01
8.637499999999999289e+00 4.842601317421130203e-01
8.662499999999999645e+00 4.836507138066591382e-01
8.687500000000000000e+00 4.830198691628342367e-01
8.712500000000000355e+00 4.823678418447568950e-01
8.737500000000000711e+00 4.815861711123290978e-01
8.762499999999999289e+00 4.808756117252195872e-01
8.787499999999999645e+00 4.808306917981357564e-01
8.812500000000000000e+00 4.820031756643217147e-01
8.837500000000000355e+00 4.844025366539077559e-01
8.862500000000000711e+00 4.874186492203164134e-01
8.887499999999999289e+00 4.902764180451272269e-01
8.912499999999999645e+00 4.926214176528757593e-01
8.937500000000000000e+00 4.947106706546567922e-01
8.962500000000000355e+00 4.970777099978828106e-01
8.987500000000000711e+00 5.001030137790418717e-01
9.012499999999999289e+00 5.038154716537639466e-01
9.037499999999999645e+00 5.078835298183408398e-01
9.062500000000000000e+00 5.117620502691733186e-01
9.087500000000000355e+00 5.149754455693439370e-01
9.112500000000000711e+00 5.173080262845691779e-01
9.137499999999999289e+00 5.187263110440052394e-01
9.162499999999999645e+00 5.191833210061370663e-01
9.187500000000000000e+00 5.186003181664576855e-01
9.212500000000000355e+00 5.171777378255841828e-01
9.237500000000000711e+00 5.157802872746004574e-01
9.262499999999999289e+00 5.159081007029361343e-01
9.287499999999999645e+00 5.190896943540747044e-01
9.312500000000000000e+00 5.260454589776426548e-01
9.337500000000000355e+00 5.362979851885062432e-01
9.362500000000000711e+00 5.485842338432165288e-01
9.387499999999999289e+00 5.613724107903854676e-01
9.412499999999999645e+00 5.726083811852311634e-01
9.437500000000000000e+00 5.796483473598808001e-01
9.462500000000000355e+00 5.807046409516667396e-01
9.487500000000000711e+00 5.763429956850053548e-01
9.512499999999999289e+00 5.688777866943967032e-01
9.537499999999999645e+00 5.606819755078428225e-01
9.562500000000000000e+00 5.535600853806463828e-01
9.587500000000000355e+00 5.489246030921701713e-01
9.612500000000000711e+00 5.475819759441815648e-01
9.637499999999999289e+00 5.492951136181591920e-01
9.662499999999999645e+00 5.528224073521262882e-01
9.687500000000000000e+00 5.564524340430336835e-01
9.712500000000000355e+00 5.586933935759498260e-01
9.737500000000000711e+00 5.588426143285480929e-01
9.762499999999999289e+00 5.572122813461229951e-01
9.787499999999999645e+00 5.548785631293206011e-01
9.812500000000000000e+00 5.531066606888592752e-01
9.837500000000000355e+00 5.527984706762245626e-01
9.862500000000000711e+00 5.541810749126083735e-01
9.887499999999999289e+00 5.567785187811165049e-01
9.912499999999999645e+00 5.597383548737242531e-01
9.937500000000000000e+00 5.624406850480319076e-01
9.962500000000000355e+00 5.649833496541013522e-01
9.987500000000000711e+00 5.679863108724558796e-01
1.001249999999999929e+01 5.717223885119665505e-01
1.003749999999999964e+01 5.755282399098817780e-01
1.006250000000000000e+01 5.785345794832308375e-01
1.008750000000000036e+01 5.812535256262707506e-01
1.011250000000000071e+01 5.862076050125991644e-01
1.013749999999999929e+01 5.964873441665108356e-01
1.016249999999999964e+01 6.132402161668562002e-01
1.018750000000000000e+01 6.344580479600046008e-01
1.021250000000000036e+01 6.562380600096022754e-01
1.023750000000000071e+01 6.746023590478269494e-01
1.026249999999999929e+01 6.856286331957468505e-01
1.028749999999999964e+01 6.856662300125313525e-01
1.031250000000000000e+01 6.740622835134066904e-01
1.033750000000000036e+01 6.552006802011647313e-01
1.036250000000000071e+01 6.359291217276127339e-01
1.038749999999999929e+01 6.212542640707141572e-01
1.041249999999999964e+01 6.130673225107672319e-01
1.043750000000000000e+01 6.112376941795955032e-01
1.046250000000000036e+01 6.142652222302014131e-01
1.048750000000000071e+01 6.194302619514671093e-01
1.051249999999999929e+01 6.237046776164838491e-01
1.053749999999999964e+01 6.251149509895034262e-01
1.056250000000000000e+01 6.234199707436084426e-01
1.058750000000000036e+01 6.198594802278091231e-01
1.061250000000000071e+01 6.163483892853661716e-01
1.063749999999999929e+01 6.143972007294625781e-01
1.066249999999999964e+01 6.142140596456909796e-01
1.068750000000000000e+01 6.146951350711665762e-01
1.071250000000000036e+01 6.144280103805572768e-01
1.073750000000000071e+01 6.128297460207983161e-01
1.076249999999999929e+01 6.104170472041451356e-01
1.078749999999999964e+01 6.081517002278898909e-01
1.081250000000000000e+01 6.066880845132388567e-01
1.083750000000000036e+01 6.061663468441139679e-01
1.086250000000000071e+01 6.065244155591339448e-01
1.088749999999999929e+01 6.078561683184442455e-01
1.091249999999999964e+01 6.104328055875540837e-01
1.093750000000000000e+01 6.143877643433235392e-01
1.096250000000000036e+01 6.193817233395407795e-01
1.098750000000000071e+01 6.245522912633161283e-01
1.101249999999999929e+01 6.289182791736946943e-01
1.103749999999999964e+01 6.320702878119806023e-01
1.106250000000000000e+01 6.346095665242954542e-01
1.108750000000000036e+01 6.378567524917356790e-01
1.111250000000000071e+01 6.429757019702657672e-01
1.113749999999999929e+01 6.502671483403663633e-01
1.116249999999999964e+01 6.591491847451647068e-01
1.118750000000000000e+01 6.684184907862216196e-01
1.121250000000000036e+01 6.762507880152562878e-01
1.123750000000000071e+01 6.803706566259352106e-01
1.126249999999999929e+01 6.790621619518054652e-01
1.128749999999999964e+01 6.724957000441100785e-01
1.131250000000000000e+01 6.630773846712429975e-01
1.133750000000000036e+01 6.543841611298599759e-01
1.136250000000000071e+01 6.494476503750510332e-01
1.138749999999999929e+01 6.495076085701280144e-01
1.141249999999999964e+01 6.536859163953262497e-01
1.143750000000000000e+01 6.593719980137419112e-01
1.146250000000000036e+01 6.633441496262285630e-01
1.148750000000000071e+01 6.636161272332689043e-01
1.151249999999999929e+01 6.607730410404569765e-01
1.153749999999999964e+01 6.573847785034874214e-01
1.156250000000000000e+01 6.560652055178488595e-01
1.158750000000000036e+01 6.579696042463265560e-01
1.161250000000000071e+01 6.626032578791158922e-01
1.163749999999999929e+01 6.687926941850793616e-01
1.166249999999999964e+01 6.759392031618309815e-01
1.168750000000000000e+01 6.842421794741582186e-01
1.171250000000000036e+01 6.935448388986750201e-01
1.173750000000000071e+01 7.024280420079158649e-01
1.176249999999999929e+01 7.090939807148450846e-01
1.178749999999999964e+01 7.136166506174209667e-01
1.181250000000000000e+01 7.193755005269772962e-01
1.183750000000000036e+01 7.320171847814966881e-01
1.186250000000000071e+01 7.557050175918730295e-01
1.188749999999999929e+01 7.883464880150514720e-01
1.191249999999999964e+01 8.196516399006565923e-01
1.193750000000000000e+01 8.376449263146714674e-01
1.196250000000000036e+01 8.421739620522724623e-01
1.198750000000000071e+01 8.535490149637869894e-01
1.201249999999999929e+01 9.052646737906127061e-01
1.203749999999999964e+01 1.021591162110754958e+00
1.206250000000000000e+01 1.200362094606084895e+00
1.208750000000000036e+01 1.418921811189214566e+00
1.211250000000000071e+01 1.645252743936058692e+00
1.213749999999999929e+01 1.828253567549832592e+00
1.216249999999999964e+01 1.899892281124179627e+00
1.218750000000000000e+01 1.826308383937728319e+00
1.221250000000000036e+01 1.645342337241417541e+00
1.223750000000000071e+01 1.427918866099956441e+00
1.226249999999999929e+01 1.223799052104918683e+00
1.228749999999999964e+01 1.058237433293452545e+00
1.231250000000000000e+01 9.491002219834143716e-01
1.233750000000000036e+01 9.098962077509542556e-01
1.236250000000000071e+01 9.514247350357194488e-01
1.238749999999999929e+01 1.086838721155048759e+00
1.241249999999999964e+01 1.325304850074159990e+00
1.243750000000000000e+01 1.658539069621929318e+00
1.246250000000000036e+01 2.056312295612148233e+00
1.248750000000000071e+01 2.460889577487548330e+00
1.251249999999999929e+01 2.777638280239512092e+00
1.253749999999999964e+01 2.902243938241906740e+00
1.256250000000000000e+01 2.793787616580981847e+00
1.258750000000000036e+01 2.507419069541184431e+00
1.261250000000000071e+01 2.136261287922753827e+00
1.263749999999999929e+01 1.749900799024104447e+00
1.266249999999999964e+01 1.398901104569473697e+00
1.268750000000000000e+01 1.130608910025295399e+00
1.271250000000000036e+01 9.696796321039135025e-01
1.273750000000000071e+01 8.999008497983765897e-01
1.276249999999999929e+01 8.801968655895665572e-01
1.278749999999999964e+01 8.772368539068676752e-01
1.281250000000000000e+01 8.863617667565775182e-01
1.283750000000000036e+01 9.289824548758514045e-01
1.286250000000000071e+01 1.028555713268761718e+00
1.288749999999999929e+01 1.187286780355602200e+00
1.291249999999999964e+01 1.386365737348821403e+00
1.293750000000000000e+01 1.595955328656667005e+00
1.296250000000000036e+01 1.769365567607151135e+00
1.298750000000000071e+01 1.845152106042119655e+00
1.301249999999999929e+01 1.789847441478689571e+00
1.303749999999999964e+01 1.631847910365119336e+00
1.306250000000000000e+01 1.432201079662739795e+00
1.308750000000000036e+01 1.239481982994554476e+00
1.311250000000000071e+01 1.083443768265435647e+00
1.313749999999999929e+01 9.814888243107571242e-01
1.316249999999999964e+01 9.328858649587763452e-01
1.318750000000000000e+01 9.216944940506526240e-01
1.321250000000000036e+01 9.376322848292633072e-01
1.323750000000000071e+01 9.928843143188443854e-01
1.326249999999999929e+01 1.116879531254447500e+00
1.328749999999999964e+01 1.333190949350209653e+00
1.331250000000000000e+01 1.638754440242457200e+00
1.333750000000000036e+01 2.001917124074238608e+00
1.336250000000000071e+01 2.366613250134810276e+00
1.338749999999999929e+01 2.649006907767850638e+00
1.341249999999999964e+01 2.756762031638656296e+00
1.343750000000000000e+01 2.648357689438547435e+00
1.346250000000000036e+01 2.370034633096591570e+00
1.348750000000000071e+01 2.017576434311450839e+00
1.351249999999999929e+01 1.674529831706413230e+00
1.353749999999999964e+01 1.392814561223798986e+00
1.356250000000000000e+01 1.201772534958334582e+00
1.358750000000000036e+01 1.112419048183938441e+00
1.361250000000000071e+01 1.120638870440833434e+00
1.363749999999999929e+01 1.219165364090732506e+00
1.366249999999999964e+01 1.405861352177388834e+00
1.368750000000000000e+01 1.678211816250681832e+00
1.371250000000000036e+01 2.018517121643441214e+00
1.373750000000000071e+01 2.378651529790302810e+00
1.376249999999999929e+01 2.683157635659218165e+00
1.378749999999999964e+01 2.869181311221454145e+00
1.381250000000000000e+01 2.936731466648476285e+00
1.383750000000000036e+01 2.942801880150370586e+00
1.386250000000000071e+01 2.938469933365746023e+00
1.388749999999999929e+01 2.928687149825953462e+00
1.391249999999999964e+01 2.886305665715579227e+00
1.393750000000000000e+01 2.779336820172233047e+00
1.396250000000000036e+01 2.591748613149011504e+00
1.398750000000000071e+01 2.342333431619875839e+00
1.401249999999999929e+01 2.085786949551782232e+00
1.403749999999999964e+01 1.888770992512952107e+00
1.406250000000000000e+01 1.799287083044829316e+00
1.408750000000000036e+01 1.824162255362079765e+00
1.411250000000000071e+01 1.919716228329811480e+00
1.413749999999999929e+01 2.009103688272611432e+00
1.416249999999999964e+01 2.025009816109916372e+00
1.418750000000000000e+01 1.944375919764242955e+00
1.421250000000000036e+01 1.788895164413195626e+00
1.423750000000000071e+01 1.600470756519420945e+00
1.426249999999999929e+01 1.417996823074220814e+00
1.428749999999999964e+01 1.267507557877714408e+00
1.431250000000000000e+01 1.161433537808733263e+00
1.433750000000000036e+01 1.101636690355540793e+00
1.436250000000000071e+01 1.086027506891499517e+00
1.438749999999999929e+01 1.115944904485144606e+00
1.441249999999999964e+01 1.194966180822891744e+00
1.443750000000000000e+01 1.319390924989146674e+00
1.446250000000000036e+01 1.473337407438660929e+00
1.448750000000000071e+01 1.632636177133058641e+00
1.451249999999999929e+01 1.767956800587143107e+00
1.453749999999999964e+01 1.849326532527462152e+00
1.456250000000000000e+01 1.866988739395833097e+00
1.458750000000000036e+01 1.853444448483000384e+00
1.461250000000000071e+01 1.870179370703740407e+00
1.463749999999999929e+01 1.960474975044091739e+00
1.466249999999999964e+01 2.113181530433962951e+00
1.468750000000000000e+01 2.268237560329660951e+00
1.471250000000000036e+01 2.357595798607927673e+00
1.473750000000000071e+01 2.352343113349733450e+00
1.476249999999999929e+01 2.278497893826927800e+00
1.478749999999999964e+01 2.188515547277833040e+00
1.481250000000000000e+01 2.120481114400724287e+00
1.483750000000000036e+01 2.080990293504271449e+00
1.486250000000000071e+01 2.051580373744869679e+00
1.488749999999999929e+01 2.005596763587598641e+00
1.491249999999999964e+01 1.926507488424654024e+00
1.493750000000000000e+01 1.818433673539042950e+00
1.496250000000000036e+01 1.703362336944714173e+00
1.498750000000000071e+01 1.608923193860044343e+00
1.501249999999999929e+01 1.553852025346505794e+00
1.503749999999999964e+01 1.536792371726054540e+00
1.506250000000000000e+01 1.535659232636838123e+00
1.508750000000000036e+01 1.519591213653412431e+00
1.511250000000000071e+01 1.466968725211423852e+00
1.513749999999999929e+01 1.377909665230367509e+00
1.516249999999999964e+01 1.271806530309415040e+00
1.518750000000000000e+01 1.171647272662452277e+00
1.521250000000000036e+01 1.089587008721832229e+00
1.523750000000000071e+01 1.025622644948110729e+00
1.526249999999999929e+01 9.752086410598101995e-01
1.528749999999999964e+01 9.347285919616754590e-01
1.531250000000000000e+01 9.016755695494428346e-01
1.533750000000000036e+01 8.744668816839313852e-01
1.536250000000000071e+01 8.529538105935535741e-01
1.538749999999999929e+01 8.376586707410274002e-01
1.541249999999999964e+01 8.280622485827375812e-01
1.543750000000000000e+01 8.222213415795999181e-01
1.546250000000000036e+01 8.179311144961582958e-01
1.548750000000000071e+01 8.140298165920640816e-01
1.551249999999999929e+01 8.107446246146653435e-01
1.553749999999999964e+01 8.090415869425748863e-01
1.556250000000000000e+01 8.096107882908524234e-01
1.558750000000000036e+01 8.121985072347364110e-01
1.561250000000000071e+01 8.156657306580386013e-01
1.563749999999999929e+01 8.188582452358964536e-01
1.566249999999999964e+01 8.213457291661205861e-01
1.568750000000000000e+01 8.228540397995791622e-01
1.571250000000000036e+01 8.225039191333506361e-01
1.573750000000000071e+01 8.200094567395578293e-01
1.576249999999999929e+01 8.178106747032971580e-01
1.578749999999999964e+01 8.209899286040194255e-01
1.581250000000000000e+01 8.343470908122410101e-01
1.583750000000000036e+01 8.586487706010774712e-01
1.586250000000000071e+01 8.886536835656523303e-01
1.588749999999999929e+01 9.150616397597837182e-01
1.591249999999999964e+01 9.296567319939377239e-01
1.593750000000000000e+01 9.290920924968921746e-01
1.596250000000000036e+01 9.143395833945715534e-01
1.598750000000000071e+01 8.885546936050695566e-01
1.601249999999999929e+01 8.567270171082492780e-01
1.603750000000000142e+01 8.256009565017690122e-01
1.606250000000000000e+01 8.012848757082147166e-01
1.608749999999999858e+01 7.862549370280975669e-01
1.611250000000000071e+01 7.790867481053596055e-01
1.613749999999999929e+01 7.767465456886397668e-01
1.616250000000000142e+01 7.766974274571550874e-01
1.618750000000000000e+01 7.774113236825503925e-01
1.621249999999999858e+01 7.780138928439902513e-01
1.623750000000000071e+01 7.779769929139468410e-01
1.626249999999999929e+01 7.770815293330368689e-01
1.628750000000000142e+01 7.755177853088892626e-01
1.631250000000000000e+01 7.738070366592630922e-01
1.633749999999999858e+01 7.725006836339918248e-01
1.636250000000000071e+01 7.720763862033962477e-01
1.638749999999999929e+01 7.731643128186369562e-01
1.641250000000000142e+01 7.768187182898216303e-01
1.643750000000000000e+01 7.843884959990037320e-01
1.646249999999999858e+01 7.967079917745975015e-01
1.648750000000000071e+01 8.129887518373462019e-01
1.651249999999999929e+01 8.304798446346657315e-01
1.653750000000000142e+01 8.453042431770462217e-01
1.656250000000000000e+01 8.538940587149983497e-01
1.658749999999999858e+01 8.543810064633398094e-01
1.661250000000000071e+01 8.474507988182802265e-01
1.663749999999999929e+01 8.360974726965252346e-01
1.666250000000000142e+01 8.243116285389460174e-01
1.668750000000000000e+01 8.154747516243694427e-01
1.671249999999999858e+01 8.112332441647254200e-01
1.673750000000000071e+01 8.114128883375107959e-01
1.676249999999999929e+01 8.149420001011018488e-01
1.678750000000000142e+01 8.206651817219153822e-01
1.681250000000000000e+01 8.270273743097553698e-01
1.683749999999999858e+01 8.314829145479387673e-01
1.686250000000000071e+01 8.313724714431286467e-01
1.688749999999999929e+01 8.256869653402199027e-01
1.691250000000000142e+01 8.156197134954761285e-01
1.693750000000000000e+01 8.035865287154462244e-01
1.696249999999999858e+01 7.920392397664852702e-01
1.698750000000000071e+01 7.826298282041650456e-01
1.701249999999999929e+01 7.757324316715799029e-01
1.703750000000000142e+01 7.706117218144266090e-01
1.706250000000000000e+01 7.662183185336370883e-01
1.708749999999999858e+01 7.619827792278108802e-01
1.711250000000000071e+01 7.580413229507558803e-01
1.713749999999999929e+01 7.548414071599911512e-01
1.716250000000000142e+01 7.526011582452690751e-01
1.718750000000000000e+01 7.512302856388898276e-01
1.721249999999999858e+01 7.507282302723493617e-01
1.723750000000000071e+01 7.514585543036860216e-01
1.726249999999999929e+01 7.538993107482583333e-01
1.728750000000000142e+01 7.580916462297455638e-01
1.731250000000000000e+01 7.633155203298517266e-01
1.733749999999999858e+01 7.683013221393357739e-01
1.736250000000000071e+01 7.718353493036219648e-01
1.738749999999999929e+01 7.733058538848298635e-01
1.741250000000000142e+01 7.728988524308373353e-01
1.743750000000000000e+01 7.714262912933284033e-01
1.746249999999999858e+01 7.698982574871158224e-01
1.748750000000000071e+01 7.690086220299494624e-01
1.751249999999999929e+01 7.688444551041822006e-01
1.753750000000000142e+01 7.690940725064618899e-01
1.756250000000000000e+01 7.695768694354416795e-01
1.758749999999999858e+01 7.705582334098293185e-01
1.761250000000000071e+01 7.725239534664141150e-01
1.763749999999999929e+01 7.756633134421397902e-01
1.766250000000000142e+01 7.796508072311818527e-01
1.768750000000000000e+01 7.838652231427483130e-01
1.771249999999999858e+01 7.875238342469947916e-01
1.773750000000000071e+01 7.897074019157221958e-01
1.776249999999999929e+01 7.899588736233292829e-01
1.778750000000000142e+01 7.891350328157944460e-01
1.781250000000000000e+01 7.891565719202907614e-01
1.783749999999999858e+01 7.916789099046546152e-01
1.786250000000000071e+01 7.971315973874810723e-01
1.788749999999999929e+01 8.049224639828131966e-01
1.791250000000000142e+01 8.139980275177376434e-01
1.793750000000000000e+01 8.230068142306391499e-01
1.796249999999999858e+01 8.306220189007393895e-01
1.798750000000000071e+01 8.377205721048407439e-01
1.801249999999999929e+01 8.504145340186060054e-01
1.803750000000000142e+01 8.800080176300149049e-01
1.806250000000000000e+01 9.391292356090141791e-01
1.808749999999999858e+01 1.036565910404001034e+00
1.811250000000000071e+01 1.173281059369659207e+00
1.813749999999999929e+01 1.339812786864449823e+00
1.816250000000000142e+01 1.514021857229842283e+00
1.818750000000000000e+01 1.656926831962723057e+00
1.821249999999999858e+01 1.716397538289829772e+00
1.823750000000000071e+01 1.655329909084637396e+00
1.826249999999999929e+01 1.487456992960939139e+00
1.828750000000000142e+01 1.275447645059216928e+00
1.831250000000000000e+01 1.086713418792273345e+00
1.833749999999999858e+01 9.551102433074858400e-01
1.836250000000000071e+01 8.798641865254130945e-01
1.838749999999999929e+01 8.448431502195332676e-01
1.841250000000000142e+01 8.329481274378283118e-01
1.843750000000000000e+01 8.316137759095856286e-01
1.846249999999999858e+01 8.337420667358783621e-01
1.848750000000000071e+01 8.353239711743596363e-01
1.851249999999999929e+01 8.329750023448296847e-01
1.853750000000000142e+01 8.243043475630302819e-01
1.856250000000000000e+01 8.098367541388731272e-01
1.858749999999999858e+01 7.927786479699820976e-01
1.861250000000000071e+01 7.768341871285056044e-01
1.863749999999999929e+01 7.643569849031389696e-01
1.866250000000000142e+01 7.558738612990341110e-01
1.868750000000000000e+01 7.505612881533174630e-01
1.871249999999999858e+01 7.472255445722617573e-01
1.873750000000000071e+01 7.451023581026412490e-01
1.876249999999999929e+01 7.440094166243841345e-01
1.878750000000000142e+01 7.440000848553907087e-01
1.881250000000000000e+01 7.450170203682850989e-01
1.883749999999999858e+01 7.468193400125116010e-01
1.886250000000000071e+01 7.493746202701427883e-01
1.888749999999999929e+01 7.533439380499042937e-01
1.891250000000000142e+01 7.598881515174622514e-01
1.893750000000000000e+01 7.698118830131424062e-01
1.896249999999999858e+01 7.832482717166603381e-01
1.898750000000000071e+01 8.009449271874800047e-01
1.901249999999999929e+01 8.265609801087036024e-01
1.903750000000000142e+01 8.680639476352365325e-01
1.906250000000000000e+01 9.367725009844399819e-01
1.908749999999999858e+01 1.042221005011906509e+00
1.911250000000000071e+01 1.181215811972187169e+00
1.913749999999999929e+01 1.327455494490723975e+00
1.916250000000000142e+01 1.437435258960331863e+00
1.918750000000000000e+01 1.476265551069098292e+00
1.921249999999999858e+01 1.439903397232097149e+00
1.923750000000000071e+01 1.350694371291122575e+00
1.926249999999999929e+01 1.236530015593909848e+00
1.928750000000000142e+01 1.119135016943159755e+00
1.931250000000000000e+01 1.014920497718765802e+00
1.933749999999999858e+01 9.351546880631469438e-01
1.936250000000000071e+01 8.826678385359887358e-01
1.938749999999999929e+01 8.520355824586265392e-01
1.941250000000000142e+01 8.344647159107820844e-01
1.943750000000000000e+01 8.226058994984611905e-01
1.946249999999999858e+01 8.124145292928153239e-01
1.948750000000000071e+01 8.024379388710024541e-01
1.951249999999999929e+01 7.922941985759246464e-01
1.953750000000000142e+01 7.818119759616032338e-01
1.956250000000000000e+01 7.711313887986562809e-01
1.958749999999999858e+01 7.609871822744610492e-01
1.961250000000000071e+01 7.524375088010457624e-01
1.963749999999999929e+01 7.461390181470537453e-01
1.966250000000000142e+01 7.420515412664969723e-01
1.968750000000000000e+01 7.399714388345046689e-01
1.971249999999999858e+01 7.401861710971693320e-01
1.973750000000000071e+01 7.433592381953595396e-01
1.976249999999999929e+01 7.497170449108567780e-01
1.978750000000000142e+01 7.582570643095982721e-01
1.981250000000000000e+01 7.666957028292269438e-01
1.983749999999999858e+01 7.723050492485912244e-01
1.986250000000000071e+01 7.730865668300819227e-01
1.988749999999999929e+01 7.685018137903009139e-01
1.991250000000000142e+01 7.595160428330713920e-01
1.993750000000000000e+01 7.481620452945858535e-01
1.996249999999999858e+01 7.368554770972063350e-01
1.998750000000000071e+01 7.275968026764221275e-01
2.001249999999999929e+01 7.213194431650729044e-01
2.003750000000000142e+01 7.178177758498065497e-01
2.006250000000000000e+01 7.162869451767368556e-01
2.008749999999999858e+01 7.159185114454191812e-01
2.011250000000000071e+01 7.160976228407669453e-01
2.013749999999999929e+01 7.163186479336731693e-01
2.016250000000000142e+01 7.162613374349691142e-01
2.018750000000000000e+01 7.160530838873508941e-01
2.021249999999999858e+01 7.164002354212679613e-01
2.023750000000000071e+01 7.184562042123553427e-01
2.026249999999999929e+01 7.233958259425224968e-01
2.028750000000000142e+01 7.317388488170657457e-01
2.031250000000000000e+01 7.426372313233399192e-01
2.033749999999999858e+01 7.536954678512494121e-01
2.036250000000000071e+01 7.618058165494099310e-01
2.038749999999999929e+01 7.647090474896216516e-01
2.041250000000000142e+01 7.621032798327932456e-01
2.043750000000000000e+01 7.553977743218187602e-01
2.046249999999999858e+01 7.466155709021140563e-01
2.048750000000000071e+01 7.375948760846099406e-01
2.051249999999999929e+01 7.297369806842692874e-01
2.053750000000000142e+01 7.238706488721646792e-01
2.056250000000000000e+01 7.201390942086348668e-01
2.058749999999999858e+01 7.180521370122887603e-01
2.061250000000000071e+01 7.166854753021827396e-01
2.063749999999999929e+01 7.150469337349416588e-01
2.066250000000000142e+01 7.125909410472686112e-01
2.068750000000000000e+01 7.095189521466880311e-01
2.071249999999999858e+01 7.064968462098328850e-01
2.073750000000000071e+01 7.041361130397502111e-01
2.076249999999999929e+01 7.027154144079361675e-01
2.078750000000000142e+01 7.021742624906480712e-01
2.081250000000000000e+01 7.022254934888150224e-01
2.083749999999999858e+01 7.025893587518331485e-01
2.086250000000000071e+01 7.032525374617975000e-01
2.088749999999999929e+01 7.044996630483625344e-01
2.091250000000000142e+01 7.066867278190894774e-01
2.093750000000000000e+01 7.099294646651119756e-01
2.096249999999999858e+01 7.138773571256130657e-01
2.098750000000000071e+01 7.177644859468454985e-01
2.101249999999999929e+01 7.207730389692333928e-01
2.103750000000000142e+01 7.223868583335371074e-01
2.106250000000000000e+01 7.224640535159907451e-01
2.108749999999999858e+01 7.211503816389541743e-01
2.111250000000000071e+01 7.188325992792312658e-01
2.113749999999999929e+01 7.161202551618635059e-01
2.116250000000000142e+01 7.137955808037452776e-01
2.118750000000000000e+01 7.126796613331390917e-01
2.121249999999999858e+01 7.133279695031709000e-01
2.123750000000000071e+01 7.156417000210039125e-01
2.126249999999999929e+01 7.187122253578228648e-01
2.128750000000000142e+01 7.212404540781309770e-01
2.131250000000000000e+01 7.224576045924080425e-01
2.133749999999999858e+01 7.228170793607602285e-01
2.136250000000000071e+01 7.237465470107269372e-01
2.138749999999999929e+01 7.266172579465375314e-01
2.141250000000000142e+01 7.318225267524489652e-01
2.143750000000000000e+01 7.386037186159182255e-01
2.146249999999999858e+01 7.456909263936903898e-01
2.148750000000000071e+01 7.521576232024338449e-01
2.151249999999999929e+01 7.579077059012980788e-01
2.153750000000000142e+01 7.640660876743543550e-01
2.156250000000000000e+01 7.731515815792047164e-01
2.158749999999999858e+01 7.894651589866598096e-01
2.161250000000000071e+01 8.190148768713781946e-01
2.163749999999999929e+01 8.674961162465180120e-01
2.166250000000000142e+01 9.345371349764877156e-01
2.168750000000000000e+01 1.008204707722249127e+00
2.171249999999999858e+01 1.066818300900114203e+00
2.173750000000000071e+01 1.089345284100599276e+00
2.176249999999999929e+01 1.067248732665064814e+00
2.178750000000000142e+01 1.008965068560031986e+00
2.181250000000000000e+01 9.344125875850299856e-01
2.183749999999999858e+01 8.645337982974123925e-01
2.186250000000000071e+01 8.127891589947111584e-01
2.188749999999999929e+01 7.823111505692064149e-01
2.191250000000000142e+01 7.686469504400703645e-01
2.193750000000000000e+01 7.649035721910573127e-01
2.196249999999999858e+01 7.654194088515837713e-01
2.198750000000000071e+01 7.669002032544183223e-01
2.201249999999999929e+01 7.682207234369324844e-01
2.203750000000000142e+01 7.710905275214430254e-01
2.206250000000000000e+01 7.803700582467832936e-01
2.208749999999999858e+01 8.022159755689115546e-01
2.211250000000000071e+01 8.396730653546875534e-01
2.213749999999999929e+01 8.897187477371650832e-01
2.216250000000000142e+01 9.446341555040902449e-01
2.218750000000000000e+01 9.954567672642240517e-01
2.221249999999999858e+01 1.033512680690969132e+00
2.223750000000000071e+01 1.051216705312146615e+00
2.226249999999999929e+01 1.045821229177748224e+00
2.228750000000000142e+01 1.023132528898966775e+00
2.231250000000000000e+01 9.965288771706446447e-01
2.233749999999999858e+01 9.830444606971551202e-01
2.236250000000000071e+01 9.987295629636168126e-01
2.238749999999999929e+01 1.051202343952854834e+00
2.241250000000000142e+01 1.132439521023016926e+00
2.243750000000000000e+01 1.220982692824448268e+00
2.246249999999999858e+01 1.294856887422484171e+00
2.248750000000000071e+01 1.343023915289065062e+00
2.251249999999999929e+01 1.364738775082756650e+00
2.253750000000000142e+01 1.362725214624519676e+00
2.256250000000000000e+01 1.341371537535593017e+00
2.258749999999999858e+01 1.309227811157482435e+00
2.261250000000000071e+01 1.279128124399362854e+00
2.263749999999999929e+01 1.265188295829000831e+00
2.266250000000000142e+01 1.278069321524347046e+00
2.268750000000000000e+01 1.318313617323102038e+00
2.271249999999999858e+01 1.373698162157956260e+00
2.273750000000000071e+01 1.428243600709840244e+00
2.276249999999999929e+01 1.475128293452069972e+00
2.278750000000000142e+01 1.517217268239435146e+00
2.281250000000000000e+01 1.554541650721298574e+00
2.283749999999999858e+01 1.577000959018503234e+00
2.286250000000000071e+01 1.573053152067656946e+00
2.288749999999999929e+01 1.540778235757808368e+00
2.291250000000000142e+01 1.484897561646290054e+00
2.293750000000000000e+01 1.407993808236572164e+00
2.296249999999999858e+01 1.312155310566950117e+00
2.298750000000000071e+01 1.205882117125346875e+00
2.301249999999999929e+01 1.103122837115326549e+00
2.303750000000000142e+01 1.016854121601968863e+00
2.306250000000000000e+01 9.555800888282612870e-01
2.308749999999999858e+01 9.220332804397699533e-01
2.311250000000000071e+01 9.127690441140139388e-01
2.313749999999999929e+01 9.212669353944780148e-01
2.316250000000000142e+01 9.441451743534592378e-01
2.318750000000000000e+01 9.842511664223347889e-01
2.321249999999999858e+01 1.045810274769757964e+00
2.323750000000000071e+01 1.125299933984628131e+00
2.326249999999999929e+01 1.207040320615637041e+00
2.328750000000000142e+01 1.268646906619143699e+00
2.331250000000000000e+01 1.291818738485469575e+00
2.333749999999999858e+01 1.270562019029914058e+00
2.336250000000000071e+01 1.212589034089021522e+00
2.338749999999999929e+01 1.135138373694796421e+00
2.341250000000000142e+01 1.059529693617993207e+00
2.343750000000000000e+01 1.006046570816455432e+00
2.346249999999999858e+01 9.868237084120492497e-01
2.348750000000000071e+01 9.987321237040247546e-01
2.351249999999999929e+01 1.024360313968441183e+00
2.353750000000000142e+01 1.043364282245369479e+00
2.356250000000000000e+01 1.043740590072362195e+00
2.358749999999999858e+01 1.022745864179533726e+00
2.361250000000000071e+01 9.826069022095693661e-01
2.363749999999999929e+01 9.296882522876719346e-01
2.366250000000000142e+01 8.744981180951805211e-01
2.368750000000000000e+01 8.267448842644720131e-01
2.371249999999999858e+01 7.896673865163119643e-01
2.373750000000000071e+01 7.606688308334852433e-01
2.376249999999999929e+01 7.368005197451332755e-01
2.378750000000000142e+01 7.182376560366386942e-01
2.381250000000000000e+01 7.070204528726289350e-01
2.383749999999999858e+01 7.040001884263491494e-01
2.386250000000000071e+01 7.072575516216362823e-01
2.388749999999999929e+01 7.127897264550351331e-01
2.391250000000000142e+01 7.167631405426643232e-01
2.393750000000000000e+01 7.177572337515983891e-01
2.396249999999999858e+01 7.169730358087254007e-01
2.398750000000000071e+01 7.161966308588314511e-01
2.401249999999999929e+01 7.157130061613402594e-01
2.403750000000000142e+01 7.140580141123086255e-01
2.406250000000000000e+01 7.095858918709583296e-01
2.408749999999999858e+01 7.025589597267645203e-01
2.411250000000000071e+01 6.955895225980811558e-01
2.413749999999999929e+01 6.917291631780347894e-01
2.416250000000000142e+01 6.924396580941192259e-01
2.418750000000000000e+01 6.971882618134217502e-01
2.421249999999999858e+01 7.038320191596871833e-01
2.423750000000000071e+01 7.095719940648006485e-01
2.426249999999999929e+01 7.131193809652462967e-01
2.428750000000000142e+01 7.161119501074830751e-01
2.431250000000000000e+01 7.214153512814390767e-01
2.433749999999999858e+01 7.296961342857878341e-01
2.436250000000000071e+01 7.378335848678027054e-01
2.438749999999999929e+01 7.410695023898822287e-01
2.441250000000000142e+01 7.374954440970999947e-01
2.443750000000000000e+01 7.301807241835360784e-01
2.446249999999999858e+01 7.251771692884712017e-01
2.448750000000000071e+01 7.283258845427587058e-01
2.451249999999999929e+01 7.423227890709185317e-01
2.453750000000000142e+01 7.635629947800343098e-01
2.456250000000000000e+01 7.829915181463560359e-01
2.458749999999999858e+01 7.938921095209119372e-01
2.461250000000000071e+01 8.001095168632958998e-01
2.463749999999999929e+01 8.145084522916463676e-01
2.466250000000000142e+01 8.465486155847559147e-01
2.468750000000000000e+01 8.895426177115681732e-01
2.471249999999999858e+01 9.219164177526438797e-01
2.473750000000000071e+01 9.258293921593329090e-01
2.476249999999999929e+01 9.061766498956529414e-01
2.478750000000000142e+01 8.938369448422746055e-01
2.481250000000000000e+01 9.304342092303362621e-01
2.483749999999999858e+01 1.040760135569575251e+00
2.486250000000000071e+01 1.208371398848610001e+00
2.488749999999999929e+01 1.393105489081021942e+00
2.491250000000000142e+01 1.598201060418200203e+00
2.493750000000000000e+01 1.939194535704461764e+00
2.496249999999999858e+01 2.610248038195139841e+00
2.498750000000000071e+01 3.691010080665112714e+00
2.501249999999999929e+01 4.924127497282316135e+00
2.503750000000000142e+01 5.760760553144082863e+00
2.506250000000000000e+01 5.749939236259007380e+00
2.508749999999999858e+01 4.894705131884478533e+00
2.511250000000000071e+01 3.609995973572508454e+00
2.513749999999999929e+01 2.390592457378485580e+00
2.516250000000000142e+01 1.530026812758865873e+00
2.518750000000000000e+01 1.060679380024140084e+00
2.521249999999999858e+01 8.619417696842949228e-01
2.523750000000000071e+01 7.979396307550298273e-01
2.526249999999999929e+01 7.872515146807266273e-01
2.528750000000000142e+01 8.030540995266086668e-01
2.531250000000000000e+01 8.456561147509618070e-01
2.533749999999999858e+01 9.220785559240818330e-01
2.536250000000000071e+01 1.030137064951146986e+00
2.538749999999999929e+01 1.149289581905986291e+00
2.541250000000000142e+01 1.243606110922016228e+00
2.543750000000000000e+01 1.282601572585142957e+00
2.546249999999999858e+01 1.261120528937121232e+00
2.548750000000000071e+01 1.196523564498028547e+00
2.551249999999999929e+01 1.112060555836169362e+00
2.553750000000000142e+01 1.029017348264048115e+00
2.556250000000000000e+01 9.674205638320862999e-01
2.558749999999999858e+01 9.428813609601922607e-01
2.561250000000000071e+01 9.608777250868699715e-01
2.563749999999999929e+01 1.016166116274351605e+00
2.566250000000000142e+01 1.096812954881545732e+00
2.568750000000000000e+01 1.187940810444900519e+00
2.571249999999999858e+01 1.273536274068046703e+00
2.573750000000000071e+01 1.338450808882505338e+00
2.576249999999999929e+01 1.372255236797559341e+00
2.578750000000000142e+01 1.373042357734498786e+00
2.581250000000000000e+01 1.346414119377914442e+00
2.583749999999999858e+01 1.300044461324052492e+00
2.586250000000000071e+01 1.239861580830317056e+00
2.588749999999999929e+01 1.170593633063771399e+00
2.591250000000000142e+01 1.097676720307364295e+00
2.593750000000000000e+01 1.027830470620554326e+00
2.596249999999999858e+01 9.693997114710792840e-01
2.598750000000000071e+01 9.327880903973992943e-01
2.601249999999999929e+01 9.284041118804128301e-01
2.603750000000000142e+01 9.614917175046613362e-01
2.606250000000000000e+01 1.028365054571446890e+00
2.608749999999999858e+01 1.117757248831747763e+00
2.611250000000000071e+01 1.215923917298090906e+00
2.613749999999999929e+01 1.310278540149382387e+00
2.616250000000000142e+01 1.390067238666801597e+00
2.618750000000000000e+01 1.447513449303114319e+00
2.621249999999999858e+01 1.480764073189914320e+00
2.623750000000000071e+01 1.494458696856939772e+00
2.626249999999999929e+01 1.495749636174259489e+00
2.628750000000000142e+01 1.489227636334608196e+00
2.631250000000000000e+01 1.473790146061941364e+00
2.633749999999999858e+01 1.441679517097363084e+00
2.636250000000000071e+01 1.382377766889611337e+00
2.638749999999999929e+01 1.292175659948774591e+00
2.641250000000000142e+01 1.180889976982322231e+00
2.643750000000000000e+01 1.067376936330943327e+00
2.646249999999999858e+01 9.685417223107184448e-01
2.648750000000000071e+01 8.924209740811759328e-01
2.651249999999999929e+01 8.388960894382748723e-01
2.653750000000000142e+01 8.037457073661915530e-01
2.656250000000000000e+01 7.818761104041370702e-01
2.658749999999999858e+01 7.687578346451027222e-01
2.661250000000000071e+01 7.608243265919736320e-01
2.663749999999999929e+01 7.556392733930408223e-01
2.666250000000000142e+01 7.520938597120622182e-01
2.668750000000000000e+01 7.502114855490409351e-01
2.671249999999999858e+01 7.503301187881935563e-01
2.673750000000000071e+01 7.520012365567009249e-01
2.676249999999999929e+01 7.537621844425059781e-01
2.678750000000000142e+01 7.541322957153826501e-01
2.681250000000000000e+01 7.526740519132333329e-01
2.683749999999999858e+01 7.497509037752431160e-01
2.686250000000000071e+01 7.455770220463164843e-01
2.688749999999999929e+01 7.401928700588314980e-01
2.691250000000000142e+01 7.341527393602114149e-01
2.693750000000000000e+01 7.284727869582741100e-01
2.696249999999999858e+01 7.239335118587109097e-01
2.698750000000000071e+01 7.209103361324985526e-01
2.701249999999999929e+01 7.196821313649879315e-01
2.703750000000000142e+01 7.203343181181051103e-01
2.706250000000000000e+01 7.223257447949084087e-01
2.708749999999999858e+01 7.247219729285658829e-01
2.711250000000000071e+01 7.272487770889030090e-01
2.713749999999999929e+01 7.309357951340541559e-01
2.716250000000000142e+01 7.371236572541011167e-01
2.718750000000000000e+01 7.456267690656663838e-01
2.721249999999999858e+01 7.542896537211311037e-01
2.723750000000000071e+01 7.606663166750946559e-01
2.726249999999999929e+01 7.638966061942512598e-01
2.728750000000000142e+01 7.647957593413949873e-01
2.731250000000000000e+01 7.645669192262793956e-01
2.733749999999999858e+01 7.638077856117397868e-01
2.736250000000000071e+01 7.624822889700922923e-01
2.738749999999999929e+01 7.603531590151244579e-01
2.741250000000000142e+01 7.573274190732990352e-01
2.743750000000000000e+01 7.536173095301867964e-01
2.746249999999999858e+01 7.496377582103647130e-01
2.748750000000000071e+01 7.456680706698490813e-01
2.751249999999999929e+01 7.416782856768286969e-01
2.753750000000000142e+01 7.377161656022190872e-01
2.756250000000000000e+01 7.344547163866046446e-01
2.758749999999999858e+01 7.331952555408079997e-01
2.761250000000000071e+01 7.350547696157684330e-01
2.763749999999999929e+01 7.399583335679194018e-01
2.766250000000000142e+01 7.465796656050005531e-01
2.768750000000000000e+01 7.541687801898167010e-01
2.771249999999999858e+01 7.655076850105297925e-01
2.773750000000000071e+01 7.881595532047922514e-01
2.776249999999999929e+01 8.302238896511376920e-01
2.778750000000000142e+01 8.900047633126862978e-01
2.781250000000000000e+01 9.483148708464945731e-01
2.783749999999999858e+01 9.771313878189035185e-01
2.786250000000000071e+01 9.624268796552548633e-01
2.788749999999999929e+01 9.176618016320694515e-01
2.791250000000000142e+01 8.727987391560085850e-01
2.793750000000000000e+01 8.536355813532705561e-01
2.796249999999999858e+01 8.709589464737068631e-01
2.798750000000000071e+01 9.179846998399371349e-01
2.801249999999999929e+01 9.699893475675339660e-01
2.803750000000000142e+01 9.944026206882177199e-01
2.806250000000000000e+01 9.743064958732412517e-01
2.808749999999999858e+01 9.246008564223788806e-01
2.811250000000000071e+01 8.816106655700933770e-01
2.813749999999999929e+01 8.756092946710967162e-01
2.816250000000000142e+01 9.093624676141514040e-01
2.818750000000000000e+01 9.560022665672364139e-01
2.821249999999999858e+01 9.781640397049770064e-01
2.823750000000000071e+01 9.568489493838210347e-01
2.826249999999999929e+01 9.047822380187967584e-01
2.828750000000000142e+01 8.519217739272477719e-01
2.831250000000000000e+01 8.221018247713441918e-01
2.833749999999999858e+01 8.249322914512440263e-01
2.836250000000000071e+01 8.600625748397863202e-01
2.838749999999999929e+01 9.171959871140813458e-01
2.841250000000000142e+01 9.722454143328138620e-01
2.843750000000000000e+01 9.958141794821020465e-01
2.846249999999999858e+01 9.757285248358735785e-01
2.848750000000000071e+01 9.300380407218004075e-01
2.851249999999999929e+01 8.925856181501459208e-01
2.853750000000000142e+01 8.846609703486613130e-01
2.856250000000000000e+01 9.001952685500110851e-01
2.858749999999999858e+01 9.148551829437564509e-01
2.861250000000000071e+01 9.076477278561503326e-01
2.863749999999999929e+01 8.757877987638759132e-01
2.866250000000000142e+01 8.321968500272609592e-01
2.868750000000000000e+01 7.925087904974974506e-01
2.871249999999999858e+01 7.662336313655028208e-01
2.873750000000000071e+01 7.567526788246718983e-01
2.876249999999999929e+01 7.647248717828658560e-01
2.878750000000000142e+01 7.897780489530383807e-01
2.881250000000000000e+01 8.305447663798608549e-01
2.883749999999999858e+01 8.839621685899599068e-01
2.886250000000000071e+01 9.447005533693177970e-01
2.888749999999999929e+01 1.004413600815462271e+00
2.891250000000000142e+01 1.051191176617099821e+00
2.893750000000000000e+01 1.071448446215765848e+00
2.896249999999999858e+01 1.056065531914460731e+00
2.898750000000000071e+01 1.007184264633001591e+00
2.901249999999999929e+01 9.386570601950561255e-01
2.903750000000000142e+01 8.683333657428107255e-01
2.906250000000000000e+01 8.090366020057235819e-01
2.908749999999999858e+01 7.653672609665671533e-01
2.911250000000000071e+01 7.361300771071541682e-01
2.913749999999999929e+01 7.178802589739307072e-01
2.916250000000000142e+01 7.072556399058103072e-01
2.918750000000000000e+01 7.019788694450888045e-01
2.921249999999999858e+01 7.012925229841155961e-01
2.923750000000000071e+01 7.054421706243727552e-01
2.926249999999999929e+01 7.146872918673643493e-01
2.928750000000000142e+01 7.280383244183951108e-01
2.931250000000000000e+01 7.425675064222873045e-01
2.933749999999999858e+01 7.538512919588453709e-01
2.936250000000000071e+01 7.577471558422470554e-01
2.938749999999999929e+01 7.524545091638693561e-01
2.941250000000000142e+01 7.393187473448485925e-01
2.943750000000000000e+01 7.219556097522641380e-01
2.946249999999999858e+01 7.045472312250655733e-01
2.948750000000000071e+01 6.903346814451607472e-01
2.951249999999999929e+01 6.808148444959476464e-01
2.953750000000000142e+01 6.758036936982718679e-01
2.956250000000000000e+01 6.741513213756071821e-01
2.958749999999999858e+01 6.745605026377285984e-01
2.961250000000000071e+01 6.761622320068432224e-01
2.963749999999999929e+01 6.785695562255810165e-01
2.966250000000000142e+01 6.813622760779791676e-01
2.968750000000000000e+01 6.836183711809954433e-01
2.971249999999999858e+01 6.842541401736476070e-01
2.973750000000000071e+01 6.827671765559346628e-01
2.976249999999999929e+01 6.794146313676232563e-01
2.978750000000000142e+01 6.748432747632743256e-01
2.981250000000000000e+01 6.698760314209213362e-01
2.983749999999999858e+01 6.653856571938002729e-01
2.986250000000000071e+01 6.618398788195023474e-01
2.988749999999999929e+01 6.589544769239988886e-01
2.991250000000000142e+01 6.560714782203139750e-01
2.993750000000000000e+01 6.529080012482113560e-01
2.996249999999999858e+01 6.498206944925314366e-01
2.998750000000000071e+01 6.473951153257970770e-01
3.001249999999999929e+01 6.459093675676024215e-01
3.003750000000000142e+01 6.451640497665974694e-01
3.006250000000000000e+01 6.446676066132198679e-01
3.008749999999999858e+01 6.438824606647693960e-01
3.011250000000000071e+01 6.424047597831403777e-01
3.013749999999999929e+01 6.401664053931893639e-01
3.016250000000000142e+01 6.375976823616315015e-01
3.018750000000000000e+01 6.355118645781664410e-01
3.021249999999999858e+01 6.346753827474924670e-01
3.023750000000000071e+01 6.353630528449508708e-01
3.026249999999999929e+01 6.372005040235579898e-01
3.028750000000000142e+01 6.393513940947151974e-01
3.031250000000000000e+01 6.409087539683813173e-01
3.033749999999999858e+01 6.412541177905636269e-01
3.036250000000000071e+01 6.402390682208444206e-01
3.038749999999999929e+01 6.381668029086624561e-01
3.041250000000000142e+01 6.356576509302023226e-01
3.043750000000000000e+01 6.335105647322218925e-01
3.046249999999999858e+01 6.325995253165803689e-01
3.048750000000000071e+01 6.337683506961949709e-01
3.051249999999999929e+01 6.376087748244225750e-01
3.053750000000000142e+01 6.440580870307431871e-01
3.056250000000000000e+01 6.519996296739942743e-01
3.058749999999999858e+01 6.593707873381248197e-01
3.061250000000000071e+01 6.641094247137802054e-01
3.063749999999999929e+01 6.654564758768335420e-01
3.066250000000000142e+01 6.644076977029763631e-01
3.068750000000000000e+01 6.627033190272875185e-01
3.071249999999999858e+01 6.614946642723540382e-01
3.073750000000000071e+01 6.611749138354280353e-01
3.076249999999999929e+01 6.623072538795004016e-01
3.078750000000000142e+01 6.663519679236249438e-01
3.081250000000000000e+01 6.755603900401085937e-01
3.083749999999999858e+01 6.926513719584389550e-01
3.086250000000000071e+01 7.206677168879721540e-01
3.088749999999999929e+01 7.621628758522590585e-01
3.091250000000000142e+01 8.164046497908832301e-01
3.093750000000000000e+01 8.757061641644060535e-01
3.096249999999999858e+01 9.253015839879037419e-01
3.098750000000000071e+01 9.504354857438988002e-01
3.101249999999999929e+01 9.477452519172608891e-01
3.103750000000000142e+01 9.314157939922425022e-01
3.106250000000000000e+01 9.268471575716101807e-01
3.108749999999999858e+01 9.552238112826549887e-01
3.111250000000000071e+01 1.019855156884994285e+00
3.113749999999999929e+01 1.103381211416434748e+00
3.116250000000000142e+01 1.176584341428270619e+00
3.118750000000000000e+01 1.212657319854094640e+00
3.121249999999999858e+01 1.199904156889466611e+00
3.123750000000000071e+01 1.147750971823052302e+00
3.126249999999999929e+01 1.082735275525096519e+00
3.128750000000000142e+01 1.036722345970960468e+00
3.131250000000000000e+01 1.035504927710659606e+00
3.133749999999999858e+01 1.093504430871797384e+00
3.136250000000000071e+01 1.210405696522606656e+00
3.138749999999999929e+01 1.366460250362715012e+00
3.141250000000000142e+01 1.523779459587836005e+00
3.143750000000000000e+01 1.642209408610135313e+00
3.146249999999999858e+01 1.699916636157036365e+00
3.148750000000000071e+01 1.698139848826077269e+00
3.151249999999999929e+01 1.648162642141467238e+00
3.153750000000000142e+01 1.559424344576873178e+00
3.156250000000000000e+01 1.440379799598454191e+00
3.158749999999999858e+01 1.305115156445820324e+00
3.161250000000000071e+01 1.175629395207066885e+00
3.163749999999999929e+01 1.077706480520354226e+00
3.166250000000000142e+01 1.033053503015741503e+00
3.168750000000000000e+01 1.050272637347001936e+00
3.171249999999999858e+01 1.119915694604995515e+00
3.173750000000000071e+01 1.218736984350555552e+00
3.176249999999999929e+01 1.318365602699972383e+00
3.178750000000000142e+01 1.389140906293271804e+00
3.181250000000000000e+01 1.401862796029681668e+00
3.183749999999999858e+01 1.339740477948072161e+00
3.186250000000000071e+01 1.214338567032941851e+00
3.188749999999999929e+01 1.062762803105965936e+00
3.191250000000000142e+01 9.235650796634446991e-01
3.193750000000000000e+01 8.164649940895296609e-01
3.196249999999999858e+01 7.423059335571053907e-01
3.198750000000000071e+01 6.939341603900676114e-01
3.201250000000000284e+01 6.638056096076553336e-01
3.203750000000000142e+01 6.455629499155568496e-01
3.206250000000000000e+01 6.339807410413378364e-01
3.208749999999999858e+01 6.253540607931972195e-01
3.211249999999999716e+01 6.178331490628112821e-01
3.213750000000000284e+01 6.108450900668722650e-01
3.216250000000000142e+01 6.041039381878494652e-01
3.218750000000000000e+01 5.973174072937612600e-01
3.221249999999999858e+01 5.906312950247333271e-01
3.223749999999999716e+01 5.847428458222696523e-01
3.226250000000000284e+01 5.802744743698333707e-01
3.228750000000000142e+01 5.772351005706302107e-01
3.231250000000000000e+01 5.752295677267164065e-01
3.233749999999999858e+01 5.739435565704108511e-01
3.236249999999999716e+01 5.732469024101353172e-01
3.238750000000000284e+01 5.729373077539098302e-01
3.241250000000000142e+01 5.725786637883671926e-01
3.243750000000000000e+01 5.716699976729960886e-01
3.246249999999999858e+01 5.699937860141893742e-01
3.248749999999999716e+01 5.678124573666561981e-01
3.251250000000000284e+01 5.656955931345929445e-01
3.253750000000000142e+01 5.641612942012096399e-01
3.256250000000000000e+01 5.635164339337834782e-01
3.258749999999999858e+01 5.639522453556253812e-01
3.261249999999999716e+01 5.655923852993561818e-01
3.263750000000000284e+01 5.683877757805817499e-01
3.266250000000000142e+01 5.720974731454280260e-01
3.268750000000000000e+01 5.765578979563164008e-01
3.271249999999999858e+01 5.819374075430306936e-01
3.273749999999999716e+01 5.885776366155031081e-01
3.276250000000000284e+01 5.964467639434318791e-01
3.278750000000000142e+01 6.046930246018107358e-01
3.281250000000000000e+01 6.117498606789719684e-01
3.283749999999999858e+01 6.159942128735201861e-01
3.286249999999999716e+01 6.165013016136922097e-01
3.288750000000000284e+01 6.134843554491939965e-01
3.291250000000000142e+01 6.083449711076615030e-01
3.293750000000000000e+01 6.032253462125097832e-01
3.296249999999999858e+01 6.000966087741663735e-01
3.298749999999999716e+01 6.001843517091686175e-01
3.301250000000000284e+01 6.041977039037040864e-01
3.303750000000000142e+01 6.131534329897271318e-01
3.306250000000000000e+01 6.290037766757438087e-01
3.308749999999999858e+01 6.540027187077845916e-01
3.311249999999999716e+01 6.883317528012877773e-01
3.313750000000000284e+01 7.274584651931810253e-01
3.316250000000000142e+01 7.613274664382283508e-01
3.318750000000000000e+01 7.773087282980503110e-01
3.321249999999999858e+01 7.677935587018478447e-01
3.323749999999999716e+01 7.371740245626479116e-01
3.326250000000000284e+01 6.995655424996949368e-01
3.328750000000000142e+01 6.687275807394923444e-01
3.331250000000000000e+01 6.511314252813611425e-01
3.333749999999999858e+01 6.471439718059897039e-01
3.336249999999999716e+01 6.556971467626452332e-01
3.338750000000000284e+01 6.767841482434505673e-01
3.341250000000000142e+01 7.095645616703916136e-01
3.343750000000000000e+01 7.481329606553259737e-01
3.346249999999999858e+01 7.801374969519702107e-01
3.348749999999999716e+01 7.919613519528323486e-01
3.351250000000000284e+01 7.773354148587865442e-01
3.353750000000000142e+01 7.417082279936141331e-01
3.356250099999999748e+01 6.984911027209479428e-01
3.358750100000000316e+01 6.609777106863429230e-01
3.361250100000000174e+01 6.363794061738947683e-01
3.363750100000000032e+01 6.252440941455248424e-01
3.366250099999999890e+01 6.255263883737087749e-01
3.368750099999999748e+01 6.372592105862886491e-01
3.371250100000000316e+01 6.632379154556895529e-01
3.373750100000000174e+01 7.045640087997057099e-01
3.376250100000000032e+01 7.543037229450029191e-01
3.378750099999999890e+01 7.952044847536363648e-01
3.381250099999999748e+01 8.068285561199068923e-01
3.383750100000000316e+01 7.800038265624974487e-01
3.386250100000000174e+01 7.254908286029418951e-01
3.388750100000000032e+01 6.661919337710482392e-01
3.391250099999999890e+01 6.204621965767034286e-01
3.393750099999999748e+01 5.931209724220793955e-01
3.396250100000000316e+01 5.791246281897417525e-01
3.398750100000000174e+01 5.717580855179371646e-01
3.401250100000000032e+01 5.671052365653634908e-01
3.403750099999999890e+01 5.635925781788410083e-01
3.406250099999999748e+01 5.602778203147373848e-01
3.408750100000000316e+01 5.567238570895188809e-01
3.411250100000000174e+01 5.535770851071343257e-01
3.413750100000000032e+01 5.518597728576812855e-01
3.416250099999999890e+01 5.516172491300590508e-01
3.418750099999999748e+01 5.520312029208855886e-01
3.421250100000000316e+01 5.528603344299458655e-01
3.423750100000000174e+01 5.548880456592474308e-01
3.426250100000000032e+01 5.584911564341071832e-01
3.428750099999999890e+01 5.625729477630595499e-01
3.431250099999999748e+01 5.657835291439339276e-01
3.433750100000000316e+01 5.681501394634139723e-01
3.436250100000000174e+01 5.703684927032404151e-01
3.438750100000000032e+01 5.721201374237600001e-01
3.441250099999999890e+01 5.726128036286213252e-01
3.443750099999999748e+01 5.724438802385536373e-01
3.446250100000000316e+01 5.733033495371782085e-01
3.448750100000000174e+01 5.758169217145712171e-01
3.451250100000000032e+01 5.790382924434411827e-01
3.453750099999999890e+01 5.822965139400608781e-01
3.456250099999999748e+01 5.862145200008532786e-01
3.458750100000000316e+01 5.912895851776847067e-01
3.461250100000000174e+01 5.964917090792082321e-01
3.463750100000000032e+01 6.002356044448190486e-01
3.466250099999999890e+01 6.022853884788460510e-01
3.468750099999999748e+01 6.039288397825699484e-01
3.471250100000000316e+01 6.064737657755835398e-01
3.473750100000000174e+01 6.102577925531107450e-01
3.476250100000000032e+01 6.153983247595913308e-01
3.478750099999999890e+01 6.225131393138574332e-01
3.481250099999999748e+01 6.313732784541931098e-01
3.483750100000000316e+01 6.396078205728612520e-01
3.486250100000000174e+01 6.451986621057212989e-01
3.488750100000000032e+01 6.505162309323150316e-01
3.491250099999999890e+01 6.617362036262686154e-01
3.493750099999999748e+01 6.826818842910176155e-01
3.496250100000000316e+01 7.103650903864561217e-01
3.498750100000000174e+01 7.387999866248837755e-01
3.501250100000000032e+01 7.664251351608365459e-01
3.503750099999999890e+01 7.956545142593918207e-01
3.506250099999999748e+01 8.249262101420661297e-01
3.508750100000000316e+01 8.489916089653708475e-01
3.511250100000000174e+01 8.721126409668988888e-01
3.513750100000000032e+01 9.129890581181439035e-01
3.516250099999999890e+01 9.850114840141259709e-01
3.518750099999999748e+01 1.076598472618477409e+00
3.521250100000000316e+01 1.170651510395561701e+00
3.523750100000000174e+01 1.290938080024243151e+00
3.526250100000000032e+01 1.509046016548813984e+00
3.528750099999999890e+01 1.892528604349776877e+00
3.531250099999999748e+01 2.476138197422620202e+00
3.533750100000000316e+01 3.318247929200472512e+00
3.536250100000000174e+01 4.495468211349110454e+00
3.538750100000000032e+01 5.871841646200773646e+00
3.541250099999999890e+01 6.895594235806642658e+00
3.543750099999999748e+01 6.895744528129995388e+00
3.546250100000000316e+01 5.725467952416147810e+00
3.548750100000000174e+01 3.962538888156502459e+00
3.551250100000000032e+01 2.389879435794004969e+00
3.553750099999999890e+01 1.409260627116719178e+00
3.556250099999999748e+01 9.683097487581109331e-01
3.558750100000000316e+01 8.426302127915494822e-01
3.561250100000000174e+01 8.609936337322396938e-01
3.563750100000000032e+01 9.461890620982053024e-01
3.566250099999999890e+01 1.066957292095798371e+00
3.568750099999999748e+01 1.193872671821427645e+00
3.571250100000000316e+01 1.285825237460540560e+00
3.573750100000000174e+01 1.303548444809099038e+00
3.576250100000000032e+01 1.231383959036658649e+00
3.578750099999999890e+01 1.089900662724313296e+00
3.581250099999999748e+01 9.247425559128594763e-01
3.583750100000000316e+01 7.798718727095649283e-01
3.586250100000000174e+01 6.772637854810377167e-01
3.588750100000000032e+01 6.152144766841887158e-01
3.591250099999999890e+01 5.801377419041064964e-01
3.593750099999999748e+01 5.592406284516964199e-01
3.596250100000000316e+01 5.453960133507094188e-01
3.598750100000000174e+01 5.357046162004204248e-01
3.601250100000000032e+01 5.288198070672953666e-01
3.603750099999999890e+01 5.239791214042333056e-01
3.606250099999999748e+01 5.206067279129396042e-01
3.608750100000000316e+01 5.181880320960631225e-01
3.611250100000000174e+01 5.164311084022072951e-01
3.613750100000000032e+01 5.152838028575882356e-01
3.616250099999999890e+01 5.145891876724526526e-01
3.618750099999999748e+01 5.139756117910924127e-01
3.621250100000000316e+01 5.132060392608217558e-01
3.623750100000000174e+01 5.124308118001805745e-01
3.626250100000000032e+01 5.119199381979135932e-01
3.628750099999999890e+01 5.117070974931372529e-01
3.631250099999999748e+01 5.115621065808704238e-01
3.633750100000000316e+01 5.111318698746373235e-01
3.636250100000000174e+01 5.100169502576323843e-01
3.638750100000000032e+01 5.079441601915052340e-01
3.641250099999999890e+01 5.050904192114522573e-01
3.643750099999999748e+01 5.021723303462475307e-01
3.646250100000000316e+01 5.000653017879055362e-01
3.648750100000000174e+01 4.993170177196375459e-01
3.651250100000000032e+01 5.000596288383416521e-01
3.653750099999999890e+01 5.022256457241998095e-01
3.656250099999999748e+01 5.056908503665028531e-01
3.658750100000000316e+01 5.101640160955768222e-01
3.661250100000000174e+01 5.148913169319813132e-01
3.663750100000000032e+01 5.184010835090968605e-01
3.666250099999999890e+01 5.187712827129896676e-01
3.668750099999999748e+01 5.147782964429011843e-01
3.671250100000000316e+01 5.070847307933046277e-01
3.673750100000000174e+01 4.980287183406085783e-01
3.676250100000000032e+01 4.900044039599503742e-01
3.678750099999999890e+01 4.840768531346364423e-01
3.681250099999999748e+01 4.799437859689361652e-01
3.683750100000000316e+01 4.768092768861190711e-01
3.686250100000000174e+01 4.741479815832569944e-01
3.688750100000000032e+01 4.719608343505907744e-01
3.691250099999999890e+01 4.707180300593101774e-01
3.693750099999999748e+01 4.711266778097340513e-01
3.696250100000000316e+01 4.735642664857261375e-01
3.698750100000000174e+01 4.773386576900763290e-01
3.701250100000000032e+01 4.806603604564331222e-01
3.703750099999999890e+01 4.817153189108155376e-01
3.706250099999999748e+01 4.797896415044865526e-01
3.708750100000000316e+01 4.754006191198231202e-01
3.711250100000000174e+01 4.699096115906611359e-01
3.713750100000000032e+01 4.653522830164852353e-01
3.716250099999999890e+01 4.639007402066930297e-01
3.718750099999999748e+01 4.665283705547932369e-01
3.721250100000000316e+01 4.722950647057458928e-01
3.723750100000000174e+01 4.795938903431694600e-01
3.726250100000000032e+01 4.880876590662706627e-01
3.728750099999999890e+01 4.990519761542804300e-01
3.731250099999999748e+01 5.146312152296177445e-01
3.733750100000000316e+01 5.384678065593734297e-01
3.736250100000000174e+01 5.752670037954168425e-01
3.738750100000000032e+01 6.236356861750774749e-01
3.741250099999999890e+01 6.673237767139441612e-01
3.743750099999999748e+01 6.810126691465017146e-01
3.746250100000000316e+01 6.518867738966769299e-01
3.748750100000000174e+01 5.930976077518841372e-01
3.751250100000000032e+01 5.324492140494635484e-01
3.753750099999999890e+01 4.911167164387578721e-01
3.756250099999999748e+01 4.743031300397131389e-01
3.758750100000000316e+01 4.763866716770616128e-01
3.761250100000000174e+01 4.904735720119436371e-01
3.763750100000000032e+01 5.148191119118986636e-01
3.766250099999999890e+01 5.517630810759006632e-01
3.768750099999999748e+01 5.988618165944852301e-01
3.771250100000000316e+01 6.405490994904896596e-01
3.773750100000000174e+01 6.527820361833355234e-01
3.776250100000000032e+01 6.217211655199286202e-01
3.778750099999999890e+01 5.580310827983521182e-01
3.781250099999999748e+01 4.888124852559635469e-01
3.783750100000000316e+01 4.359616303727981701e-01
3.786250100000000174e+01 4.047180505196292799e-01
3.788750100000000032e+01 3.889153813162393170e-01
3.791250099999999890e+01 3.807621527216706880e-01
3.793750099999999748e+01 3.754893826351002328e-01
3.796250100000000316e+01 3.711647538228254328e-01
3.798750100000000174e+01 3.673440394916223650e-01
3.801250100000000032e+01 3.640758001518468179e-01
3.803750099999999890e+01 3.614929020785142000e-01
3.806250099999999748e+01 3.595334802156466836e-01
3.808750100000000316e+01 3.578505889549236096e-01
3.811250100000000174e+01 3.561005939326916669e-01
3.813750100000000032e+01 3.544209742518016348e-01
3.816250099999999890e+01 3.536186568640702355e-01
3.818750099999999748e+01 3.549408287048566035e-01
3.821250100000000316e+01 3.595562284926664409e-01
3.823750100000000174e+01 3.679220687898577258e-01
3.826250100000000032e+01 3.792024488489514900e-01
3.828750099999999890e+01 3.909151902352120955e-01
3.831250099999999748e+01 3.991099069773784702e-01
3.833750100000000316e+01 3.996208287053402142e-01
3.836250100000000174e+01 3.904423275910303137e-01
3.838750100000000032e+01 3.735165703330913800e-01
3.841250099999999890e+01 3.538446313952517408e-01
3.843750099999999748e+01 3.364644586585509023e-01
3.846250100000000316e+01 3.239910515234751820e-01
3.848750100000000174e+01 3.162946185910275876e-01
3.851250100000000032e+01 3.117796050240053685e-01
3.853750099999999890e+01 3.089265062921359162e-01
3.856250099999999748e+01 3.070532356153408693e-01
3.858750100000000316e+01 3.060835744242274004e-01
3.861250100000000174e+01 3.057802689625461756e-01
3.863750100000000032e+01 3.052666082519887025e-01
3.866250099999999890e+01 3.033033626905065616e-01
3.868750099999999748e+01 2.991918725989124450e-01
3.871250100000000316e+01 2.934396948305935671e-01
3.873750100000000174e+01 2.873541764464804804e-01
3.876250100000000032e+01 2.819754539954232309e-01
3.878750099999999890e+01 2.775362940930171662e-01
3.881250099999999748e+01 2.738017507643711879e-01
3.883750100000000316e+01 2.705857034150127571e-01
3.886250100000000174e+01 2.678659241853267314e-01
3.888750100000000032e+01 2.655829658483547240e-01
3.891250099999999890e+01 2.634954924815615107e-01
3.893750099999999748e+01 2.612496729003010443e-01
3.896250100000000316e+01 2.585727923217960855e-01
3.898750100000000174e+01 2.553860537266485209e-01
3.901250100000000032e+01 2.517450742488668292e-01
3.903750099999999890e+01 2.477495110151693991e-01
3.906250099999999748e+01 2.435959558312827122e-01
3.908750100000000316e+01 2.396868053852496128e-01
3.911250100000000174e+01 2.365278300091356867e-01
3.913750100000000032e+01 2.344067062857371209e-01
3.916250099999999890e+01 2.331533236895294570e-01
3.918750099999999748e+01 2.322120607168015050e-01
3.921250100000000316e+01 2.310023891258535522e-01
3.923750100000000174e+01 2.293249998814650970e-01
3.926250100000000032e+01 2.274843986901398385e-01
3.928750099999999890e+01 2.259705327082463522e-01
3.931250099999999748e+01 2.249628367473269219e-01
3.933750100000000316e+01 2.241348030184120710e-01
3.936250100000000174e+01 2.229405285933151737e-01
3.938750100000000032e+01 2.210650926579403874e-01
3.941250099999999890e+01 2.186060381354547055e-01
3.943750099999999748e+01 2.158908278927464397e-01
3.946250100000000316e+01 2.131859745235717141e-01
3.948750100000000174e+01 2.105830613123705897e-01
3.951250100000000032e+01 2.080744765383425732e-01
3.953750099999999890e+01 2.056726718299327072e-01
3.956250099999999748e+01 2.034823609097176911e-01
3.958750100000000316e+01 2.016850837272705088e-01
3.961250100000000174e+01 2.003932634034399918e-01
3.963750100000000032e+01 1.995013915020500961e-01
3.966250099999999890e+01 1.987313182504437670e-01
3.968750099999999748e+01 1.978109702268047165e-01
3.971250100000000316e+01 1.965731199312463762e-01
3.973750100000000174e+01 1.949249248096511788e-01
3.976250100000000032e+01 1.928182068746271405e-01
3.978750099999999890e+01 1.902893208865341079e-01
3.981250099999999748e+01 1.875259115552480871e-01
3.983750100000000316e+01 1.848613136146506630e-01
3.986250100000000174e+01 1.826375036933455265e-01
3.988750100000000032e+01 1.810103939939061712e-01
3.991250099999999890e+01 1.798931503124266973e-01
3.993750099999999748e+01 1.791231777958435245e-01
3.996250100000000316e+01 1.786212053072578076e-01
3.998750100000000174e+01 1.783751781913087975e-01
