0.000000 1.000000000000
0.032500 0.494223948488
0.042500 0.234805268908
0.052500 0.108568286258
0.062500 0.029684855834
0.067500 0.009595743546
0.072500 0.000008867511
0.077500 0.004388119615
0.087500 0.002026379118
0.092500 0.011515921256
0.097500 0.014381499729
0.102500 0.007920712005
0.107500 0.001326937365
0.112500 0.004249564986
0.117500 0.003843519053
0.122500 0.001839178282
0.127500 0.002040511514
0.132500 0.001088095022
0.137500 0.000199963344
0.142500 0.000220669709
0.147500 0.000000434979
0.152500 0.003066933728
0.157500 0.001144025428
0.162500 0.000399852210
0.167500 0.000764684859
0.172500 0.000242640669
0.177500 0.000440692148
0.182500 0.000795123277
0.187500 0.000598962228
0.192500 0.000315795632
0.197500 0.000108072370
0.202500 0.000046738381
0.207500 0.000026191826
0.212500 0.001764448703
0.217500 0.000129438419
0.222500 0.000219791439
0.227500 0.000146522600
0.232500 0.000120598989
0.237500 0.000147268667
0.242500 0.000172680429
0.247500 0.000168817383
0.252500 0.000162173699
0.257500 0.000040523126
0.262500 0.000024810420
0.267500 0.000021452686
0.272500 0.000562245481
0.277500 0.000053344707
0.282500 0.000045881980
0.287500 0.000064795421
0.292500 0.000083642771
0.297500 0.000050529831
0.302500 0.000021078582
0.307500 0.000122565194
0.312500 0.000105371919
0.317500 0.000071229593
0.322500 0.000056929226
0.327500 0.000032887890
0.332500 0.000269026346
0.337500 0.000063786469
0.342500 0.000049330211
0.347500 0.000069885161
0.352500 0.000094994424
0.357500 0.000030536162
0.362500 0.000085335290
0.367500 0.000017703140
0.372500 0.000063366450
0.377500 0.000066749221
0.382500 0.000027419125
0.387500 0.000030370496
0.392500 0.000113759335
0.397500 0.000010631911
0.402500 0.000007372744
0.407500 0.000005493617
0.412500 0.000003944939
0.417500 0.000011021051
0.422500 0.000011715273
0.427500 0.000012890350
0.432500 0.000011812534
0.437500 0.000026049728
0.442500 0.000020275852
0.447500 0.000031575165
0.452500 0.000089219521
0.457500 0.000017556139
0.462500 0.000015138922
0.467500 0.000017845830
0.472500 0.000008627928
0.477500 0.000010103404
0.482500 0.000006112123
0.487500 0.000005640505
0.492500 0.000002335456
0.497500 0.000002477516
0.502500 0.000004707802
0.507500 0.000003267985
0.512500 0.000054800782
0.517500 0.000007581091
0.522500 0.000003202933
0.527500 0.000015303046
0.532500 0.000009667935
0.537500 0.000005410996
0.542500 0.000007964949
0.547500 0.000012093953
0.552500 0.000007827783
0.557500 0.000005875414
0.562500 0.000003147248
0.567500 0.000002072723
0.572500 0.000027045888
0.577500 0.000002145795
0.582500 0.000001882771
0.587500 0.000001644774
0.592500 0.000006070225
0.597500 0.000004979556
0.602500 0.000004900251
0.607500 0.000005019014
0.612500 0.000006056348
0.617500 0.000005154055
0.622500 0.000007013938
0.627500 0.000006105621
0.632500 0.000021524941
0.637500 0.000003260635
0.642500 0.000001866073
0.647500 0.000001093395
0.652500 0.000000887053
0.657500 0.000001745027
0.662500 0.000001649120
0.667500 0.000001963515
0.672500 0.000002011476
0.677500 0.000003211859
0.682500 0.000005754747
0.687500 0.000003712931
0.692500 0.000016770831
0.697500 0.000001837718
0.702500 0.000001776880
0.707500 0.000001379226
0.712500 0.000001529928
0.717500 0.000001164620
0.722500 0.000001498984
0.727500 0.000001378593
0.732500 0.000001057649
0.737500 0.000001741498
0.742500 0.000003100995
0.747500 0.000002888125
0.752500 0.000012769710
0.757500 0.000001375323
0.762500 0.000001992088
0.767500 0.000002230313
0.772500 0.000002043441
0.777500 0.000001689327
0.782500 0.000002000853
0.787500 0.000001177530
0.792500 0.000001859248
0.797500 0.000000777912
0.802500 0.000003827571
0.807500 0.000002358469
0.812500 0.000011892998
0.817500 0.000002040801
0.822500 0.000002192808
0.827500 0.000001347543
0.832500 0.000004077617
0.837500 0.000002505615
0.842500 0.000002093600
0.847500 0.000002039572
0.852500 0.000001211785
0.857500 0.000001600077
0.862500 0.000001594177
0.867500 0.000001028739
0.872500 0.000007548326
0.877500 0.000002555027
0.882500 0.000003064254
0.887500 0.000001824343
0.892500 0.000002806137
0.897500 0.000003094848
0.902500 0.000003240958
0.907500 0.000001840886
0.912500 0.000002227589
0.917500 0.000002067759
0.922500 0.000002754700
0.927500 0.000004321975
0.932500 0.000005886414
0.937500 0.000002542863
0.942500 0.000002949493
0.947500 0.000002522914
0.952500 0.000004233915
0.957500 0.000004153245
0.962500 0.000005012774
0.967500 0.000004266263
0.972500 0.000003659357
0.977500 0.000001868968
0.982500 0.000001788553
0.987500 0.000004114914
0.992500 0.000007545945
0.997500 0.000002721779
1.002500 0.000002163667
1.007500 0.000002162984
1.012500 0.000001587291
1.017500 0.000002326031
1.022500 0.000001625262
1.027500 0.000001269007
1.032500 0.000001091355
1.037500 0.000001572083
1.042500 0.000000604476
1.047500 0.000000928523
1.052500 0.000003310890
1.057500 0.000000709140
1.062500 0.000000850391
1.067500 0.000000798667
1.072500 0.000000761349
1.077500 0.000001410966
1.082500 0.000001233221
1.087500 0.000000839788
1.092500 0.000001470908
1.097500 0.000001970824
1.102500 0.000001960689
1.107500 0.000001918675
1.112500 0.000005679560
1.117500 0.000001598947
1.122500 0.000001937255
1.127500 0.000002341356
1.132500 0.000003433890
1.137500 0.000001519828
1.142500 0.000002607680
1.147500 0.000001988468
1.152500 0.000001045990
1.157500 0.000001570660
1.162500 0.000001867075
1.167500 0.000002014416
1.172500 0.000012469526
1.177500 0.000001304016
1.182500 0.000001381067
1.187500 0.000001602496
1.192500 0.000001879578
1.197500 0.000001276256
1.202500 0.000028304554
1.207500 0.000002064017
1.212500 0.000002680102
1.217500 0.000001441860
1.222500 0.000001476894
1.227500 0.000001948025
1.232500 0.000015162387
1.237500 0.000002102659
1.242500 0.000002571849
1.247500 0.000002035625
1.252500 0.000002460448
1.257500 0.000003315225
1.262500 0.000003287641
1.267500 0.000003634129
1.272500 0.000003772261
1.277500 0.000005346132
1.282500 0.000002725421
1.287500 0.000005666275
1.292500 0.000005526173
1.297500 0.000006667473
1.302500 0.000004307390
1.307500 0.000003493725
1.312500 0.000004323458
1.317500 0.000004229477
1.322500 0.000004159151
1.327500 0.000004947398
1.332500 0.000003381366
1.337500 0.000006429390
1.342500 0.000003520669
1.347500 0.000005394890
1.352500 0.000005778670
1.357500 0.000006216245
1.362500 0.000005458864
1.367500 0.000006072600
1.372500 0.000003300709
1.377500 0.000006674495
1.382500 0.000008560079
1.387500 0.000003979903
1.392500 0.000004657331
1.397500 0.000003005992
1.402500 0.000004519668
1.407500 0.000005271377
1.412500 0.000005535533
1.417500 0.000003032730
1.422500 0.000003143644
1.427500 0.000004905704
1.432500 0.000003013926
1.437500 0.000003624803
1.442500 0.000004930386
1.447500 0.000004580681
1.452500 0.000005774967
1.457500 0.000003142487
1.462500 0.000003768340
1.467500 0.000003908106
1.472500 0.000007099075
1.477500 0.000004207001
1.482500 0.000005055815
1.487500 0.000003778069
1.492500 0.000004753893
1.497500 0.000003326728
1.502500 0.000007510703
1.507500 0.000005098512
1.512500 0.000005228791
1.517500 0.000003082453
1.522500 0.000007446642
1.527500 0.000003492698
1.532500 0.000003880734
1.537500 0.000005511409
1.542500 0.000004329923
1.547500 0.000003324701
1.552500 0.000002773777
1.557500 0.000002803563
1.562500 0.000004166925
1.567500 0.000003019818
1.572500 0.000002936957
1.577500 0.000002802560
1.582500 0.000004274905
1.587500 0.000003077232
1.592500 0.000004250415
1.597500 0.000003435092
1.602500 0.000004661571
1.607500 0.000002658203
1.612500 0.000004311865
1.617500 0.000002828627
1.622500 0.000004254653
1.627500 0.000002526732
1.632500 0.000005044109
1.637500 0.000001742129
1.642500 0.000004222941
1.647500 0.000002995702
1.652500 0.000003733709
1.657500 0.000002672373
1.662500 0.000003714617
1.667500 0.000003284421
1.672500 0.000002944685
1.677500 0.000002934408
1.682500 0.000002574657
1.687500 0.000002898431
1.692500 0.000004627206
1.697500 0.000003053217
1.702500 0.000002578867
1.707500 0.000002824598
1.712500 0.000003567467
1.717500 0.000002766512
1.722500 0.000002966096
1.727500 0.000002735018
1.732500 0.000002931023
1.737500 0.000002328918
1.742500 0.000003316145
1.747500 0.000002240318
1.752500 0.000002991298
1.757500 0.000003684797
1.762500 0.000003548750
1.767500 0.000003169245
1.772500 0.000003587132
1.777500 0.000002971715
1.782500 0.000003345232
1.787500 0.000003626611
1.792500 0.000003338274
1.797500 0.000003212275
1.802500 0.000003587789
1.807500 0.000003244340
1.812500 0.000002843883
1.817500 0.000003792509
1.822500 0.000004282365
1.827500 0.000003176948
1.832500 0.000003147010
1.837500 0.000002723944
1.842500 0.000002829471
1.847500 0.000002967117
1.852500 0.000002828463
1.857500 0.000002447020
1.862500 0.000002206608
1.867500 0.000002141702
1.872500 0.000001919925
1.877500 0.000003210759
1.882500 0.000002410374
1.887500 0.000002218401
1.892500 0.000002636596
1.897500 0.000002108988
1.902500 0.000001842428
1.907500 0.000004734678
1.912500 0.000002692277
1.917500 0.000002086548
1.922500 0.000002453549
1.927500 0.000002127024
1.932500 0.000003070360
1.937500 0.000004350337
1.942500 0.000003054136
1.947500 0.000003661629
1.952500 0.000003734581
1.957500 0.000002617586
1.962500 0.000002467969
1.967500 0.000004480476
1.972500 0.000003117772
1.977500 0.000004243718
1.982500 0.000002807038
1.987500 0.000002499897
1.992500 0.000002765163
1.997500 0.000002397528
2.002500 0.000004400738
2.007500 0.000003300256
2.012500 0.000002840781
2.017500 0.000003626761
2.022500 0.000002375929
2.027500 0.000002939930
2.032500 0.000003173383
2.037500 0.000003272807
2.042500 0.000003000451
2.047500 0.000002951355
2.052500 0.000002749339
2.057500 0.000003081939
2.062500 0.000002969857
2.067500 0.000003472586
2.072500 0.000004449015
2.077500 0.000003569966
2.082500 0.000003001261
2.087500 0.000004024805
2.092500 0.000004017844
2.097500 0.000003824639
2.102500 0.000003443272
2.107500 0.000004504498
2.112500 0.000004117054
2.117500 0.000003158011
2.122500 0.000003261458
2.127500 0.000004212274
2.132500 0.000005131959
2.137500 0.000003489893
2.142500 0.000003258996
2.147500 0.000003726203
2.152500 0.000004362339
2.157500 0.000004222102
2.162500 0.000004618551
2.167500 0.000004369133
2.172500 0.000004677524
2.177500 0.000005223229
2.182500 0.000005128668
2.187500 0.000004963554
2.192500 0.000006779660
2.197500 0.000005623252
2.202500 0.000004905709
2.207500 0.000004880846
2.212500 0.000004222287
2.217500 0.000006333986
2.222500 0.000005483469
2.227500 0.000004157851
2.232500 0.000005785304
2.237500 0.000005164203
2.242500 0.000006291669
2.247500 0.000006520472
2.252500 0.000010031054
2.257500 0.000005789982
2.262500 0.000008684301
2.267500 0.000005777686
2.272500 0.000006413338
2.277500 0.000007903461
2.282500 0.000007466823
2.287500 0.000007534355
2.292500 0.000008006719
2.297500 0.000005584281
2.302500 0.000007039148
2.307500 0.000010119239
2.312500 0.000014343077
2.317500 0.000008697539
2.322500 0.000008743966
2.327500 0.000007660131
2.332500 0.000008909553
2.337500 0.000008169630
2.342500 0.000008460605
2.347500 0.000009771141
2.352500 0.000006774201
2.357500 0.000006283280
2.362500 0.000005761662
2.367500 0.000005911480
2.372500 0.000053192888
2.377500 0.000007061811
2.382500 0.000006537114
2.387500 0.000006469678
2.392500 0.000006931584
2.397500 0.000006299586
2.402500 0.000158106402
2.407500 0.000011998428
2.412500 0.000009064529
2.417500 0.000010492430
2.422500 0.000007789955
2.427500 0.000007222996
2.432500 0.000096474199
2.437500 0.000009958745
2.442500 0.000008508013
2.447500 0.000008006039
2.452500 0.000007101130
2.457500 0.000009156800
2.462500 0.000011509394
2.467500 0.000008362913
2.472500 0.000012119606
2.477500 0.000007560076
2.482500 0.000010447119
2.487500 0.000009966270
2.492500 0.000016317819
2.497500 0.000008765344
2.502500 0.000010710792
2.507500 0.000009607528
2.512500 0.000016625773
2.517500 0.000012332976
2.522500 0.000015482311
2.527500 0.000033091330
2.532500 0.000032522672
2.537500 0.000020555971
2.542500 0.000029288210
2.547500 0.000033887205
2.552500 0.000046215821
2.557500 0.000025146243
2.562500 0.000034720909
2.567500 0.000041447339
2.572500 0.000028795051
2.577500 0.000022804576
2.582500 0.000046728074
2.587500 0.000037085599
2.592500 0.000038489893
2.597500 0.000083158877
2.602500 0.000054192056
2.607500 0.000097593864
2.612500 0.000073067170
2.617500 0.000106678135
2.622500 0.000133071145
2.627500 0.000102137850
2.632500 0.000106504474
2.637500 0.000175263977
2.642500 0.000095450367
2.647500 0.000140211699
2.652500 0.000118898699
2.657500 0.000092063996
2.662500 0.000152272092
2.667500 0.000119028218
2.672500 0.000067800689
2.677500 0.000115615235
2.682500 0.000085701195
2.687500 0.000078834814
2.692500 0.000063291064
2.697500 0.000085145690
2.702500 0.000046117195
2.707500 0.000114605570
2.712500 0.000048960793
2.717500 0.000039990136
2.722500 0.000072003056
2.727500 0.000053440645
2.732500 0.000059421645
2.737500 0.000074268394
2.742500 0.000056252439
2.747500 0.000069653454
2.752500 0.000055239539
2.757500 0.000075477646
2.762500 0.000065765694
2.767500 0.000090578193
2.772500 0.000076080966
2.777500 0.000093662681
2.782500 0.000074062245
2.787500 0.000100864291
2.792500 0.000084095055
2.797500 0.000095538283
2.802500 0.000122117270
2.807500 0.000140022510
2.812500 0.000088973864
2.817500 0.000120821440
2.822500 0.000069251392
2.827500 0.000104339794
2.832500 0.000146717391
2.837500 0.000095047880
2.842500 0.000088838009
2.847500 0.000067471773
2.852500 0.000073891020
2.857500 0.000066426540
2.862500 0.000070129632
2.867500 0.000075420031
2.872500 0.000060078605
2.877500 0.000071278269
2.882500 0.000060188870
2.887500 0.000065820359
2.892500 0.000072793545
2.897500 0.000077260318
2.902500 0.000070061762
2.907500 0.000064867562
2.912500 0.000057035232
2.917500 0.000067321320
2.922500 0.000061026680
2.927500 0.000065542194
2.932500 0.000044651036
2.937500 0.000054875081
2.942500 0.000036658567
2.947500 0.000038275970
2.952500 0.000036651446
2.957500 0.000031805498
2.962500 0.000039265502
2.967500 0.000031309472
2.972500 0.000030350241
2.977500 0.000029134603
2.982500 0.000023619445
2.987500 0.000037297548
2.992500 0.000029639465
2.997500 0.000029964416
3.002500 0.000034504040
3.007500 0.000029942951
3.012500 0.000033923658
3.017500 0.000025874762
3.022500 0.000022718209
3.027500 0.000028349259
3.032500 0.000023497501
3.037500 0.000022979737
3.042500 0.000021717922
3.047500 0.000022207915
3.052500 0.000025896685
3.057500 0.000022149254
3.062500 0.000021206449
3.067500 0.000031346829
3.072500 0.000036105801
3.077500 0.000026791126
3.082500 0.000034202193
3.087500 0.000032870667
3.092500 0.000046552026
3.097500 0.000041648534
3.102500 0.000033687523
3.107500 0.000030772510
3.112500 0.000032585397
3.117500 0.000034082540
3.122500 0.000034391041
3.127500 0.000027094632
3.132500 0.000025169126
3.137500 0.000023496640
3.142500 0.000016272196
3.147500 0.000015837113
3.152500 0.000019626991
3.157500 0.000013608086
3.162500 0.000020841522
3.167500 0.000019999870
3.172500 0.000012961819
3.177500 0.000018471061
3.182500 0.000021903494
3.187500 0.000015571817
3.192500 0.000017195422
3.197500 0.000021549162
3.202500 0.000018393306
3.207500 0.000023785800
3.212500 0.000016478907
3.217500 0.000021018639
3.222500 0.000017095687
3.227500 0.000024117121
3.232500 0.000020633858
3.237500 0.000018713832
3.242500 0.000014292766
3.247500 0.000022929167
3.252500 0.000019045680
3.257500 0.000012935700
3.262500 0.000018122553
3.267500 0.000016314290
3.272500 0.000018743244
3.277500 0.000014631943
3.282500 0.000014281875
3.287500 0.000018609225
3.292500 0.000021363997
3.297500 0.000014507197
3.302500 0.000014736954
3.307500 0.000015784795
3.312500 0.000017134389
3.317500 0.000018556824
3.322500 0.000015836847
3.327500 0.000013482296
3.332500 0.000013446121
3.337500 0.000016342934
3.342500 0.000011664482
3.347500 0.000012216408
3.352500 0.000012613388
3.357500 0.000014258272
3.362500 0.000010777827
3.367500 0.000012088983
3.372500 0.000010592225
3.377500 0.000009927412
3.382500 0.000014119695
3.387500 0.000011642371
3.392500 0.000010273809
3.397500 0.000010187638
3.402500 0.000012141721
3.407500 0.000010183548
3.412500 0.000009056395
3.417500 0.000009454619
3.422500 0.000009225282
3.427500 0.000008466855
3.432500 0.000006936168
3.437500 0.000007599711
3.442500 0.000006558112
3.447500 0.000007763183
3.452500 0.000006613286
3.457500 0.000005765906
3.462500 0.000006645528
3.467500 0.000006356071
3.472500 0.000006646392
3.477500 0.000006155878
3.482500 0.000006392985
3.487500 0.000006750677
3.492500 0.000006809236
3.497500 0.000006260304
3.502500 0.000006397257
3.507500 0.000006597031
3.512500 0.000006366181
3.517500 0.000006998288
3.522500 0.000005780539
3.527500 0.000006848851
3.532500 0.000005967458
3.537500 0.000006779463
3.542500 0.000006073882
3.547500 0.000007396522
3.552500 0.000006925677
3.557500 0.000007247849
3.562500 0.000006865014
3.567500 0.000007839855
3.572500 0.000007905131
3.577500 0.000007997476
3.582500 0.000006882533
3.587500 0.000007697534
3.592500 0.000006603630
3.597500 0.000007359958
3.602500 0.000008986676
3.607500 0.000006376940
3.612500 0.000006334102
3.617500 0.000007056808
3.622500 0.000006043766
3.627500 0.000005975896
3.632500 0.000008160717
3.637500 0.000006537710
3.642500 0.000006153499
3.647500 0.000006140949
3.652500 0.000006079287
3.657500 0.000006564974
3.662500 0.000006707251
3.667500 0.000006306861
3.672500 0.000006281871
3.677500 0.000006040781
3.682500 0.000006107923
3.687500 0.000006563123
3.692500 0.000007380933
3.697500 0.000006727804
3.702500 0.000005923305
3.707500 0.000006702812
3.712500 0.000007193245
3.717500 0.000006479833
3.722500 0.000006410373
3.727500 0.000006919055
3.732500 0.000006358974
3.737500 0.000006348344
3.742500 0.000006202559
3.747500 0.000006541438
3.752500 0.000006663005
3.757500 0.000007627642
3.762500 0.000006810443
3.767500 0.000006492899
3.772500 0.000006255904
3.777500 0.000006900468
3.782500 0.000007863675
3.787500 0.000007699109
3.792500 0.000006933934
3.797500 0.000006340402
3.802500 0.000007385499
3.807500 0.000006631515
3.812500 0.000006689279
3.817500 0.000007667145
3.822500 0.000007072316
3.827500 0.000006851958
3.832500 0.000006706292
3.837500 0.000006694853
3.842500 0.000007084541
3.847500 0.000006987672
3.852500 0.000007680573
3.857500 0.000007009682
3.862500 0.000007305207
3.867500 0.000007491971
3.872500 0.000006986347
3.877500 0.000007660487
3.882500 0.000007288664
3.887500 0.000007445879
3.892500 0.000006816822
3.897500 0.000007731257
3.902500 0.000007752936
3.907500 0.000007241244
3.912500 0.000008361729
3.917500 0.000007236050
3.922500 0.000008034548
3.927500 0.000007579473
3.932500 0.000009172916
3.937500 0.000008040565
3.942500 0.000011543379
3.947500 0.000009460057
3.952500 0.000009638413
3.957500 0.000008871894
3.962500 0.000010728632
3.967500 0.000009973404
3.972500 0.000012744648
3.977500 0.000011989591
3.982500 0.000008799619
3.987500 0.000011938772
3.992500 0.000010458511
3.997500 0.000011359584
4.002500 0.000014056827
4.007500 0.000011606496
4.012500 0.000013499456
4.017500 0.000009596133
4.022500 0.000012899230
4.027500 0.000009683305
4.032500 0.000012151140
4.037500 0.000009270767
4.042500 0.000010688618
4.047500 0.000008625224
4.052500 0.000009765160
4.057500 0.000008672539
4.062500 0.000008681996
4.067500 0.000008751797
4.072500 0.000009705259
4.077500 0.000009609065
4.082500 0.000009477386
4.087500 0.000009821361
4.092500 0.000009531301
4.097500 0.000009796624
4.102500 0.000010550124
4.107500 0.000009321841
4.112500 0.000009865657
4.117500 0.000009222820
4.122500 0.000010086013
4.127500 0.000009703505
4.132500 0.000010206023
4.137500 0.000009215846
4.142500 0.000010194210
4.147500 0.000009818958
4.152500 0.000011194119
4.157500 0.000009739874
4.162500 0.000010148323
4.167500 0.000010940643
4.172500 0.000010889148
4.177500 0.000009503159
4.182500 0.000010714079
4.187500 0.000009661579
4.192500 0.000010507600
4.197500 0.000010436071
4.202500 0.000011546287
4.207500 0.000012271246
4.212500 0.000012330263
4.217500 0.000011710381
4.222500 0.000015693894
4.227500 0.000013956042
4.232500 0.000018443079
4.237500 0.000016108465
4.242500 0.000015591232
4.247500 0.000025639152
4.252500 0.000018067139
4.257500 0.000026052342
4.262500 0.000021173682
4.267500 0.000023093061
4.272500 0.000029374091
4.277500 0.000037397313
4.282500 0.000044571267
4.287500 0.000030156834
4.292500 0.000042503138
4.297500 0.000048941257
4.302500 0.000050695146
4.307500 0.000057391343
4.312500 0.000038756229
4.317500 0.000063686456
4.322500 0.000036582036
4.327500 0.000056540434
4.332500 0.000039160403
4.337500 0.000037654174
4.342500 0.000050440815
4.347500 0.000031349594
4.352500 0.000040171648
4.357500 0.000029513045
4.362500 0.000025959446
4.367500 0.000044074533
4.372500 0.000030181836
4.377500 0.000033368272
4.382500 0.000020221055
4.387500 0.000023030916
4.392500 0.000024668835
4.397500 0.000021240483
4.402500 0.000031081666
4.407500 0.000025396275
4.412500 0.000025171107
4.417500 0.000031982742
4.422500 0.000028377047
4.427500 0.000044801378
4.432500 0.000068277136
4.437500 0.000044814861
4.442500 0.000039638635
4.447500 0.000068499694
4.452500 0.000036562984
4.457500 0.000094015079
4.462500 0.000093754595
4.467500 0.000084094055
4.472500 0.000044279750
4.477500 0.000077426609
4.482500 0.000120945645
4.487500 0.000086268103
4.492500 0.000072478135
4.497500 0.000113488126
4.502500 0.000098060831
4.507500 0.000090862016
4.512500 0.000137260449
4.517500 0.000075039402
4.522500 0.000092163630
4.527500 0.000109492762
4.532500 0.000052036914
4.537500 0.000078028978
4.542500 0.000036720705
4.547500 0.000062930202
4.552500 0.000067981666
4.557500 0.000043225423
4.562500 0.000026401828
4.567500 0.000042241892
4.572500 0.000028389543
4.577500 0.000044825140
4.582500 0.000028500506
4.587500 0.000051729097
4.592500 0.000045495946
4.597500 0.000030890018
4.602500 0.000024585316
4.607500 0.000039972652
4.612500 0.000035641614
4.617500 0.000037399547
4.622500 0.000023517593
4.627500 0.000022864569
4.632500 0.000023581091
4.637500 0.000024905451
4.642500 0.000019748087
4.647500 0.000021205982
4.652500 0.000022962178
4.657500 0.000017287737
4.662500 0.000019673695
4.667500 0.000018172578
4.672500 0.000018237403
4.677500 0.000018519174
4.682500 0.000018744115
4.687500 0.000017058564
4.692500 0.000017334711
4.697500 0.000019546011
4.702500 0.000017796926
4.707500 0.000017293652
4.712500 0.000024504505
4.717500 0.000019635199
4.722500 0.000017060265
4.727500 0.000018831019
4.732500 0.000018222267
4.737500 0.000019342158
4.742500 0.000026250697
4.747500 0.000018495654
4.752500 0.000016782505
4.757500 0.000017104614
4.762500 0.000017852256
4.767500 0.000017354151
4.772500 0.000060137521
4.777500 0.000017454432
4.782500 0.000017504349
4.787500 0.000018033933
4.792500 0.000017111281
4.797500 0.000016907164
4.802500 0.000284287507
4.807500 0.000021895623
4.812500 0.000020587379
4.817500 0.000017268420
4.822500 0.000017090483
4.827500 0.000015042694
4.832500 0.000224901931
4.837500 0.000019249683
4.842500 0.000015733402
4.847500 0.000015842811
4.852500 0.000016848199
4.857500 0.000014663204
4.862500 0.000030883485
4.867500 0.000017133618
4.872500 0.000017701285
4.877500 0.000017202769
4.882500 0.000017589484
4.887500 0.000018124548
4.892500 0.000030139326
4.897500 0.000017806981
4.902500 0.000017237188
4.907500 0.000016742993
4.912500 0.000016469613
4.917500 0.000016065138
4.922500 0.000018854744
4.927500 0.000015944833
4.932500 0.000016966431
4.937500 0.000015932514
4.942500 0.000019036316
4.947500 0.000014201953
4.952500 0.000017879663
4.957500 0.000018088957
4.962500 0.000016585010
4.967500 0.000016764163
4.972500 0.000014912589
4.977500 0.000015024512
4.982500 0.000018906364
4.987500 0.000013523973
4.992500 0.000015651836
4.997500 0.000013958490
5.002500 0.000015187740
5.007500 0.000014519814
5.012500 0.000016422377
5.017500 0.000013658370
5.022500 0.000014431862
5.027500 0.000015208728
5.032500 0.000013055944
5.037500 0.000014337888
5.042500 0.000014512005
5.047500 0.000014356631
5.052500 0.000015194149
5.057500 0.000014871144
5.062500 0.000014604484
5.067500 0.000015830564
5.072500 0.000016377883
5.077500 0.000014262104
5.082500 0.000015565478
5.087500 0.000014600029
5.092500 0.000016525189
5.097500 0.000015098248
5.102500 0.000014390789
5.107500 0.000014834941
5.112500 0.000013267256
5.117500 0.000013700931
5.122500 0.000014701235
5.127500 0.000013565695
5.132500 0.000015671269
5.137500 0.000015930029
5.142500 0.000015620426
5.147500 0.000018823171
5.152500 0.000017257469
5.157500 0.000019362962
5.162500 0.000025658065
5.167500 0.000020514660
5.172500 0.000021106550
5.177500 0.000025173169
5.182500 0.000021759709
5.187500 0.000021310886
5.192500 0.000026324920
5.197500 0.000021524660
5.202500 0.000025299854
5.207500 0.000026761907
5.212500 0.000023129181
5.217500 0.000031573788
5.222500 0.000026837479
5.227500 0.000028922681
5.232500 0.000035600652
5.237500 0.000029544033
5.242500 0.000030158364
5.247500 0.000037676748
5.252500 0.000029878021
5.257500 0.000033659995
5.262500 0.000029111101
5.267500 0.000028290639
5.272500 0.000031052036
5.277500 0.000024281390
5.282500 0.000023185761
5.287500 0.000027342306
5.292500 0.000025438425
5.297500 0.000022927598
5.302500 0.000026393905
5.307500 0.000021382277
5.312500 0.000023367045
5.317500 0.000022241422
5.322500 0.000023499147
5.327500 0.000024578014
5.332500 0.000019707662
5.337500 0.000019066179
5.342500 0.000018388435
5.347500 0.000017310731
5.352500 0.000017715728
5.357500 0.000017273427
5.362500 0.000016105181
5.367500 0.000014716971
5.372500 0.000016096039
5.377500 0.000014131728
5.382500 0.000015685702
5.387500 0.000017540534
5.392500 0.000014983547
5.397500 0.000014361912
5.402500 0.000016171568
5.407500 0.000015176068
5.412500 0.000016920217
5.417500 0.000017992976
5.422500 0.000016402044
5.427500 0.000016767730
5.432500 0.000017536688
5.437500 0.000015368450
5.442500 0.000020151386
5.447500 0.000017290733
5.452500 0.000017278879
5.457500 0.000021885491
5.462500 0.000016883077
5.467500 0.000022437215
5.472500 0.000022074304
5.477500 0.000021409071
5.482500 0.000026151721
5.487500 0.000020993028
5.492500 0.000026074109
5.497500 0.000027512363
5.502500 0.000023520746
5.507500 0.000023407397
5.512500 0.000027383096
5.517500 0.000023332036
5.522500 0.000022261283
5.527500 0.000025816936
5.532500 0.000024263029
5.537500 0.000023866039
5.542500 0.000025432578
5.547500 0.000022747766
5.552500 0.000026097276
5.557500 0.000025851393
5.562500 0.000032154911
5.567500 0.000025889232
5.572500 0.000028014336
5.577500 0.000031951061
5.582500 0.000025110324
5.587500 0.000030638193
5.592500 0.000028418026
5.597500 0.000025037581
5.602500 0.000030079251
5.607500 0.000025977373
5.612500 0.000026865928
5.617500 0.000025139095
5.622500 0.000025743515
5.627500 0.000022593999
5.632500 0.000025771860
5.637500 0.000024207236
5.642500 0.000022836460
5.647500 0.000022918825
5.652500 0.000020937843
5.657500 0.000021569314
5.662500 0.000020520822
5.667500 0.000021294631
5.672500 0.000020044796
5.677500 0.000019236285
5.682500 0.000020894837
5.687500 0.000018890427
5.692500 0.000020714952
5.697500 0.000020673564
5.702500 0.000022630936
5.707500 0.000022540809
5.712500 0.000022952107
5.717500 0.000022768248
5.722500 0.000022994511
5.727500 0.000023397695
5.732500 0.000024501273
5.737500 0.000023407173
5.742500 0.000022667281
5.747500 0.000022176795
5.752500 0.000024841261
5.757500 0.000022225361
5.762500 0.000022557454
5.767500 0.000021862396
5.772500 0.000022205564
5.777500 0.000021605199
5.782500 0.000020526373
5.787500 0.000023735170
5.792500 0.000021524508
5.797500 0.000023206809
5.802500 0.000021743217
5.807500 0.000021216124
5.812500 0.000022350866
5.817500 0.000020291072
5.822500 0.000022943771
5.827500 0.000020546308
5.832500 0.000022156714
5.837500 0.000022839204
5.842500 0.000021173011
5.847500 0.000022086086
5.852500 0.000022581356
5.857500 0.000021804492
5.862500 0.000021728150
5.867500 0.000022953595
5.872500 0.000024298067
5.877500 0.000021715232
5.882500 0.000023080197
5.887500 0.000024004693
5.892500 0.000023458625
5.897500 0.000025155096
5.902500 0.000023584452
5.907500 0.000021090304
5.912500 0.000021911899
5.917500 0.000020305570
5.922500 0.000021569998
5.927500 0.000020517152
5.932500 0.000018067757
5.937500 0.000017671352
5.942500 0.000016202051
5.947500 0.000016529260
5.952500 0.000017135580
5.957500 0.000017943791
5.962500 0.000016268509
5.967500 0.000018185370
5.972500 0.000017690984
5.977500 0.000018080315
5.982500 0.000018522099
5.987500 0.000020644072
5.992500 0.000024422649
5.997500 0.000019089335
6.002500 0.000019052557
6.007500 0.000019173945
6.012500 0.000022135643
6.017500 0.000019527799
6.022500 0.000020821409
6.027500 0.000017362714
6.032500 0.000018023629
6.037500 0.000017816049
6.042500 0.000016934080
6.047500 0.000015949252
6.052500 0.000016358025
6.057500 0.000016455750
6.062500 0.000016237783
6.067500 0.000015368450
6.072500 0.000016857194
6.077500 0.000015141873
6.082500 0.000016388518
6.087500 0.000015583109
6.092500 0.000015860822
6.097500 0.000015436418
6.102500 0.000016387888
6.107500 0.000014329609
6.112500 0.000015579801
6.117500 0.000015588570
6.122500 0.000015237546
6.127500 0.000016243963
6.132500 0.000016060806
6.137500 0.000019414316
6.142500 0.000019136486
6.147500 0.000014765766
6.152500 0.000020309673
6.157500 0.000015034665
6.162500 0.000020746019
6.167500 0.000024461936
6.172500 0.000017362385
6.177500 0.000015637842
6.182500 0.000018045694
6.187500 0.000018537202
6.192500 0.000015620020
6.197500 0.000017668314
6.202500 0.000017301670
6.207500 0.000015356378
6.212500 0.000016150498
6.217500 0.000017954018
6.222500 0.000016561038
6.227500 0.000017886731
6.232500 0.000017887815
6.237500 0.000019820100
6.242500 0.000018726642
6.247500 0.000020437211
6.252500 0.000024605518
6.257500 0.000024915981
6.262500 0.000019761210
6.267500 0.000023384766
6.272500 0.000021596406
6.277500 0.000027131662
6.282500 0.000028774432
6.287500 0.000024454182
6.292500 0.000023144132
6.297500 0.000024286883
6.302500 0.000024308577
6.307500 0.000025297090
6.312500 0.000025271730
6.317500 0.000024302916
6.322500 0.000021695461
6.327500 0.000022900003
6.332500 0.000022867642
6.337500 0.000022906758
6.342500 0.000023962493
6.347500 0.000023042196
6.352500 0.000022571678
6.357500 0.000022887739
6.362500 0.000023887448
6.367500 0.000021968558
6.372500 0.000021794533
6.377500 0.000022093336
6.382500 0.000020362982
6.387500 0.000021437653
6.392500 0.000021008952
6.397500 0.000019494899
6.402500 0.000021468664
6.407500 0.000022474038
6.412500 0.000022855708
6.417500 0.000024183098
6.422500 0.000021441517
6.427500 0.000021147006
6.432500 0.000030335965
6.437500 0.000029251068
6.442500 0.000033739339
6.447500 0.000033319134
6.452500 0.000032760981
6.457500 0.000030858822
6.462500 0.000033248609
6.467500 0.000032147220
6.472500 0.000035140638
6.477500 0.000034685065
6.482500 0.000026487516
6.487500 0.000033570380
6.492500 0.000031078636
6.497500 0.000026382710
6.502500 0.000025461085
6.507500 0.000024510541
6.512500 0.000025662821
6.517500 0.000026427690
6.522500 0.000024182796
6.527500 0.000025115565
6.532500 0.000028919705
6.537500 0.000033872115
6.542500 0.000024142778
6.547500 0.000031399230
6.552500 0.000032761249
6.557500 0.000049267983
6.562500 0.000025365343
6.567500 0.000034957060
6.572500 0.000032897124
6.577500 0.000048154616
6.582500 0.000031484669
6.587500 0.000036437890
6.592500 0.000032318864
6.597500 0.000036975642
6.602500 0.000026354505
6.607500 0.000037242236
6.612500 0.000029503425
6.617500 0.000031889244
6.622500 0.000027405018
6.627500 0.000027267937
6.632500 0.000026752803
6.637500 0.000026648556
6.642500 0.000031316011
6.647500 0.000022904701
6.652500 0.000023580474
6.657500 0.000023335362
6.662500 0.000027990656
6.667500 0.000020898429
6.672500 0.000019873554
6.677500 0.000021220765
6.682500 0.000023022572
6.687500 0.000019904521
6.692500 0.000018918865
6.697500 0.000020628911
6.702500 0.000019643457
6.707500 0.000019027488
6.712500 0.000019046257
6.717500 0.000019247292
6.722500 0.000018739956
6.727500 0.000018837737
6.732500 0.000018747269
6.737500 0.000018252940
6.742500 0.000018614334
6.747500 0.000019516119
6.752500 0.000019615278
6.757500 0.000018856995
6.762500 0.000019531735
6.767500 0.000018638263
6.772500 0.000018672108
6.777500 0.000020279848
6.782500 0.000020890287
6.787500 0.000020464549
6.792500 0.000021169962
6.797500 0.000021580091
6.802500 0.000022650822
6.807500 0.000023329689
6.812500 0.000023546468
6.817500 0.000023943110
6.822500 0.000023451168
6.827500 0.000025917020
6.832500 0.000022751932
6.837500 0.000022317789
6.842500 0.000023218539
6.847500 0.000022433504
6.852500 0.000021655209
6.857500 0.000022218967
6.862500 0.000020157555
6.867500 0.000022151744
6.872500 0.000021168752
6.877500 0.000020650346
6.882500 0.000022320550
6.887500 0.000023598434
6.892500 0.000023683293
6.897500 0.000024301949
6.902500 0.000024948721
6.907500 0.000025555704
6.912500 0.000024986450
6.917500 0.000024432090
6.922500 0.000023180683
6.927500 0.000027347667
6.932500 0.000024579776
6.937500 0.000022146991
6.942500 0.000023791439
6.947500 0.000022233192
6.952500 0.000021497168
6.957500 0.000022634636
6.962500 0.000020816936
6.967500 0.000020822192
6.972500 0.000022134184
6.977500 0.000021234792
6.982500 0.000022716342
6.987500 0.000021607882
6.992500 0.000020038676
6.997500 0.000022433177
7.002500 0.000020984036
7.007500 0.000020499476
7.012500 0.000019950639
7.017500 0.000019735624
7.022500 0.000020434562
7.027500 0.000019480437
7.032500 0.000018567204
7.037500 0.000019044414
7.042500 0.000018199813
7.047500 0.000019126272
7.052500 0.000017976810
7.057500 0.000017608022
7.062500 0.000019322073
7.067500 0.000018117717
7.072500 0.000018750174
7.077500 0.000019080003
7.082500 0.000018916785
7.087500 0.000019245910
7.092500 0.000019294846
7.097500 0.000021323500
7.102500 0.000021445012
7.107500 0.000023493658
7.112500 0.000023787479
7.117500 0.000023735721
7.122500 0.000023874074
7.127500 0.000025651217
7.132500 0.000023078073
7.137500 0.000028642207
7.142500 0.000028977615
7.147500 0.000023771397
7.152500 0.000026204386
7.157500 0.000027315416
7.162500 0.000022634118
7.167500 0.000025820738
7.172500 0.000029262366
7.177500 0.000023607936
7.182500 0.000022396095
7.187500 0.000023570251
7.192500 0.000020202301
7.197500 0.000021006492
7.202500 0.000037615066
7.207500 0.000021856944
7.212500 0.000028645102
7.217500 0.000019097803
7.222500 0.000018892626
7.227500 0.000018536340
7.232500 0.000050844216
7.237500 0.000024011201
7.242500 0.000026601222
7.247500 0.000017562300
7.252500 0.000026739312
7.257500 0.000025337254
7.262500 0.000039880762
7.267500 0.000018882846
7.272500 0.000023717970
7.277500 0.000022957039
7.282500 0.000025198478
7.287500 0.000018301032
7.292500 0.000026762368
7.297500 0.000019044314
7.302500 0.000020727227
7.307500 0.000020136922
7.312500 0.000020354490
7.317500 0.000019664458
7.322500 0.000020616436
7.327500 0.000021615696
7.332500 0.000023673793
7.337500 0.000023764240
7.342500 0.000024674506
7.347500 0.000023318313
7.352500 0.000024503962
7.357500 0.000026260102
7.362500 0.000029551441
7.367500 0.000026306645
7.372500 0.000025741771
7.377500 0.000025774427
7.382500 0.000024994249
7.387500 0.000027248887
7.392500 0.000025589631
7.397500 0.000024515080
7.402500 0.000022508668
7.407500 0.000022065988
7.412500 0.000021857794
7.417500 0.000022050701
7.422500 0.000022229052
7.427500 0.000020863117
7.432500 0.000020029280
7.437500 0.000019265722
7.442500 0.000019281524
7.447500 0.000020251965
7.452500 0.000019905743
7.457500 0.000019628025
7.462500 0.000019389791
7.467500 0.000018855570
7.472500 0.000019717430
7.477500 0.000018646027
7.482500 0.000019527759
7.487500 0.000018653066
7.492500 0.000018850854
7.497500 0.000019432559
7.502500 0.000018575140
7.507500 0.000019411261
7.512500 0.000019271993
7.517500 0.000019338455
7.522500 0.000019194279
7.527500 0.000019990038
7.532500 0.000020293491
7.537500 0.000019756182
7.542500 0.000020638789
7.547500 0.000020448228
7.552500 0.000019654846
7.557500 0.000020200357
7.562500 0.000020515342
7.567500 0.000019712843
7.572500 0.000020970991
7.577500 0.000021978116
7.582500 0.000021713964
7.587500 0.000021225949
7.592500 0.000022870067
7.597500 0.000022530577
7.602500 0.000024373355
7.607500 0.000024904438
7.612500 0.000024597856
7.617500 0.000022754654
7.622500 0.000026122600
7.627500 0.000024210681
7.632500 0.000022661327
7.637500 0.000024641768
7.642500 0.000023872516
7.647500 0.000022445224
7.652500 0.000022194186
7.657500 0.000021573407
7.662500 0.000021793169
7.667500 0.000021666169
7.672500 0.000021467600
7.677500 0.000021314595
7.682500 0.000021073559
7.687500 0.000020229328
7.692500 0.000019925375
7.697500 0.000020935684
7.702500 0.000021503303
7.707500 0.000019431767
7.712500 0.000019535443
7.717500 0.000020426133
7.722500 0.000020680140
7.727500 0.000020338781
7.732500 0.000021757625
7.737500 0.000021226729
7.742500 0.000022372263
7.747500 0.000020808732
7.752500 0.000021169263
7.757500 0.000022830211
7.762500 0.000023877120
7.767500 0.000022879854
7.772500 0.000022777307
7.777500 0.000022594219
7.782500 0.000023065460
7.787500 0.000021507951
7.792500 0.000022929124
7.797500 0.000022379792
7.802500 0.000021928923
7.807500 0.000019946999
7.812500 0.000022574461
7.817500 0.000023400163
7.822500 0.000020025791
7.827500 0.000020854518
7.832500 0.000021464756
7.837500 0.000022485019
7.842500 0.000020998220
7.847500 0.000020537856
7.852500 0.000021697680
7.857500 0.000022224664
7.862500 0.000021239478
7.867500 0.000020591808
7.872500 0.000020843221
7.877500 0.000020617590
7.882500 0.000020518417
7.887500 0.000019888121
7.892500 0.000020018278
7.897500 0.000019471738
7.902500 0.000019079961
7.907500 0.000018647818
7.912500 0.000018326767
7.917500 0.000017865501
7.922500 0.000018017106
7.927500 0.000018169080
7.932500 0.000017368923
7.937500 0.000017614702
7.942500 0.000017203790
7.947500 0.000017412703
7.952500 0.000017395033
7.957500 0.000017096190
7.962500 0.000017148322
7.967500 0.000016551182
7.972500 0.000017126713
7.977500 0.000016988911
7.982500 0.000016774791
7.987500 0.000016900317
7.992500 0.000016659516
7.997500 0.000016715818
