0.000000000000000000e+00 1.309710891484825515e+04
3.250000000000000111e-02 1.263776180755900714e+04
4.250000000000000305e-02 1.176785959569195256e+04
5.249999999999999806e-02 1.057641142072584626e+04
6.250000000000000000e-02 9.177569364815770314e+03
6.750000000000000444e-02 7.692591591547870848e+03
7.249999999999999500e-02 6.232769377540830646e+03
7.749999999999999944e-02 4.886560762036943743e+03
8.749999999999999445e-02 3.712725348812822176e+03
9.249999999999999889e-02 2.739606888893621090e+03
9.750000000000000333e-02 1.969355995482609842e+03
1.024999999999999939e-01 1.385040760431103308e+03
1.074999999999999983e-01 9.585639978378195565e+02
1.125000000000000028e-01 6.577293662601611004e+02
1.174999999999999933e-01 4.515051948714418018e+02
1.224999999999999978e-01 3.131460770902889408e+02
1.275000000000000022e-01 2.215009489394098239e+02
1.325000000000000067e-01 1.609390371813412060e+02
1.375000000000000111e-01 1.205898659539994213e+02
1.424999999999999878e-01 9.318389969912595916e+01
1.474999999999999922e-01 7.399967996947619042e+01
1.524999999999999967e-01 6.048401884530142780e+01
1.575000000000000011e-01 5.095142530565177452e+01
1.625000000000000056e-01 4.388163244675577346e+01
1.675000000000000100e-01 3.842367260803825957e+01
1.724999999999999867e-01 3.408601383953292441e+01
1.774999999999999911e-01 3.053477368236698197e+01
1.824999999999999956e-01 2.757643057106031037e+01
1.875000000000000000e-01 2.507243820152929459e+01
1.925000000000000044e-01 2.293292811173020951e+01
1.975000000000000089e-01 2.107230744231452135e+01
2.025000000000000133e-01 1.942925150747409191e+01
2.074999999999999900e-01 1.794778590764667214e+01
2.124999999999999944e-01 1.657391292149499051e+01
2.174999999999999989e-01 1.526381780244311415e+01
2.225000000000000033e-01 1.400117583967318957e+01
2.275000000000000078e-01 1.278338337761497279e+01
2.325000000000000122e-01 1.161963701081642775e+01
2.374999999999999889e-01 1.052978413051692819e+01
2.424999999999999933e-01 9.534325054430373925e+00
2.474999999999999978e-01 8.648622522713418803e+00
2.525000000000000022e-01 7.880117567042888460e+00
2.575000000000000067e-01 7.223899983437361172e+00
2.625000000000000111e-01 6.672095545823260920e+00
2.675000000000000155e-01 6.205948230781995534e+00
2.725000000000000200e-01 5.806844704443594907e+00
2.775000000000000244e-01 5.460163834108930914e+00
2.824999999999999734e-01 5.154761567431042302e+00
2.874999999999999778e-01 4.885430948049738653e+00
2.924999999999999822e-01 4.651488183346355498e+00
2.974999999999999867e-01 4.453461498849202727e+00
3.024999999999999911e-01 4.291517756245898596e+00
3.074999999999999956e-01 4.163375634249765866e+00
3.125000000000000000e-01 4.063502815270836344e+00
3.175000000000000044e-01 3.982282920626743383e+00
3.225000000000000089e-01 3.911428114273957313e+00
3.275000000000000133e-01 3.838247254584998380e+00
3.325000000000000178e-01 3.753548331351690415e+00
3.375000000000000222e-01 3.650713382668412166e+00
3.425000000000000266e-01 3.526552915007300726e+00
3.474999999999999756e-01 3.381272498572332807e+00
3.524999999999999800e-01 3.217714726548859261e+00
3.574999999999999845e-01 3.040037133966918326e+00
3.624999999999999889e-01 2.852969888185306946e+00
3.674999999999999933e-01 2.660602314737435137e+00
3.724999999999999978e-01 2.466275356060147583e+00
3.775000000000000022e-01 2.272303090234430556e+00
3.825000000000000067e-01 2.081706872206967596e+00
3.875000000000000111e-01 1.896498748900196318e+00
3.925000000000000155e-01 1.719935547354776828e+00
3.975000000000000200e-01 1.556086064828124726e+00
4.025000000000000244e-01 1.409539845109565315e+00
4.074999999999999734e-01 1.284661432334474274e+00
4.124999999999999778e-01 1.184765284135866459e+00
4.174999999999999822e-01 1.111310711804109452e+00
4.224999999999999867e-01 1.063219621758688005e+00
4.274999999999999911e-01 1.036729097253334952e+00
4.324999999999999956e-01 1.025788085321911458e+00
4.375000000000000000e-01 1.022757156256623334e+00
4.425000000000000044e-01 1.020174626969360787e+00
4.475000000000000089e-01 1.010992998143306121e+00
4.525000000000000133e-01 9.903549064954236814e-01
4.575000000000000178e-01 9.560899121745043416e-01
4.625000000000000222e-01 9.088769854576348450e-01
4.675000000000000266e-01 8.516841465735931482e-01
4.724999999999999756e-01 7.893311665223914364e-01
4.774999999999999800e-01 7.270106241813113490e-01
4.824999999999999845e-01 6.696772748573621703e-01
4.874999999999999889e-01 6.209866770837069172e-01
4.924999999999999933e-01 5.827862547473722232e-01
4.974999999999999978e-01 5.550676338269968646e-01
5.024999999999999467e-01 5.364181653440633912e-01
5.074999999999999512e-01 5.241574012429178753e-01
5.124999999999999556e-01 5.153281546506491839e-01
5.174999999999999600e-01 5.071866990111720819e-01
5.224999999999999645e-01 4.976535685511943585e-01
5.274999999999999689e-01 4.855421959116628106e-01
5.324999999999999734e-01 4.705572377551168195e-01
5.374999999999999778e-01 4.530575875542843800e-01
5.424999999999999822e-01 4.338393059348688019e-01
5.474999999999999867e-01 4.138470983554407012e-01
5.524999999999999911e-01 3.939140005641861841e-01
5.574999999999999956e-01 3.746683443923875534e-01
5.625000000000000000e-01 3.566329041262579214e-01
5.675000000000000044e-01 3.400167870363193234e-01
5.725000000000000089e-01 3.250259681355323615e-01
5.775000000000000133e-01 3.118578597142837583e-01
5.825000000000000178e-01 3.006891936670361698e-01
5.875000000000000222e-01 2.916614534465098441e-01
5.925000000000000266e-01 2.848065188638785328e-01
5.975000000000000311e-01 2.799204788224717855e-01
6.025000000000000355e-01 2.765610285844528615e-01
6.075000000000000400e-01 2.740218992826695121e-01
6.125000000000000444e-01 2.714205767642412503e-01
6.175000000000000488e-01 2.678040099281409625e-01
6.225000000000000533e-01 2.624619515306299555e-01
6.274999999999999467e-01 2.548823523228159749e-01
6.324999999999999512e-01 2.450308111991931215e-01
6.374999999999999556e-01 2.333645887346459946e-01
6.424999999999999600e-01 2.207173856967838965e-01
6.474999999999999645e-01 2.081496301245142344e-01
6.524999999999999689e-01 1.967461576738161744e-01
6.574999999999999734e-01 1.873492139471789331e-01
6.624999999999999778e-01 1.804134818368366422e-01
6.674999999999999822e-01 1.759044260880288091e-01
6.724999999999999867e-01 1.733270358300889880e-01
6.774999999999999911e-01 1.718466806620286280e-01
6.824999999999999956e-01 1.705540604421694750e-01
6.875000000000000000e-01 1.685758225151278711e-01
6.925000000000000044e-01 1.653558210373931581e-01
6.975000000000000089e-01 1.607305177612215197e-01
7.025000000000000133e-01 1.549583278795107211e-01
7.075000000000000178e-01 1.486086089264905263e-01
7.125000000000000222e-01 1.424325699274766599e-01
7.175000000000000266e-01 1.371355196632398077e-01
7.225000000000000311e-01 1.332525003667165975e-01
7.275000000000000355e-01 1.310047483788617795e-01
7.325000000000000400e-01 1.302859462048044925e-01
7.375000000000000444e-01 1.306873117333303969e-01
7.425000000000000488e-01 1.316670772139558465e-01
7.475000000000000533e-01 1.326226445942012555e-01
7.524999999999999467e-01 1.330927265435198625e-01
7.574999999999999512e-01 1.328433506100759887e-01
7.624999999999999556e-01 1.319046363964560264e-01
7.674999999999999600e-01 1.305425190255480594e-01
7.724999999999999645e-01 1.291762943043921752e-01
7.774999999999999689e-01 1.282358682745451672e-01
7.824999999999999734e-01 1.280627827190695678e-01
7.874999999999999778e-01 1.288018075942580498e-01
7.924999999999999822e-01 1.303698237655835923e-01
7.974999999999999867e-01 1.324529539594810346e-01
8.024999999999999911e-01 1.346206532872739337e-01
8.074999999999999956e-01 1.363650156738467067e-01
8.125000000000000000e-01 1.372674254146123429e-01
8.175000000000000044e-01 1.370682762152625189e-01
8.225000000000000089e-01 1.357234713181961205e-01
8.275000000000000133e-01 1.334052579230058377e-01
8.325000000000000178e-01 1.304598822455567408e-01
8.375000000000000222e-01 1.273243939574923711e-01
8.425000000000000266e-01 1.244464770740386084e-01
8.475000000000000311e-01 1.221933457006339624e-01
8.525000000000000355e-01 1.207990587363755586e-01
8.575000000000000400e-01 1.203266513190379833e-01
8.625000000000000444e-01 1.207125198732823257e-01
8.675000000000000488e-01 1.217579436775229618e-01
8.725000000000000533e-01 1.232316892079046433e-01
8.774999999999999467e-01 1.249150226489697119e-01
8.824999999999999512e-01 1.266546743942571773e-01
8.874999999999999556e-01 1.283888830870572040e-01
8.924999999999999600e-01 1.301480401545274113e-01
8.974999999999999645e-01 1.320182493147110114e-01
9.024999999999999689e-01 1.341229447748246428e-01
9.074999999999999734e-01 1.365640178723431519e-01
9.124999999999999778e-01 1.393976758591679299e-01
9.174999999999999822e-01 1.426003241661051302e-01
9.224999999999999867e-01 1.460935718236341940e-01
9.274999999999999911e-01 1.497163783435406237e-01
9.324999999999999956e-01 1.532824194952583652e-01
9.375000000000000000e-01 1.565912889161462374e-01
9.425000000000000044e-01 1.594567329517941334e-01
9.475000000000000089e-01 1.617145816165765637e-01
9.525000000000000133e-01 1.632347452367757523e-01
9.575000000000000178e-01 1.639115493875466234e-01
9.625000000000000222e-01 1.636664842085009397e-01
9.675000000000000266e-01 1.624373195831253780e-01
9.725000000000000311e-01 1.601742480622737330e-01
9.775000000000000355e-01 1.568379916021358511e-01
9.825000000000000400e-01 1.524229728392892946e-01
9.875000000000000444e-01 1.469457459409458100e-01
9.925000000000000488e-01 1.404825045508232007e-01
9.975000000000000533e-01 1.331690621809295261e-01
1.002499999999999947e+00 1.252093501610725967e-01
1.007500000000000062e+00 1.168633031333769084e-01
1.012499999999999956e+00 1.084311669850405585e-01
1.017500000000000071e+00 1.002069288009096032e-01
1.022499999999999964e+00 9.246893446267849537e-02
1.027500000000000080e+00 8.544070767229761110e-02
1.032499999999999973e+00 7.928145373972543541e-02
1.037500000000000089e+00 7.408209580925741167e-02
1.042499999999999982e+00 6.988737522387880596e-02
1.047500000000000098e+00 6.669950373452354642e-02
1.052499999999999991e+00 6.451342480982197314e-02
1.057500000000000107e+00 6.332631173896051402e-02
1.062500000000000000e+00 6.314467123148755079e-02
1.067499999999999893e+00 6.397267383266207197e-02
1.072500000000000009e+00 6.581190543923827463e-02
1.077499999999999902e+00 6.859885219775413434e-02
1.082500000000000018e+00 7.223616322313197724e-02
1.087499999999999911e+00 7.655311249066304446e-02
1.092500000000000027e+00 8.131863568560035449e-02
1.097499999999999920e+00 8.626160139613878175e-02
1.102500000000000036e+00 9.114302523061437733e-02
1.107499999999999929e+00 9.568717006512750256e-02
1.112500000000000044e+00 9.975511005595119607e-02
1.117499999999999938e+00 1.033043865813102202e-01
1.122500000000000053e+00 1.064205554904899959e-01
1.127499999999999947e+00 1.093120569400766184e-01
1.132500000000000062e+00 1.122952817422370325e-01
1.137499999999999956e+00 1.157078193707812008e-01
1.142500000000000071e+00 1.199143388984804659e-01
1.147499999999999964e+00 1.252227021441889021e-01
1.152500000000000080e+00 1.318467013194656590e-01
1.157499999999999973e+00 1.398751447886136812e-01
1.162500000000000089e+00 1.492559931109079252e-01
1.167499999999999982e+00 1.597804900885241297e-01
1.172500000000000098e+00 1.710948466064391993e-01
1.177499999999999991e+00 1.827143881189827457e-01
1.182500000000000107e+00 1.940469297456372255e-01
1.187500000000000000e+00 2.044550247364393392e-01
1.192499999999999893e+00 2.133065534172978173e-01
1.197500000000000009e+00 2.200600680321015412e-01
1.202499999999999902e+00 2.243334929697986257e-01
1.207500000000000018e+00 2.259665366097126649e-01
1.212499999999999911e+00 2.250429562339054113e-01
1.217500000000000027e+00 2.218745187488470050e-01
1.222499999999999920e+00 2.169675608571859926e-01
1.227500000000000036e+00 2.109395186814768952e-01
1.232499999999999929e+00 2.044561334632781502e-01
1.237500000000000044e+00 1.981666699861429903e-01
1.242499999999999938e+00 1.926360739119000465e-01
1.247500000000000053e+00 1.883118312614505407e-01
1.252499999999999947e+00 1.854910590354082456e-01
1.257500000000000062e+00 1.843024417720194319e-01
1.262499999999999956e+00 1.847016165670309629e-01
1.267500000000000071e+00 1.864908926353575636e-01
1.272499999999999964e+00 1.893440042341578700e-01
1.277500000000000080e+00 1.928632419266304299e-01
1.282499999999999973e+00 1.966556592297063755e-01
1.287500000000000089e+00 2.003466251108621810e-01
1.292499999999999982e+00 2.036840188056084355e-01
1.297500000000000098e+00 2.065423608935627320e-01
1.302499999999999991e+00 2.089374453834016432e-01
1.307500000000000107e+00 2.109821334722096209e-01
1.312500000000000000e+00 2.129152053579976278e-01
1.317499999999999893e+00 2.149280579096983224e-01
1.322500000000000009e+00 2.172147810038487226e-01
1.327499999999999902e+00 2.198918221665291384e-01
1.332500000000000018e+00 2.229719924068726822e-01
1.337499999999999911e+00 2.263597037153187164e-01
1.342500000000000027e+00 2.298902562094929936e-01
1.347499999999999920e+00 2.332972742528573451e-01
1.352500000000000036e+00 2.362993342735488778e-01
1.357499999999999929e+00 2.386117657243877477e-01
1.362500000000000044e+00 2.399936615306004217e-01
1.367499999999999938e+00 2.402699349839559906e-01
1.372500000000000053e+00 2.393561946135000229e-01
1.377499999999999947e+00 2.372595921979717692e-01
1.382500000000000062e+00 2.340907990847450881e-01
1.387499999999999956e+00 2.300463696007195025e-01
1.392500000000000071e+00 2.253856348403844301e-01
1.397499999999999964e+00 2.204112823147714728e-01
1.402500000000000080e+00 2.154403155309529971e-01
1.407499999999999973e+00 2.107671976531365621e-01
1.412500000000000089e+00 2.066476268540535788e-01
1.417499999999999982e+00 2.032756783220941166e-01
1.422500000000000098e+00 2.007857607642805631e-01
1.427499999999999991e+00 1.992269095428140235e-01
1.432500000000000107e+00 1.985869224914207642e-01
1.437500000000000000e+00 1.987958078132812945e-01
1.442499999999999893e+00 1.997315155801694109e-01
1.447500000000000009e+00 2.012541061136298715e-01
1.452499999999999902e+00 2.032056320878026234e-01
1.457500000000000018e+00 2.054385450055089546e-01
1.462499999999999911e+00 2.078187243043477517e-01
1.467500000000000027e+00 2.102272131402752042e-01
1.472499999999999920e+00 2.125605915256439382e-01
1.477500000000000036e+00 2.147260524765652323e-01
1.482499999999999929e+00 2.166253372510875130e-01
1.487500000000000044e+00 2.181546109471721451e-01
1.492499999999999938e+00 2.192026050516024116e-01
1.497500000000000053e+00 2.196362402512453960e-01
1.502499999999999947e+00 2.193318891613226518e-01
1.507500000000000062e+00 2.181724996519618376e-01
1.512499999999999956e+00 2.160838261538097216e-01
1.517500000000000071e+00 2.130388512264934364e-01
1.522499999999999964e+00 2.090838739545872460e-01
1.527500000000000080e+00 2.043315120948785424e-01
1.532499999999999973e+00 1.989742391565084700e-01
1.537500000000000089e+00 1.932585132955400020e-01
1.542499999999999982e+00 1.874712099892913986e-01
1.547500000000000098e+00 1.819028891451408836e-01
1.552499999999999991e+00 1.768261189610778605e-01
1.557500000000000107e+00 1.724557649069125287e-01
1.562500000000000000e+00 1.689381270787481126e-01
1.567499999999999893e+00 1.663237827329487328e-01
1.572500000000000009e+00 1.645787711869605707e-01
1.577499999999999902e+00 1.635889226252258410e-01
1.582500000000000018e+00 1.631879488034944092e-01
1.587499999999999911e+00 1.631718059245474139e-01
1.592500000000000027e+00 1.633401499139791879e-01
1.597499999999999920e+00 1.635072590512196555e-01
1.602500000000000036e+00 1.635329608366052623e-01
1.607499999999999929e+00 1.633201162885877245e-01
1.612500000000000044e+00 1.628291602690180306e-01
1.617499999999999938e+00 1.620528931661072702e-01
1.622500000000000053e+00 1.610212118952116522e-01
1.627499999999999947e+00 1.597766437670577466e-01
1.632500000000000062e+00 1.583813108029987482e-01
1.637499999999999956e+00 1.568864103140011623e-01
1.642500000000000071e+00 1.553451310157015486e-01
1.647499999999999964e+00 1.538037028524536498e-01
1.652500000000000080e+00 1.523010117732139790e-01
1.657499999999999973e+00 1.508672841592974545e-01
1.662500000000000089e+00 1.495229432585224172e-01
1.667499999999999982e+00 1.482771822531956107e-01
1.672500000000000098e+00 1.471298803310241432e-01
1.677499999999999991e+00 1.460638175858545440e-01
1.682500000000000107e+00 1.450544861689665455e-01
1.687500000000000000e+00 1.440715319117234772e-01
1.692499999999999893e+00 1.430907002764222336e-01
1.697500000000000009e+00 1.420971019780539746e-01
1.702499999999999902e+00 1.411003579329138946e-01
1.707500000000000018e+00 1.401310458767217604e-01
1.712499999999999911e+00 1.392479821710671528e-01
1.717500000000000027e+00 1.385245045704534272e-01
1.722499999999999920e+00 1.380455810066176237e-01
1.727500000000000036e+00 1.378837123496114703e-01
1.732499999999999929e+00 1.380973721394549714e-01
1.737500000000000044e+00 1.387069903545413985e-01
1.742499999999999938e+00 1.397029337268141935e-01
1.747500000000000053e+00 1.410288945322368814e-01
1.752499999999999947e+00 1.426048122128953100e-01
1.757500000000000062e+00 1.443258019412926585e-01
1.762499999999999956e+00 1.460841203627827878e-01
1.767500000000000071e+00 1.477760522834665191e-01
1.772499999999999964e+00 1.493165421501691792e-01
1.777500000000000080e+00 1.506408364480625872e-01
1.782499999999999973e+00 1.517001077635901085e-01
1.787500000000000089e+00 1.524604459046865479e-01
1.792499999999999982e+00 1.528926224890529428e-01
1.797500000000000098e+00 1.529643298408210339e-01
1.802499999999999991e+00 1.526416928517078386e-01
1.807500000000000107e+00 1.518870109796165713e-01
1.812500000000000000e+00 1.506604302871299983e-01
1.817499999999999893e+00 1.489393538622157398e-01
1.822500000000000009e+00 1.467266825569042143e-01
1.827499999999999902e+00 1.440555953587323301e-01
1.832500000000000018e+00 1.410006979329532506e-01
1.837499999999999911e+00 1.376734849661072901e-01
1.842500000000000027e+00 1.342141899130128158e-01
1.847499999999999920e+00 1.307830489347255043e-01
1.852500000000000036e+00 1.275448632087440026e-01
1.857499999999999929e+00 1.246483651361509626e-01
1.862500000000000044e+00 1.222199463826277033e-01
1.867499999999999938e+00 1.203530840014468833e-01
1.872500000000000053e+00 1.190970239152695509e-01
1.877499999999999947e+00 1.184664931738027421e-01
1.882500000000000062e+00 1.184409534329809721e-01
1.887499999999999956e+00 1.189763757260790533e-01
1.892500000000000071e+00 1.200151763335963184e-01
1.897499999999999964e+00 1.214931694213637198e-01
1.902500000000000080e+00 1.233487732723100444e-01
1.907499999999999973e+00 1.255187257043660354e-01
1.912500000000000089e+00 1.279433318959239951e-01
1.917499999999999982e+00 1.305591692483530630e-01
1.922500000000000098e+00 1.332901862849548702e-01
1.927499999999999991e+00 1.360519851365272481e-01
1.932500000000000107e+00 1.387473015023317768e-01
1.937500000000000000e+00 1.412704955570001364e-01
1.942499999999999893e+00 1.435199228849048658e-01
1.947500000000000009e+00 1.454079050512154248e-01
1.952499999999999902e+00 1.468719398082432293e-01
1.957500000000000018e+00 1.478829186884534352e-01
1.962499999999999911e+00 1.484465149608001910e-01
1.967500000000000027e+00 1.486023849407431818e-01
1.972499999999999920e+00 1.484170914269110630e-01
1.977500000000000036e+00 1.479717056718565793e-01
1.982499999999999929e+00 1.473521185606047057e-01
1.987500000000000044e+00 1.466421656594985301e-01
1.992499999999999938e+00 1.459080828361411786e-01
1.997500000000000053e+00 1.452002884681953265e-01
2.002499999999999947e+00 1.445551742174247534e-01
2.007499999999999840e+00 1.440005898662927997e-01
2.012500000000000178e+00 1.435597549976738163e-01
2.017500000000000071e+00 1.432674319789794537e-01
2.022499999999999964e+00 1.431644191958306167e-01
2.027499999999999858e+00 1.433034624893650133e-01
2.032500000000000195e+00 1.437437701374010002e-01
2.037500000000000089e+00 1.445372952558090784e-01
2.042499999999999982e+00 1.457255507983177267e-01
2.047499999999999876e+00 1.473275847083881374e-01
2.052500000000000213e+00 1.493281328300107014e-01
2.057500000000000107e+00 1.516802425297409107e-01
2.062500000000000000e+00 1.543077269630954429e-01
2.067499999999999893e+00 1.571096519882533571e-01
2.072499999999999787e+00 1.599750292177204991e-01
2.077500000000000124e+00 1.627988071486392851e-01
2.082500000000000018e+00 1.654853586017796530e-01
2.087499999999999911e+00 1.679679471145447689e-01
2.092499999999999805e+00 1.702101880868520378e-01
2.097500000000000142e+00 1.722066372563808845e-01
2.102500000000000036e+00 1.739872014980488879e-01
2.107499999999999929e+00 1.756092434921755208e-01
2.112499999999999822e+00 1.771564106379871772e-01
2.117500000000000160e+00 1.787294477754152178e-01
2.122500000000000053e+00 1.804353354940747556e-01
2.127499999999999947e+00 1.823861965494254223e-01
2.132499999999999840e+00 1.846873093231138352e-01
2.137500000000000178e+00 1.874249687395012909e-01
2.142500000000000071e+00 1.906598253089811790e-01
2.147499999999999964e+00 1.944123933557834472e-01
2.152499999999999858e+00 1.986608527574275918e-01
2.157500000000000195e+00 2.033251336262402453e-01
2.162500000000000089e+00 2.082902153695221914e-01
2.167499999999999982e+00 2.133984408007214284e-01
2.172499999999999876e+00 2.184831022155796498e-01
2.177500000000000213e+00 2.233877634739400153e-01
2.182500000000000107e+00 2.279933172114373408e-01
2.187500000000000000e+00 2.322429609298706787e-01
2.192499999999999893e+00 2.361588694804012400e-01
2.197499999999999787e+00 2.398445957598631384e-01
2.202500000000000124e+00 2.434789953942370355e-01
2.207500000000000018e+00 2.472863124008430613e-01
2.212499999999999911e+00 2.515002028586396654e-01
2.217499999999999805e+00 2.563140037555523554e-01
2.222500000000000142e+00 2.618603717268634390e-01
2.227500000000000036e+00 2.681714911355309594e-01
2.232499999999999929e+00 2.751808373602382951e-01
2.237499999999999822e+00 2.827312161770786370e-01
2.242500000000000160e+00 2.906134078281097377e-01
2.247500000000000053e+00 2.986057669203098230e-01
2.252499999999999947e+00 3.065195292760761747e-01
2.257499999999999840e+00 3.142438126557239864e-01
2.262500000000000178e+00 3.217565970135370934e-01
2.267500000000000071e+00 3.291172157001076015e-01
2.272499999999999964e+00 3.364929055637287947e-01
2.277499999999999858e+00 3.439447714795401678e-01
2.282500000000000195e+00 3.515835786101946248e-01
2.287500000000000089e+00 3.594186865133323638e-01
2.292499999999999982e+00 3.673692376197567055e-01
2.297499999999999876e+00 3.752815149250589011e-01
2.302500000000000213e+00 3.831731099829748244e-01
2.307500000000000107e+00 3.907746980808136095e-01
2.312500000000000000e+00 3.982729042256843988e-01
2.317499999999999893e+00 4.060341508495628471e-01
2.322499999999999787e+00 4.147160275754023240e-01
2.327500000000000124e+00 4.252833778407505982e-01
2.332500000000000018e+00 4.390527129419024566e-01
2.337499999999999911e+00 4.572827702306018205e-01
2.342499999999999805e+00 4.814315036494754008e-01
2.347500000000000142e+00 5.127838013973320397e-01
2.352500000000000036e+00 5.523399022363487676e-01
2.357499999999999929e+00 6.006500628715916168e-01
2.362499999999999822e+00 6.576574437287170394e-01
2.367500000000000160e+00 7.225239399659507677e-01
2.372500000000000053e+00 7.935520975251658671e-01
2.377499999999999947e+00 8.681050356408424040e-01
2.382499999999999840e+00 9.427195657934352990e-01
2.387500000000000178e+00 1.013315359274942429e+00
2.392500000000000071e+00 1.075585930673626622e+00
2.397499999999999964e+00 1.125453038046878795e+00
2.402499999999999858e+00 1.159592846312940795e+00
2.407500000000000195e+00 1.175808244924249291e+00
2.412500000000000089e+00 1.173288353521039218e+00
2.417499999999999982e+00 1.152609983357485879e+00
2.422499999999999876e+00 1.115618195360306153e+00
2.427500000000000213e+00 1.065136258944874070e+00
2.432500000000000107e+00 1.004630151402067462e+00
2.437500000000000000e+00 9.379077496694858684e-01
2.442499999999999893e+00 8.688770223979026541e-01
2.447499999999999787e+00 8.012639056926993408e-01
2.452500000000000124e+00 7.384390898754897847e-01
2.457500000000000018e+00 6.832045439934273379e-01
2.462499999999999911e+00 6.377561745330592169e-01
2.467499999999999805e+00 6.035907874038370924e-01
2.472500000000000142e+00 5.815472762899454029e-01
2.477500000000000036e+00 5.719302647910460280e-01
2.482499999999999929e+00 5.747946770162080110e-01
2.487499999999999822e+00 5.898129839082354442e-01
2.492500000000000160e+00 6.166067024385644135e-01
2.497500000000000053e+00 6.547282031116921086e-01
2.502499999999999947e+00 7.034777858392998739e-01
2.507499999999999840e+00 7.619387579847149983e-01
2.512500000000000178e+00 8.290632244976228193e-01
2.517500000000000071e+00 9.032041474494952871e-01
2.522499999999999964e+00 9.825986450011818807e-01
2.527499999999999858e+00 1.065379877869600422e+00
2.532500000000000195e+00 1.149969453952128129e+00
2.537500000000000089e+00 1.235374868303508844e+00
2.542499999999999982e+00 1.321506315656850061e+00
2.547499999999999876e+00 1.409422210317877511e+00
2.552500000000000213e+00 1.501423227860694043e+00
2.557500000000000107e+00 1.601022161408514499e+00
2.562500000000000000e+00 1.712721563848911277e+00
2.567499999999999893e+00 1.841308431006470903e+00
2.572499999999999787e+00 1.991373134528441780e+00
2.577500000000000124e+00 2.166681494721488299e+00
2.582500000000000018e+00 2.369298370289057321e+00
2.587499999999999911e+00 2.599219240015884669e+00
2.592499999999999805e+00 2.853991783794168846e+00
2.597500000000000142e+00 3.128718601903400565e+00
2.602500000000000036e+00 3.416182678838528997e+00
2.607499999999999929e+00 3.707519395368547244e+00
2.612499999999999822e+00 3.992580872559115868e+00
2.617500000000000160e+00 4.260985649492927685e+00
2.622500000000000053e+00 4.502817318449608308e+00
2.627499999999999947e+00 4.709233682135782750e+00
2.632499999999999840e+00 4.873188693142631145e+00
2.637500000000000178e+00 4.989819209942574219e+00
2.642500000000000071e+00 5.056600285503143333e+00
2.647499999999999964e+00 5.073460370497110183e+00
2.652499999999999858e+00 5.042601080109638367e+00
2.657500000000000195e+00 4.968292073105580187e+00
2.662500000000000089e+00 4.856439211349583118e+00
2.667499999999999982e+00 4.714171081529614504e+00
2.672499999999999876e+00 4.549330511368864904e+00
2.677500000000000213e+00 4.370069718203223985e+00
2.682500000000000107e+00 4.184263565860986134e+00
2.687500000000000000e+00 3.999261488972720713e+00
2.692499999999999893e+00 3.821526408438261857e+00
2.697499999999999787e+00 3.656504367099879804e+00
2.702500000000000124e+00 3.508561576871458865e+00
2.707500000000000018e+00 3.381102774956863843e+00
2.712499999999999911e+00 3.276424021779571483e+00
2.717499999999999805e+00 3.196227525819179682e+00
2.722500000000000142e+00 3.141274812608822131e+00
2.727500000000000036e+00 3.111886556656320746e+00
2.732499999999999929e+00 3.107813749711701767e+00
2.737499999999999822e+00 3.128138257111096276e+00
2.742500000000000160e+00 3.171576693870187480e+00
2.747500000000000053e+00 3.236517572055553238e+00
2.752499999999999947e+00 3.320785902471639073e+00
2.757499999999999840e+00 3.421962741637637251e+00
2.762500000000000178e+00 3.537189892051946227e+00
2.767500000000000071e+00 3.663134550162181924e+00
2.772499999999999964e+00 3.796099319625882984e+00
2.777499999999999858e+00 3.931835268410285966e+00
2.782500000000000195e+00 4.065505643962985083e+00
2.787500000000000089e+00 4.192029329886738154e+00
2.792499999999999982e+00 4.306002750896304576e+00
2.797499999999999876e+00 4.402112109920203409e+00
2.802500000000000213e+00 4.475425358604963044e+00
2.807500000000000107e+00 4.521902780375064879e+00
2.812500000000000000e+00 4.538588885693096486e+00
2.817499999999999893e+00 4.524251172223407558e+00
2.822499999999999787e+00 4.479218396111383171e+00
2.827500000000000124e+00 4.405702625927705007e+00
2.832500000000000018e+00 4.307668420908424167e+00
2.837499999999999911e+00 4.190509081074204722e+00
2.842499999999999805e+00 4.060600339293310768e+00
2.847500000000000142e+00 3.924799414025806232e+00
2.852500000000000036e+00 3.789672471988978497e+00
2.857499999999999929e+00 3.660955435125037738e+00
2.862499999999999822e+00 3.542935540817000462e+00
2.867500000000000160e+00 3.438151314803212788e+00
2.872500000000000053e+00 3.347201936122743859e+00
2.877499999999999947e+00 3.268943662624034907e+00
2.882499999999999840e+00 3.200697620433230473e+00
2.887500000000000178e+00 3.138848740419224459e+00
2.892500000000000071e+00 3.079212562799091391e+00
2.897499999999999964e+00 3.017738850916749538e+00
2.902499999999999858e+00 2.950828431725420309e+00
2.907500000000000195e+00 2.875757650038072377e+00
2.912500000000000089e+00 2.790927827659856586e+00
2.917499999999999982e+00 2.695946703827880597e+00
2.922499999999999876e+00 2.591500377892464790e+00
2.927500000000000213e+00 2.479448200414656078e+00
2.932500000000000107e+00 2.362321077329982533e+00
2.937500000000000000e+00 2.243263383727601035e+00
2.942499999999999893e+00 2.125661352643717805e+00
2.947499999999999787e+00 2.012665154513888055e+00
2.952500000000000124e+00 1.907071085163862589e+00
2.957500000000000018e+00 1.810990915391223588e+00
2.962499999999999911e+00 1.725783464998940087e+00
2.967499999999999805e+00 1.651948471135513241e+00
2.972500000000000142e+00 1.589171748128895612e+00
2.977500000000000036e+00 1.536435056491866735e+00
2.982499999999999929e+00 1.492180860655310637e+00
2.987499999999999822e+00 1.454562795605186531e+00
2.992500000000000160e+00 1.421660052534835517e+00
2.997500000000000053e+00 1.391725676519476984e+00
3.002499999999999947e+00 1.363420449523309097e+00
3.007499999999999840e+00 1.335978771226814743e+00
3.012500000000000178e+00 1.309277678872307282e+00
3.017500000000000071e+00 1.283845274526104641e+00
3.022499999999999964e+00 1.260751052578005016e+00
3.027499999999999858e+00 1.241462493651141141e+00
3.032500000000000195e+00 1.227585140813070463e+00
3.037500000000000089e+00 1.220647627945039781e+00
3.042499999999999982e+00 1.221789070314570846e+00
3.047499999999999876e+00 1.231650797995784030e+00
3.052500000000000213e+00 1.250133451155255981e+00
3.057500000000000107e+00 1.276368928891053800e+00
3.062500000000000000e+00 1.308734174002890382e+00
3.067499999999999893e+00 1.344905965016785387e+00
3.072499999999999787e+00 1.382072553368224321e+00
3.077500000000000124e+00 1.417145780182143877e+00
3.082500000000000018e+00 1.447034533512417953e+00
3.087499999999999911e+00 1.468912166750791837e+00
3.092499999999999805e+00 1.480470316853017998e+00
3.097500000000000142e+00 1.480144620563640379e+00
3.102500000000000036e+00 1.467176511719172183e+00
3.107499999999999929e+00 1.441711266189479534e+00
3.112499999999999822e+00 1.404735129125379123e+00
3.117500000000000160e+00 1.357986153731527867e+00
3.122500000000000053e+00 1.303791482363446441e+00
3.127499999999999947e+00 1.244869820394758797e+00
3.132499999999999840e+00 1.184091483808535683e+00
3.137500000000000178e+00 1.124281533276586309e+00
3.142500000000000071e+00 1.067965289293558273e+00
3.147499999999999964e+00 1.017224228139599118e+00
3.152499999999999858e+00 9.735310661557931011e-01
3.157500000000000195e+00 9.377169869824115711e-01
3.162500000000000089e+00 9.100025070890508383e-01
3.167499999999999982e+00 8.900351384511119290e-01
3.172499999999999876e+00 8.770352571722705992e-01
3.177500000000000213e+00 8.699315252456335523e-01
3.182500000000000107e+00 8.674981983213729819e-01
3.187500000000000000e+00 8.684435457133508063e-01
3.192499999999999893e+00 8.715343564765672957e-01
3.197499999999999787e+00 8.756120464758523347e-01
3.202500000000000124e+00 8.796934829124248845e-01
3.207500000000000018e+00 8.829420927638207406e-01
3.212499999999999911e+00 8.847014827321777464e-01
3.217499999999999805e+00 8.845140031256559787e-01
3.222500000000000142e+00 8.821238726272564445e-01
3.227500000000000036e+00 8.774785229268415865e-01
3.232499999999999929e+00 8.707214890684372710e-01
3.237499999999999822e+00 8.621577666550888086e-01
3.242500000000000160e+00 8.522202284281444884e-01
3.247500000000000053e+00 8.414330394910842781e-01
3.252499999999999947e+00 8.303276854450937217e-01
3.257499999999999840e+00 8.193969880841975861e-01
3.262500000000000178e+00 8.090332966590112473e-01
3.267500000000000071e+00 7.994726392388022962e-01
3.272499999999999964e+00 7.907923373362415465e-01
3.277499999999999858e+00 7.828959766929695085e-01
3.282500000000000195e+00 7.755327744101759846e-01
3.287500000000000089e+00 7.683494989876809012e-01
3.292499999999999982e+00 7.609436628822705551e-01
3.297499999999999876e+00 7.528995008928244248e-01
3.302500000000000213e+00 7.438602479488140018e-01
3.307500000000000107e+00 7.335625824247354876e-01
3.312500000000000000e+00 7.218554777438234149e-01
3.317499999999999893e+00 7.087397726369478734e-01
3.322499999999999787e+00 6.943307617294879330e-01
3.327500000000000124e+00 6.788774166486436501e-01
3.332500000000000018e+00 6.627009213607607530e-01
3.337499999999999911e+00 6.461888249091801706e-01
3.342499999999999805e+00 6.297183030561007699e-01
3.347500000000000142e+00 6.136344037007531727e-01
3.352500000000000036e+00 5.981937920416586785e-01
3.357499999999999929e+00 5.835704560384999962e-01
3.362499999999999822e+00 5.698122427455416528e-01
3.367500000000000160e+00 5.568425130453993344e-01
3.372500000000000053e+00 5.444983072172462357e-01
3.377499999999999947e+00 5.325291820544388877e-01
3.382499999999999840e+00 5.206512212361539271e-01
3.387500000000000178e+00 5.085691821440739835e-01
3.392500000000000071e+00 4.960257259813740660e-01
3.397499999999999964e+00 4.828390372515347639e-01
3.402499999999999858e+00 4.689281337328203292e-01
3.407500000000000195e+00 4.543096223875033313e-01
3.412500000000000089e+00 4.391161805418377639e-01
3.417499999999999982e+00 4.235769317182386806e-01
3.422499999999999876e+00 4.079890649739805197e-01
3.427500000000000213e+00 3.926941819029101666e-01
3.432500000000000107e+00 3.780322530123901847e-01
3.437500000000000000e+00 3.643191999942025916e-01
3.442499999999999893e+00 3.518162882395386437e-01
3.447499999999999787e+00 3.407224429919283870e-01
3.452500000000000124e+00 3.311425208013784038e-01
3.457500000000000018e+00 3.231061868603057885e-01
3.462499999999999911e+00 3.165647459765881244e-01
3.467499999999999805e+00 3.114118300497789593e-01
3.472500000000000142e+00 3.074865396216387436e-01
3.477500000000000036e+00 3.046090135637050667e-01
3.482499999999999929e+00 3.025890698567043624e-01
3.487499999999999822e+00 3.012505478151820681e-01
3.492500000000000160e+00 3.004507857961579709e-01
3.497500000000000053e+00 3.000820937348657180e-01
3.502499999999999947e+00 3.000823409219244842e-01
3.507499999999999840e+00 3.004276080474448940e-01
3.512500000000000178e+00 3.011369494201825425e-01
3.517500000000000071e+00 3.022464032562394154e-01
3.522499999999999964e+00 3.037954104790752119e-01
3.527499999999999858e+00 3.058140725458921017e-01
3.532500000000000195e+00 3.083049037419915983e-01
3.537500000000000089e+00 3.112242503542492211e-01
3.542499999999999982e+00 3.144822707263629225e-01
3.547499999999999876e+00 3.179456563694362248e-01
3.552500000000000213e+00 3.214406203823068076e-01
3.557500000000000107e+00 3.247751695388154114e-01
3.562500000000000000e+00 3.277509230606094892e-01
3.567499999999999893e+00 3.301849711933583231e-01
3.572499999999999787e+00 3.319308993526914331e-01
3.577500000000000124e+00 3.328870202542865697e-01
3.582500000000000018e+00 3.330071638892503905e-01
3.587499999999999911e+00 3.322998341693552127e-01
3.592499999999999805e+00 3.308260433805254030e-01
3.597500000000000142e+00 3.286884124656891948e-01
3.602500000000000036e+00 3.260212234767054240e-01
3.607499999999999929e+00 3.229771695351750793e-01
3.612499999999999822e+00 3.197127462464399161e-01
3.617500000000000160e+00 3.163755990785034888e-01
3.622500000000000053e+00 3.130963969182441464e-01
3.627499999999999947e+00 3.099853381841327082e-01
3.632499999999999840e+00 3.071245315106164164e-01
3.637500000000000178e+00 3.045786022881878385e-01
3.642500000000000071e+00 3.023907601018975821e-01
3.647499999999999964e+00 3.005928974181413804e-01
3.652499999999999858e+00 2.992018020479177975e-01
3.657500000000000195e+00 2.982263860493458152e-01
3.662500000000000089e+00 2.976576382066339344e-01
3.667499999999999982e+00 2.974729905705535415e-01
3.672499999999999876e+00 2.976300984144550354e-01
3.677500000000000213e+00 2.980712310649121233e-01
3.682500000000000107e+00 2.987229773478131678e-01
3.687500000000000000e+00 2.995033175984469498e-01
3.692499999999999893e+00 3.003289245786918138e-01
3.697499999999999787e+00 3.011306624653234953e-01
3.702500000000000124e+00 3.018585890955266526e-01
3.707500000000000018e+00 3.024889313251154510e-01
3.712499999999999911e+00 3.030325180475633706e-01
3.717499999999999805e+00 3.035234412887808375e-01
3.722500000000000142e+00 3.040172610479074389e-01
3.727500000000000036e+00 3.045825251457812133e-01
3.732499999999999929e+00 3.052835396145856528e-01
3.737499999999999822e+00 3.061708323727414527e-01
3.742500000000000160e+00 3.072763479470933534e-01
3.747500000000000053e+00 3.085988614110402595e-01
3.752499999999999947e+00 3.101107475054384333e-01
3.757499999999999840e+00 3.117576897660457869e-01
3.762500000000000178e+00 3.134682822170161143e-01
3.767500000000000071e+00 3.151621208034336430e-01
3.772499999999999964e+00 3.167591032504011861e-01
3.777499999999999858e+00 3.181909025848548844e-01
3.782500000000000195e+00 3.194073167784510781e-01
3.787500000000000089e+00 3.203837988908622147e-01
3.792499999999999982e+00 3.211221935870951505e-01
3.797499999999999876e+00 3.216527871602781197e-01
3.802500000000000213e+00 3.220274287867572194e-01
3.807500000000000107e+00 3.223118722955469195e-01
3.812500000000000000e+00 3.225801733497138946e-01
3.817499999999999893e+00 3.229036077855825804e-01
3.822499999999999787e+00 3.233476053584372623e-01
3.827500000000000124e+00 3.239586725230842457e-01
3.832500000000000018e+00 3.247673626499480992e-01
3.837499999999999911e+00 3.257810488384935699e-01
3.842499999999999805e+00 3.269935370895491467e-01
3.847500000000000142e+00 3.283781156971430359e-01
3.852500000000000036e+00 3.299068333671032471e-01
3.857499999999999929e+00 3.315535139361044381e-01
3.862499999999999822e+00 3.333075589484645884e-01
3.867500000000000160e+00 3.351775708365883899e-01
3.872500000000000053e+00 3.372022961726930945e-01
3.877499999999999947e+00 3.394451260657818659e-01
3.882499999999999840e+00 3.419949913538643527e-01
3.887500000000000178e+00 3.449701219389906814e-01
3.892500000000000071e+00 3.484943676529479450e-01
3.897499999999999964e+00 3.526969563152734244e-01
3.902499999999999858e+00 3.576963900392692852e-01
3.907500000000000195e+00 3.635800623106694163e-01
3.912500000000000089e+00 3.704075326857957928e-01
3.917499999999999982e+00 3.781804175600911311e-01
3.922499999999999876e+00 3.868578549614491990e-01
3.927500000000000213e+00 3.963378712503882184e-01
3.932500000000000107e+00 4.064802692538339590e-01
3.937500000000000000e+00 4.171038814522851079e-01
3.942499999999999893e+00 4.280167565729214307e-01
3.947499999999999787e+00 4.390186199301804315e-01
3.952500000000000124e+00 4.499243309386127265e-01
3.957500000000000018e+00 4.605601334111654177e-01
3.962499999999999911e+00 4.707720314226018221e-01
3.967499999999999805e+00 4.804137850030073542e-01
3.972500000000000142e+00 4.893412762944175931e-01
3.977500000000000036e+00 4.973983892689770592e-01
3.982499999999999929e+00 5.044094138972500252e-01
3.987499999999999822e+00 5.101806952537343287e-01
3.992500000000000160e+00 5.145044741327147175e-01
3.997500000000000053e+00 5.171816474101399441e-01
4.002500000000000391e+00 5.180460927719854336e-01
4.007500000000000284e+00 5.169971579433890740e-01
4.012500000000000178e+00 5.140315089493772138e-01
4.017500000000000071e+00 5.092585461594951735e-01
4.022499999999999964e+00 5.029156767969280573e-01
4.027499999999999858e+00 4.953487266593588068e-01
4.032499999999999751e+00 4.869957189978773582e-01
4.037499999999999645e+00 4.783400482392056174e-01
4.042500000000000426e+00 4.698755102240782522e-01
4.047500000000000320e+00 4.620465229176945465e-01
4.052500000000000213e+00 4.552248558394543232e-01
4.057500000000000107e+00 4.496595025628772890e-01
4.062500000000000000e+00 4.454781419452616964e-01
4.067499999999999893e+00 4.426791177187149318e-01
4.072499999999999787e+00 4.411536941628638742e-01
4.077499999999999680e+00 4.407062846484549046e-01
4.082499999999999574e+00 4.411043937793017733e-01
4.087500000000000355e+00 4.421015109980953595e-01
4.092500000000000249e+00 4.434733108849696626e-01
4.097500000000000142e+00 4.450497841725113424e-01
4.102500000000000036e+00 4.467159339425244569e-01
4.107499999999999929e+00 4.484167430997529347e-01
4.112499999999999822e+00 4.501502493868524413e-01
4.117499999999999716e+00 4.519397341598215823e-01
4.122499999999999609e+00 4.538359934456154821e-01
4.127500000000000391e+00 4.558715525646518385e-01
4.132500000000000284e+00 4.580881369954554749e-01
4.137500000000000178e+00 4.604959047629272884e-01
4.142500000000000071e+00 4.631134332563358047e-01
4.147499999999999964e+00 4.659729636163204014e-01
4.152499999999999858e+00 4.691216552590543598e-01
4.157499999999999751e+00 4.726791022551147248e-01
4.162499999999999645e+00 4.768195347584812671e-01
4.167500000000000426e+00 4.818080397064021803e-01
4.172500000000000320e+00 4.879925199925271850e-01
4.177500000000000213e+00 4.957904303905614762e-01
4.182500000000000107e+00 5.056692174062622502e-01
4.187500000000000000e+00 5.180939485170611425e-01
4.192499999999999893e+00 5.335576061537858905e-01
4.197499999999999787e+00 5.525029525746621983e-01
4.202499999999999680e+00 5.753235428143652630e-01
4.207499999999999574e+00 6.023713305008425722e-01
4.212500000000000355e+00 6.339290058823339180e-01
4.217500000000000249e+00 6.703122671483894290e-01
4.222500000000000142e+00 7.117686240956561106e-01
4.227500000000000036e+00 7.586434906531687172e-01
4.232499999999999929e+00 8.112604765089308501e-01
4.237499999999999822e+00 8.699994932087332655e-01
4.242499999999999716e+00 9.352323574207909163e-01
4.247499999999999609e+00 1.007196152226941033e+00
4.252500000000000391e+00 1.085974594988213582e+00
4.257500000000000284e+00 1.171291292554670571e+00
4.262500000000000178e+00 1.262441665176745165e+00
4.267500000000000071e+00 1.358194103924975193e+00
4.272499999999999964e+00 1.456688386199062935e+00
4.277499999999999858e+00 1.555532158255372499e+00
4.282499999999999751e+00 1.651841126170521923e+00
4.287499999999999645e+00 1.742460760657325025e+00
4.292500000000000426e+00 1.824174223905712378e+00
4.297500000000000320e+00 1.893965503316815457e+00
4.302500000000000213e+00 1.949310201504849127e+00
4.307500000000000107e+00 1.988359566493630881e+00
4.312500000000000000e+00 2.010134570037454438e+00
4.317499999999999893e+00 2.014582678873752641e+00
4.322499999999999787e+00 2.002527787052415853e+00
4.327499999999999680e+00 1.975588092342534852e+00
4.332499999999999574e+00 1.935979261911119131e+00
4.337500000000000355e+00 1.886233877806700487e+00
4.342500000000000249e+00 1.829100445302560995e+00
4.347500000000000142e+00 1.767349434100489836e+00
4.352500000000000036e+00 1.703572924972848401e+00
4.357499999999999929e+00 1.640382515345919723e+00
4.362499999999999822e+00 1.580183720280840642e+00
4.367499999999999716e+00 1.525412399726647550e+00
4.372499999999999609e+00 1.478506988959019441e+00
4.377500000000000391e+00 1.442072865273119842e+00
4.382500000000000284e+00 1.418743083056852594e+00
4.387500000000000178e+00 1.411011083051468606e+00
4.392500000000000071e+00 1.421206656748331909e+00
4.397499999999999964e+00 1.451244582475821332e+00
4.402499999999999858e+00 1.502372351708655129e+00
4.407499999999999751e+00 1.575105202339981414e+00
4.412499999999999645e+00 1.669172488485769934e+00
4.417500000000000426e+00 1.783364094386594934e+00
4.422500000000000320e+00 1.915816887269510271e+00
4.427500000000000213e+00 2.064106366428023698e+00
4.432500000000000107e+00 2.225230024780419313e+00
4.437500000000000000e+00 2.396116922125244741e+00
4.442499999999999893e+00 2.573435942210612115e+00
4.447499999999999787e+00 2.753984325902888664e+00
4.452499999999999680e+00 2.934633374080356738e+00
4.457499999999999574e+00 3.112314992830930382e+00
4.462500000000000355e+00 3.284112512577460841e+00
4.467500000000000249e+00 3.447122746841939644e+00
4.472500000000000142e+00 3.598278950872633164e+00
4.477500000000000036e+00 3.734354997105005403e+00
4.482499999999999929e+00 3.851712347094768951e+00
4.487499999999999822e+00 3.946492750029864993e+00
4.492499999999999716e+00 4.014625896099740743e+00
4.497499999999999609e+00 4.052241000983745955e+00
4.502500000000000391e+00 4.056099215581628670e+00
4.507500000000000284e+00 4.024093298504612726e+00
4.512500000000000178e+00 3.955697884125371377e+00
4.517500000000000071e+00 3.852300186608816013e+00
4.522499999999999964e+00 3.717286355029127964e+00
4.527499999999999858e+00 3.555933308100134749e+00
4.532499999999999751e+00 3.374951368595996648e+00
4.537499999999999645e+00 3.181943881363082482e+00
4.542500000000000426e+00 2.984738250803146364e+00
4.547500000000000320e+00 2.790649525731649039e+00
4.552500000000000213e+00 2.605943026500123771e+00
4.557500000000000107e+00 2.435455259563840347e+00
4.562500000000000000e+00 2.282197217067623463e+00
4.567499999999999893e+00 2.147503912359960854e+00
4.572499999999999787e+00 2.031002755951989869e+00
4.577499999999999680e+00 1.930962883563044130e+00
4.582499999999999574e+00 1.844617518497654540e+00
4.587500000000000355e+00 1.768742519124944623e+00
4.592500000000000249e+00 1.700093132642439109e+00
4.597500000000000142e+00 1.635673223366355788e+00
4.602500000000000036e+00 1.573107182588641795e+00
4.607499999999999929e+00 1.510893037280838680e+00
4.612499999999999822e+00 1.448300971313856600e+00
4.617499999999999716e+00 1.385315789400140885e+00
4.622499999999999609e+00 1.322619238919548357e+00
4.627500000000000391e+00 1.261126781259108265e+00
4.632500000000000284e+00 1.201995055459893935e+00
4.637500000000000178e+00 1.146393030706162053e+00
4.642500000000000071e+00 1.095219638756942171e+00
4.647499999999999964e+00 1.049230229746858534e+00
4.652499999999999858e+00 1.008814177206659446e+00
4.657499999999999751e+00 9.741747255006338868e-01
4.662499999999999645e+00 9.452821072064264696e-01
4.667500000000000426e+00 9.219014267601878254e-01
4.672500000000000320e+00 9.037160778753821067e-01
4.677500000000000213e+00 8.902613263558992740e-01
4.682500000000000107e+00 8.810460526662664549e-01
4.687500000000000000e+00 8.755629053437335996e-01
4.692499999999999893e+00 8.732324945965344032e-01
4.697499999999999787e+00 8.735430407775484074e-01
4.702499999999999680e+00 8.763344231570895371e-01
4.707499999999999574e+00 8.809306766656493926e-01
4.712500000000000355e+00 8.873720898662476042e-01
4.717500000000000249e+00 8.958619175003978974e-01
4.722500000000000142e+00 9.069248702783450078e-01
4.727500000000000036e+00 9.214867315318910901e-01
4.732499999999999929e+00 9.411230475111991289e-01
4.737499999999999822e+00 9.673417847262713032e-01
4.742499999999999716e+00 1.002414894988128857e+00
4.747499999999999609e+00 1.048741112919400642e+00
4.752500000000000391e+00 1.108702577550875645e+00
4.757500000000000284e+00 1.184330004241309853e+00
4.762500000000000178e+00 1.276880805850938438e+00
4.767500000000000071e+00 1.386274421924595712e+00
4.772499999999999964e+00 1.510739568037353653e+00
4.777499999999999858e+00 1.646491995769095329e+00
4.782499999999999751e+00 1.787768488724629456e+00
4.787499999999999645e+00 1.927193402227771024e+00
4.792500000000000426e+00 2.056495357135744939e+00
4.797500000000000320e+00 2.167379767801136836e+00
4.802500000000000213e+00 2.252537524108079836e+00
4.807500000000000107e+00 2.306413917738991071e+00
4.812500000000000000e+00 2.325710481106705529e+00
4.817499999999999893e+00 2.309556630860226889e+00
4.822499999999999787e+00 2.259417710403312629e+00
4.827499999999999680e+00 2.178765441016090598e+00
4.832499999999999574e+00 2.072726567107333384e+00
4.837500000000000355e+00 1.947657868346014620e+00
4.842500000000000249e+00 1.810687355074507510e+00
4.847500000000000142e+00 1.669177697928822646e+00
4.852500000000000036e+00 1.530177598131748917e+00
4.857499999999999929e+00 1.399774892640185842e+00
4.862499999999999822e+00 1.282611953847303532e+00
4.867499999999999716e+00 1.181555618290783594e+00
4.872499999999999609e+00 1.097623743703373567e+00
4.877500000000000391e+00 1.030168908470777911e+00
4.882500000000000284e+00 9.774035148726920585e-01
4.887500000000000178e+00 9.367221183786288430e-01
4.892500000000000071e+00 9.053919055061983023e-01
4.897499999999999964e+00 8.808956179050381197e-01
4.902499999999999858e+00 8.611970552357937070e-01
4.907499999999999751e+00 8.446818061744560957e-01
4.912499999999999645e+00 8.307831173281420289e-01
4.917500000000000426e+00 8.186881098616286545e-01
4.922500000000000320e+00 8.081337211217508587e-01
4.927500000000000213e+00 7.989447456850731211e-01
4.932500000000000107e+00 7.909460573986186738e-01
4.937500000000000000e+00 7.838015046608484138e-01
4.942499999999999893e+00 7.775251155622563415e-01
4.947499999999999787e+00 7.715994107745663966e-01
4.952499999999999680e+00 7.657460055620343153e-01
4.957499999999999574e+00 7.597273804943354136e-01
4.962500000000000355e+00 7.533830059584857297e-01
4.967500000000000249e+00 7.466323050860844690e-01
4.972500000000000142e+00 7.395173296139591068e-01
4.977500000000000036e+00 7.321185713578172161e-01
4.982499999999999929e+00 7.245926493224013054e-01
4.987499999999999822e+00 7.171194223157486558e-01
4.992499999999999716e+00 7.098901236824721739e-01
4.997499999999999609e+00 7.030749056918441653e-01
5.002500000000000391e+00 6.968495689229774470e-01
5.007500000000000284e+00 6.913386787649403731e-01
5.012500000000000178e+00 6.866551140447145762e-01
5.017500000000000071e+00 6.828918590490264950e-01
5.022499999999999964e+00 6.801166119769487262e-01
5.027499999999999858e+00 6.783605051941268282e-01
5.032499999999999751e+00 6.776221150785263214e-01
5.037499999999999645e+00 6.778353769656386696e-01
5.042500000000000426e+00 6.788784478964376978e-01
5.047500000000000320e+00 6.805677719278110382e-01
5.052500000000000213e+00 6.826698948499586583e-01
5.057500000000000107e+00 6.849141152029512014e-01
5.062500000000000000e+00 6.870415720009634963e-01
5.067499999999999893e+00 6.888107399997756009e-01
5.072499999999999787e+00 6.900591902135067013e-01
5.077499999999999680e+00 6.907329225352215607e-01
5.082499999999999574e+00 6.908981538738382389e-01
5.087500000000000355e+00 6.907760997376921619e-01
5.092500000000000249e+00 6.907515571343249006e-01
5.097500000000000142e+00 6.913205532465032110e-01
5.102500000000000036e+00 6.931056750271058498e-01
5.107499999999999929e+00 6.967706020913997378e-01
5.112499999999999822e+00 7.029672517775610308e-01
5.117499999999999716e+00 7.122765718914750854e-01
5.122499999999999609e+00 7.251135726253312708e-01
5.127500000000000391e+00 7.416909510535598660e-01
5.132500000000000284e+00 7.619826751736993309e-01
5.137500000000000178e+00 7.856990511969730306e-01
5.142500000000000071e+00 8.123352100363542272e-01
5.147499999999999964e+00 8.412307035086090679e-01
5.152499999999999858e+00 8.716256959099186741e-01
5.157499999999999751e+00 9.027959815525966603e-01
5.162499999999999645e+00 9.341159794677914574e-01
5.167500000000000426e+00 9.651525930409641241e-01
5.172500000000000320e+00 9.957017353020209960e-01
5.177500000000000213e+00 1.025776431831673330e+00
5.182500000000000107e+00 1.055582682517316018e+00
5.187500000000000000e+00 1.085427319143976943e+00
5.192499999999999893e+00 1.115613170558967582e+00
5.197499999999999787e+00 1.146332813099402603e+00
5.202499999999999680e+00 1.177586353508790484e+00
5.207499999999999574e+00 1.209089354491753365e+00
5.212500000000000355e+00 1.240273718458951180e+00
5.217500000000000249e+00 1.270291117487549748e+00
5.222500000000000142e+00 1.298081890653842052e+00
5.227500000000000036e+00 1.322474496265801713e+00
5.232499999999999929e+00 1.342303772342633872e+00
5.237499999999999822e+00 1.356549638059836527e+00
5.242499999999999716e+00 1.364456863372550899e+00
5.247499999999999609e+00 1.365624464979618535e+00
5.252500000000000391e+00 1.360058434354045831e+00
5.257500000000000284e+00 1.348176745666403553e+00
5.262500000000000178e+00 1.330746207756290378e+00
5.267500000000000071e+00 1.308794087434998366e+00
5.272499999999999964e+00 1.283492713991644107e+00
5.277499999999999858e+00 1.255992453017073629e+00
5.282499999999999751e+00 1.227325423152191064e+00
5.287499999999999645e+00 1.198306647832800387e+00
5.292500000000000426e+00 1.169462557245253054e+00
5.297500000000000320e+00 1.141042596062876502e+00
5.302500000000000213e+00 1.113063751008474433e+00
5.307500000000000107e+00 1.085352273924171662e+00
5.312500000000000000e+00 1.057666338411510587e+00
5.317499999999999893e+00 1.029774004497509665e+00
5.322499999999999787e+00 1.001523873671219089e+00
5.327499999999999680e+00 9.729375711798042836e-01
5.332499999999999574e+00 9.441971081054810755e-01
5.337500000000000355e+00 9.156563763495266794e-01
5.342500000000000249e+00 8.878224313975650039e-01
5.347500000000000142e+00 8.612536340898120368e-01
5.352500000000000036e+00 8.365312161973834648e-01
5.357499999999999929e+00 8.142046756974992139e-01
5.362499999999999822e+00 7.946920160097658004e-01
5.367499999999999716e+00 7.783129279197377182e-01
5.372499999999999609e+00 7.652238626435258206e-01
5.377500000000000391e+00 7.554494734176795401e-01
5.382500000000000284e+00 7.489107187921624220e-01
5.387500000000000178e+00 7.454135733933497932e-01
5.392500000000000071e+00 7.447237404753764833e-01
5.397499999999999964e+00 7.465798066621173179e-01
5.402499999999999858e+00 7.507150891392277980e-01
5.407499999999999751e+00 7.568970063597191267e-01
5.412499999999999645e+00 7.649584355166553218e-01
5.417500000000000426e+00 7.747771903876096156e-01
5.422500000000000320e+00 7.863164312628743158e-01
5.427500000000000213e+00 7.995988283472454938e-01
5.432500000000000107e+00 8.146811203229760157e-01
5.437500000000000000e+00 8.316314860234835793e-01
5.442499999999999893e+00 8.504758092563453609e-01
5.447499999999999787e+00 8.711601921288489869e-01
5.452499999999999680e+00 8.935230766057333796e-01
5.457499999999999574e+00 9.172560816883771340e-01
5.462500000000000355e+00 9.419187881898960502e-01
5.467500000000000249e+00 9.669298251329990768e-01
5.472500000000000142e+00 9.916375636264279647e-01
5.477500000000000036e+00 1.015362375049849275e+00
5.482499999999999929e+00 1.037463527828454080e+00
5.487499999999999822e+00 1.057432286388722220e+00
5.492499999999999716e+00 1.074933339875530525e+00
5.497499999999999609e+00 1.089864691520053164e+00
5.502500000000000391e+00 1.102375008772728204e+00
5.507500000000000284e+00 1.112833739685203049e+00
5.512500000000000178e+00 1.121811363580116572e+00
5.517500000000000071e+00 1.129985284939853507e+00
5.522499999999999964e+00 1.138067053489800307e+00
5.527499999999999858e+00 1.146695670961976221e+00
5.532499999999999751e+00 1.156358384685634233e+00
5.537499999999999645e+00 1.167310020779926516e+00
5.542500000000000426e+00 1.179541712950339383e+00
5.547500000000000320e+00 1.192765292379563968e+00
5.552500000000000213e+00 1.206456397749559040e+00
5.557500000000000107e+00 1.219903857591294827e+00
5.562500000000000000e+00 1.232297990078758509e+00
5.567499999999999893e+00 1.242838557836233315e+00
5.572499999999999787e+00 1.250793435179091695e+00
5.577499999999999680e+00 1.255600899845380924e+00
5.582499999999999574e+00 1.256894025905560985e+00
5.587500000000000355e+00 1.254510624129935525e+00
5.592500000000000249e+00 1.248504268252171423e+00
5.597500000000000142e+00 1.239077922100260354e+00
5.602500000000000036e+00 1.226575502114934491e+00
5.607499999999999929e+00 1.211418306516998333e+00
5.612499999999999822e+00 1.194065317995453235e+00
5.617499999999999716e+00 1.174990459654372987e+00
5.622499999999999609e+00 1.154672509950795511e+00
5.627500000000000391e+00 1.133571870069959298e+00
5.632500000000000284e+00 1.112145299682175459e+00
5.637500000000000178e+00 1.090856718544647386e+00
5.642500000000000071e+00 1.070176857959513228e+00
5.647499999999999964e+00 1.050591489020651359e+00
5.652499999999999858e+00 1.032603015561229354e+00
5.657499999999999751e+00 1.016692567311630047e+00
5.662499999999999645e+00 1.003319490359420474e+00
5.667500000000000426e+00 9.928620335568967281e-01
5.672500000000000320e+00 9.856020469702032605e-01
5.677500000000000213e+00 9.816560772730607010e-01
5.682500000000000107e+00 9.809735507528096754e-01
5.687500000000000000e+00 9.833287712930083302e-01
5.692499999999999893e+00 9.882932005263210806e-01
5.697499999999999787e+00 9.953105543964536617e-01
5.702499999999999680e+00 1.003706727287644318e+00
5.707499999999999574e+00 1.012757150697517261e+00
5.712500000000000355e+00 1.021764637954295951e+00
5.717500000000000249e+00 1.030086833364966425e+00
5.722500000000000142e+00 1.037211707945212780e+00
5.727500000000000036e+00 1.042764031140362757e+00
5.732499999999999929e+00 1.046541348559282714e+00
5.737499999999999822e+00 1.048491057607726207e+00
5.742499999999999716e+00 1.048710233311564322e+00
5.747499999999999609e+00 1.047410417974670160e+00
5.752500000000000391e+00 1.044882879043844248e+00
5.757500000000000284e+00 1.041463957694848785e+00
5.762500000000000178e+00 1.037493678267676245e+00
5.767500000000000071e+00 1.033288891943050070e+00
5.772499999999999964e+00 1.029110765920850934e+00
5.777499999999999858e+00 1.025152573089181729e+00
5.782499999999999751e+00 1.021543171956663443e+00
5.787499999999999645e+00 1.018350952270971499e+00
5.792500000000000426e+00 1.015608395891256288e+00
5.797500000000000320e+00 1.013328129732295135e+00
5.802500000000000213e+00 1.011524632274764857e+00
5.807500000000000107e+00 1.010222622067161513e+00
5.812500000000000000e+00 1.009469177405174722e+00
5.817499999999999893e+00 1.009315649275103199e+00
5.822499999999999787e+00 1.009819080889515330e+00
5.827499999999999680e+00 1.011020473056967406e+00
5.832499999999999574e+00 1.012937021156001594e+00
5.837500000000000355e+00 1.015553618909255773e+00
5.842500000000000249e+00 1.018810152960939686e+00
5.847500000000000142e+00 1.022592280639316620e+00
5.852500000000000036e+00 1.026721497065907762e+00
5.857499999999999929e+00 1.030945320753136718e+00
5.862499999999999822e+00 1.034936347369962428e+00
5.867499999999999716e+00 1.038290195989836961e+00
5.872499999999999609e+00 1.040541005980647027e+00
5.877500000000000391e+00 1.041189708766990796e+00
5.882500000000000284e+00 1.039745179122545826e+00
5.887500000000000178e+00 1.035774711419076066e+00
5.892500000000000071e+00 1.028956318877497056e+00
5.897499999999999964e+00 1.019127361502108586e+00
5.902499999999999858e+00 1.006328843138765361e+00
5.907499999999999751e+00 9.908282396876593179e-01
5.912499999999999645e+00 9.731166757032992942e-01
5.917500000000000426e+00 9.538804497094859336e-01
5.922500000000000320e+00 9.339734385756657264e-01
5.927500000000000213e+00 9.143323385816278792e-01
5.932500000000000107e+00 8.959275564745244891e-01
5.937500000000000000e+00 8.796587431066447138e-01
5.942499999999999893e+00 8.662900569061218192e-01
5.947499999999999787e+00 8.563766076900836133e-01
5.952499999999999680e+00 8.502100842893576260e-01
5.957499999999999574e+00 8.477936562848786828e-01
5.962500000000000355e+00 8.488376601395377641e-01
5.967500000000000249e+00 8.527825997845022155e-01
5.972500000000000142e+00 8.588546022888328135e-01
5.977500000000000036e+00 8.661299027670612549e-01
5.982499999999999929e+00 8.736283176618657720e-01
5.987499999999999822e+00 8.803847801541220264e-01
5.992499999999999716e+00 8.855463733658188730e-01
5.997499999999999609e+00 8.884320039152593385e-01
6.002500000000000391e+00 8.885798884010794874e-01
6.007500000000000284e+00 8.857716464628381248e-01
6.012500000000000178e+00 8.800337034850209683e-01
6.017500000000000071e+00 8.716079898479835997e-01
6.022499999999999964e+00 8.609218389158261875e-01
6.027499999999999858e+00 8.485282486747813824e-01
6.032499999999999751e+00 8.350510237795736312e-01
6.037499999999999645e+00 8.211254026523978622e-01
6.042500000000000426e+00 8.073335045163925194e-01
6.047500000000000320e+00 7.941676654572196181e-01
6.052500000000000213e+00 7.820127134851855288e-01
6.057500000000000107e+00 7.711124038266617964e-01
6.062500000000000000e+00 7.616094430523102643e-01
6.067499999999999893e+00 7.535489278262037516e-01
6.072499999999999787e+00 7.469040163393181331e-01
6.077499999999999680e+00 7.416413688224092748e-01
6.082499999999999574e+00 7.377374569602187515e-01
6.087500000000000355e+00 7.352003605232441119e-01
6.092500000000000249e+00 7.340768610278509687e-01
6.097500000000000142e+00 7.344547888274106651e-01
6.102500000000000036e+00 7.364345263747170689e-01
6.107499999999999929e+00 7.400829545855698299e-01
6.112499999999999822e+00 7.454171484587095442e-01
6.117499999999999716e+00 7.523596551226113816e-01
6.122499999999999609e+00 7.607182520286184246e-01
6.127500000000000391e+00 7.701722038249605440e-01
6.132500000000000284e+00 7.802878370069927794e-01
6.137500000000000178e+00 7.905366130403949088e-01
6.142500000000000071e+00 8.003408415558510569e-01
6.147499999999999964e+00 8.091291364464052727e-01
6.152499999999999858e+00 8.163933161774199476e-01
6.157499999999999751e+00 8.217418310551580785e-01
6.162499999999999645e+00 8.249543855717873519e-01
6.167500000000000426e+00 8.260324209278704366e-01
6.172500000000000320e+00 8.251942451662741540e-01
6.177500000000000213e+00 8.228846888441062601e-01
6.182500000000000107e+00 8.197301360448392415e-01
6.187500000000000000e+00 8.164783426400435973e-01
6.192499999999999893e+00 8.139487820527092632e-01
6.197499999999999787e+00 8.129493205299056502e-01
6.202499999999999680e+00 8.142096749682217194e-01
6.207499999999999574e+00 8.183249249600081932e-01
6.212500000000000355e+00 8.257132576157891757e-01
6.217500000000000249e+00 8.365813506425733292e-01
6.222500000000000142e+00 8.509194989719794933e-01
6.227500000000000036e+00 8.685058257362374690e-01
6.232499999999999929e+00 8.889175017417504376e-01
6.237499999999999822e+00 9.115691262934904060e-01
6.242499999999999716e+00 9.357499385622741750e-01
6.247499999999999609e+00 9.606764123331278382e-01
6.252500000000000391e+00 9.855386623993050987e-01
6.257500000000000284e+00 1.009539160421811355e+00
6.262500000000000178e+00 1.031957808015029121e+00
6.267500000000000071e+00 1.052151196597683969e+00
6.272499999999999964e+00 1.069615481768420251e+00
6.277499999999999858e+00 1.083995750720683215e+00
6.282499999999999751e+00 1.095083343351172189e+00
6.287499999999999645e+00 1.102844333948598710e+00
6.292500000000000426e+00 1.107408120749460823e+00
6.297500000000000320e+00 1.109047215165519518e+00
6.302500000000000213e+00 1.108146967791382442e+00
6.307500000000000107e+00 1.105171072521937470e+00
6.312500000000000000e+00 1.100610035961190114e+00
6.317499999999999893e+00 1.094934775750358913e+00
6.322499999999999787e+00 1.088553364410274060e+00
6.327499999999999680e+00 1.081789014951956895e+00
6.332499999999999574e+00 1.074864458399667599e+00
6.337500000000000355e+00 1.067892890946008144e+00
6.342500000000000249e+00 1.060923336898119018e+00
6.347500000000000142e+00 1.053969968827376480e+00
6.352500000000000036e+00 1.047065506793471323e+00
6.357499999999999929e+00 1.040314991525684629e+00
6.362499999999999822e+00 1.033947866058515075e+00
6.367499999999999716e+00 1.028328952923589057e+00
6.372499999999999609e+00 1.023966646129007785e+00
6.377500000000000391e+00 1.021503733730483754e+00
6.382500000000000284e+00 1.021653894484714442e+00
6.387500000000000178e+00 1.025188297097352708e+00
6.392500000000000071e+00 1.032820230000476291e+00
6.397499999999999964e+00 1.045141598980334097e+00
6.402499999999999858e+00 1.062554494648145331e+00
6.407499999999999751e+00 1.085190082345566465e+00
6.412499999999999645e+00 1.112846014420232565e+00
6.417500000000000426e+00 1.144946590840423717e+00
6.422500000000000320e+00 1.180532038852020404e+00
6.427500000000000213e+00 1.218300370200998017e+00
6.432500000000000107e+00 1.256678685706422716e+00
6.437500000000000000e+00 1.293946225023946406e+00
6.442499999999999893e+00 1.328352635553105676e+00
6.447499999999999787e+00 1.358305743363807050e+00
6.452499999999999680e+00 1.382471294409521878e+00
6.457499999999999574e+00 1.399912942653204206e+00
6.462500000000000355e+00 1.410098888756461610e+00
6.467500000000000249e+00 1.413038942132903930e+00
6.472500000000000142e+00 1.409207978726113586e+00
6.477500000000000036e+00 1.399568070325798441e+00
6.482499999999999929e+00 1.385453711078985517e+00
6.487499999999999822e+00 1.368565940423756011e+00
6.492499999999999716e+00 1.350799593019284206e+00
6.497499999999999609e+00 1.334148555359316424e+00
6.502500000000000391e+00 1.320512925780965352e+00
6.507500000000000284e+00 1.311588204000334601e+00
6.512500000000000178e+00 1.308666178327992924e+00
6.517500000000000071e+00 1.312560870856839923e+00
6.522499999999999964e+00 1.323502782058176397e+00
6.527499999999999858e+00 1.341142127244038251e+00
6.532499999999999751e+00 1.364565406950877469e+00
6.537499999999999645e+00 1.392386629021931554e+00
6.542500000000000426e+00 1.422893502591474846e+00
6.547500000000000320e+00 1.454149949277060205e+00
6.552500000000000213e+00 1.484207785816954228e+00
6.557500000000000107e+00 1.511225124566014433e+00
6.562500000000000000e+00 1.533615840567759792e+00
6.567499999999999893e+00 1.550125092326413601e+00
6.572499999999999787e+00 1.559925774341687443e+00
6.577499999999999680e+00 1.562616395787642443e+00
6.582499999999999574e+00 1.558216734595242903e+00
6.587500000000000355e+00 1.547108107940408539e+00
6.592500000000000249e+00 1.529952147891787684e+00
6.597500000000000142e+00 1.507632299012100274e+00
6.602500000000000036e+00 1.481125025151005303e+00
6.607499999999999929e+00 1.451422562060583177e+00
6.612499999999999822e+00 1.419464282925511744e+00
6.617499999999999716e+00 1.386076141489865243e+00
6.622499999999999609e+00 1.351941338717606689e+00
6.627500000000000391e+00 1.317591631085759385e+00
6.632500000000000284e+00 1.283411245186178995e+00
6.637500000000000178e+00 1.249669137092753957e+00
6.642500000000000071e+00 1.216555586720923898e+00
6.647499999999999964e+00 1.184225893718750644e+00
6.652499999999999858e+00 1.152801774847156624e+00
6.657499999999999751e+00 1.122437153080543926e+00
6.662499999999999645e+00 1.093295134646711908e+00
6.667500000000000426e+00 1.065591101311461175e+00
6.672500000000000320e+00 1.039493380707336101e+00
6.677500000000000213e+00 1.015201428915354365e+00
6.682500000000000107e+00 9.928622095787500434e-01
6.687500000000000000e+00 9.726137799542486917e-01
6.692499999999999893e+00 9.545069846810506631e-01
6.697499999999999787e+00 9.385739064150024902e-01
6.702499999999999680e+00 9.247942263790109862e-01
6.707499999999999574e+00 9.131344185057235219e-01
6.712500000000000355e+00 9.035159296012790220e-01
6.717500000000000249e+00 8.958816020712826456e-01
6.722500000000000142e+00 8.901467211196278928e-01
6.727500000000000036e+00 8.862486567948980598e-01
6.732499999999999929e+00 8.841181656453711568e-01
6.737499999999999822e+00 8.837106350886076989e-01
6.742499999999999716e+00 8.849991739049741790e-01
6.747499999999999609e+00 8.879724399430223292e-01
6.752500000000000391e+00 8.926474715969170415e-01
6.757500000000000284e+00 8.990316218355292044e-01
6.762500000000000178e+00 9.071266430401822012e-01
6.767500000000000071e+00 9.168984872956549292e-01
6.772499999999999964e+00 9.282539748241336319e-01
6.777499999999999858e+00 9.409972871249485671e-01
6.782499999999999751e+00 9.548322085778200297e-01
6.787499999999999645e+00 9.693501705260733070e-01
6.792500000000000426e+00 9.840434013472951769e-01
6.797500000000000320e+00 9.983278792441609983e-01
6.802500000000000213e+00 1.011593655197188690e+00
6.807500000000000107e+00 1.023263971894594171e+00
6.812500000000000000e+00 1.032848243969753277e+00
6.817499999999999893e+00 1.040004487136430233e+00
6.822499999999999787e+00 1.044584090657138420e+00
6.827499999999999680e+00 1.046666395484276757e+00
6.832499999999999574e+00 1.046545736588470055e+00
6.837500000000000355e+00 1.044724031355109606e+00
6.842500000000000249e+00 1.041864231358859971e+00
6.847500000000000142e+00 1.038714809410643092e+00
6.852500000000000036e+00 1.036040080707528066e+00
6.857499999999999929e+00 1.034537251318807805e+00
6.862499999999999822e+00 1.034752768536415513e+00
6.867499999999999716e+00 1.037025710467165851e+00
6.872499999999999609e+00 1.041448743922849030e+00
6.877500000000000391e+00 1.047848430316265844e+00
6.882500000000000284e+00 1.055811719968426043e+00
6.887500000000000178e+00 1.064726304744905816e+00
6.892500000000000071e+00 1.073850509020980892e+00
6.897499999999999964e+00 1.082397302071939738e+00
6.902499999999999858e+00 1.089610968629825649e+00
6.907499999999999751e+00 1.094849548598779920e+00
6.912499999999999645e+00 1.097642648718557545e+00
6.917500000000000426e+00 1.097729604479327215e+00
6.922500000000000320e+00 1.095073837243498494e+00
6.927500000000000213e+00 1.089851244532991315e+00
6.932500000000000107e+00 1.082418168017469817e+00
6.937500000000000000e+00 1.073270631180417434e+00
6.942499999999999893e+00 1.062966911053809360e+00
6.947499999999999787e+00 1.052074697471220954e+00
6.952499999999999680e+00 1.041101680964169107e+00
6.957499999999999574e+00 1.030444307653570535e+00
6.962500000000000355e+00 1.020355330882024569e+00
6.967500000000000249e+00 1.010930268519240283e+00
6.972500000000000142e+00 1.002119428840970272e+00
6.977500000000000036e+00 9.937655982594364446e-01
6.982499999999999929e+00 9.856412692853220303e-01
6.987499999999999822e+00 9.775023951673329492e-01
6.992499999999999716e+00 9.691360188786051211e-01
6.997499999999999609e+00 9.603972397084425960e-01
7.002500000000000391e+00 9.512255078838347533e-01
7.007500000000000284e+00 9.416609359068993657e-01
7.012500000000000178e+00 9.318342297875962243e-01
7.017500000000000071e+00 9.219574533942821448e-01
7.022499999999999964e+00 9.123040844792984494e-01
7.027499999999999858e+00 9.031923557403679359e-01
7.032499999999999751e+00 8.949551624583046427e-01
7.037499999999999645e+00 8.879515617296775964e-01
7.042500000000000426e+00 8.825187578050892601e-01
7.047500000000000320e+00 8.789725673217573254e-01
7.052500000000000213e+00 8.776181362129261698e-01
7.057500000000000107e+00 8.787172438092192284e-01
7.062500000000000000e+00 8.824815688242548806e-01
7.067499999999999893e+00 8.890791648028819605e-01
7.072499999999999787e+00 8.985985087880993261e-01
7.077499999999999680e+00 9.110297227396918496e-01
7.082499999999999574e+00 9.262652170222874792e-01
7.087500000000000355e+00 9.440718000944494648e-01
7.092500000000000249e+00 9.640855929105577315e-01
7.097500000000000142e+00 9.858220979424299202e-01
7.102500000000000036e+00 1.008702792772000256e+00
7.107499999999999929e+00 1.032035076102818527e+00
7.112499999999999822e+00 1.055115652091218825e+00
7.117499999999999716e+00 1.077209669074571607e+00
7.122499999999999609e+00 1.097636211367718273e+00
7.127500000000000391e+00 1.115787588957974474e+00
7.132500000000000284e+00 1.131214502937206490e+00
7.137500000000000178e+00 1.143548237715768856e+00
7.142500000000000071e+00 1.152660205907028779e+00
7.147499999999999964e+00 1.158593872679027692e+00
7.152499999999999858e+00 1.161613838920771080e+00
7.157499999999999751e+00 1.162152120814143430e+00
7.162499999999999645e+00 1.160812688594702102e+00
7.167500000000000426e+00 1.158256572803231688e+00
7.172500000000000320e+00 1.155229196084466725e+00
7.177500000000000213e+00 1.152425786338552305e+00
7.182500000000000107e+00 1.150460740503316037e+00
7.187500000000000000e+00 1.149797556186156866e+00
7.192499999999999893e+00 1.150746059519241804e+00
7.197499999999999787e+00 1.153403569499200643e+00
7.202499999999999680e+00 1.157692469707112037e+00
7.207499999999999574e+00 1.163349820905460241e+00
7.212500000000000355e+00 1.169948810174543885e+00
7.217500000000000249e+00 1.176927043533091410e+00
7.222500000000000142e+00 1.183621009845633454e+00
7.227500000000000036e+00 1.189311130931538285e+00
7.232499999999999929e+00 1.193280025556431090e+00
7.237499999999999822e+00 1.194875483428593288e+00
7.242499999999999716e+00 1.193562977101872979e+00
7.247499999999999609e+00 1.188990872878577187e+00
7.252500000000000391e+00 1.181019913241179164e+00
7.257500000000000284e+00 1.169732378773173931e+00
7.262500000000000178e+00 1.155453990709656820e+00
7.267500000000000071e+00 1.138724882120467186e+00
7.272499999999999964e+00 1.120274965630824182e+00
7.277499999999999858e+00 1.100994445886852358e+00
7.282499999999999751e+00 1.081878213221002971e+00
7.287499999999999645e+00 1.063953646709060896e+00
7.292500000000000426e+00 1.048217061730712718e+00
7.297500000000000320e+00 1.035570254533429768e+00
7.302500000000000213e+00 1.026737281292789739e+00
7.307500000000000107e+00 1.022211320342182095e+00
7.312500000000000000e+00 1.022243983508445586e+00
7.317499999999999893e+00 1.026749467395557502e+00
7.322499999999999787e+00 1.035379382881413735e+00
7.327499999999999680e+00 1.047491116392330834e+00
7.332499999999999574e+00 1.062226669930922851e+00
7.337500000000000355e+00 1.078544866832542581e+00
7.342500000000000249e+00 1.095374321366636039e+00
7.347500000000000142e+00 1.111559263678268517e+00
7.352500000000000036e+00 1.126044604582825626e+00
7.357499999999999929e+00 1.137884941888830603e+00
7.362499999999999822e+00 1.146342432153526048e+00
7.367499999999999716e+00 1.150881996193510615e+00
7.372499999999999609e+00 1.151247957321698490e+00
7.377500000000000391e+00 1.147381551938281286e+00
7.382500000000000284e+00 1.139488512434645218e+00
7.387500000000000178e+00 1.127963840401353890e+00
7.392500000000000071e+00 1.113370037029051129e+00
7.397499999999999964e+00 1.096360794602081024e+00
7.402499999999999858e+00 1.077666457859946414e+00
7.407499999999999751e+00 1.058002745282573320e+00
7.412499999999999645e+00 1.038053950452268559e+00
7.417500000000000426e+00 1.018425434186747136e+00
7.422500000000000320e+00 9.996221468893555784e-01
7.427500000000000213e+00 9.820334145157810779e-01
7.432500000000000107e+00 9.659310396095862616e-01
7.437500000000000000e+00 9.514730306004650640e-01
7.442499999999999893e+00 9.387219113616681598e-01
7.447499999999999787e+00 9.276558697725912905e-01
7.452499999999999680e+00 9.181974747957157845e-01
7.457499999999999574e+00 9.102337983182424708e-01
7.462500000000000355e+00 9.036421745975756759e-01
7.467500000000000249e+00 8.983055153535270954e-01
7.472500000000000142e+00 8.941334230509709879e-01
7.477500000000000036e+00 8.910514252686183578e-01
7.482499999999999929e+00 8.890093846957588530e-01
7.487499999999999822e+00 8.879731705973885614e-01
7.492499999999999716e+00 8.879125822732254480e-01
7.497499999999999609e+00 8.887924107198337254e-01
7.502500000000000391e+00 8.905612912879647958e-01
7.507500000000000284e+00 8.931480009834615874e-01
7.512500000000000178e+00 8.964626270231417227e-01
7.517500000000000071e+00 9.004063795401634485e-01
7.522499999999999964e+00 9.048910619148421430e-01
7.527499999999999858e+00 9.098423461595417372e-01
7.532499999999999751e+00 9.152267544379345532e-01
7.537499999999999645e+00 9.210615692928487697e-01
7.542500000000000426e+00 9.274131798216138645e-01
7.547500000000000320e+00 9.343939421793444611e-01
7.552500000000000213e+00 9.421449695298989013e-01
7.557500000000000107e+00 9.508070788121023575e-01
7.562500000000000000e+00 9.604865388182344255e-01
7.567499999999999893e+00 9.712209256351186371e-01
7.572499999999999787e+00 9.829512462412919316e-01
7.577499999999999680e+00 9.955020168319219653e-01
7.582499999999999574e+00 1.008579482390223214e+00
7.587500000000000355e+00 1.021776335155949678e+00
7.592500000000000249e+00 1.034604263639250954e+00
7.597500000000000142e+00 1.046527014517632193e+00
7.602500000000000036e+00 1.057007675456567819e+00
7.607499999999999929e+00 1.065555513403796173e+00
7.612499999999999822e+00 1.071773133235991660e+00
7.617499999999999716e+00 1.075392935170369935e+00
7.622499999999999609e+00 1.076295356823795402e+00
7.627500000000000391e+00 1.074517357580361043e+00
7.632500000000000284e+00 1.070244324936996838e+00
7.637500000000000178e+00 1.063783757430144306e+00
7.642500000000000071e+00 1.055536506404030073e+00
7.647499999999999964e+00 1.045951001987353468e+00
7.652499999999999858e+00 1.035495733938651908e+00
7.657499999999999751e+00 1.024621540690708876e+00
7.662499999999999645e+00 1.013736512814157109e+00
7.667500000000000426e+00 1.003194948144247256e+00
7.672500000000000320e+00 9.932967390765586879e-01
7.677500000000000213e+00 9.842874567274267905e-01
7.682500000000000107e+00 9.763729784582220184e-01
7.687500000000000000e+00 9.697235846932068526e-01
7.692499999999999893e+00 9.644851911605965000e-01
7.697499999999999787e+00 9.607726686218847068e-01
7.702499999999999680e+00 9.586736163246849518e-01
7.707499999999999574e+00 9.582298123596512118e-01
7.712500000000000355e+00 9.594393374579573974e-01
7.717500000000000249e+00 9.622338037358391105e-01
7.722500000000000142e+00 9.664732513273208703e-01
7.727500000000000036e+00 9.719499689995725333e-01
7.732499999999999929e+00 9.783965311753175520e-01
7.737499999999999822e+00 9.854865346471909371e-01
7.742499999999999716e+00 9.928517398572700436e-01
7.747499999999999609e+00 1.000113179504655392e+00
7.752500000000000391e+00 1.006897078315150740e+00
7.757500000000000284e+00 1.012860248993589396e+00
7.762500000000000178e+00 1.017718255076204059e+00
7.767500000000000071e+00 1.021267284642571660e+00
7.772499999999999964e+00 1.023400938636995772e+00
7.777499999999999858e+00 1.024113005762232742e+00
7.782499999999999751e+00 1.023493682674260663e+00
7.787499999999999645e+00 1.021712768660200776e+00
7.792500000000000426e+00 1.018997383435643833e+00
7.797500000000000320e+00 1.015600392182883560e+00
7.802500000000000213e+00 1.011773855581326709e+00
7.807500000000000107e+00 1.007744413101408609e+00
7.812500000000000000e+00 1.003693235840836806e+00
7.817499999999999893e+00 9.997383380673040554e-01
7.822499999999999787e+00 9.959345756019897244e-01
7.827499999999999680e+00 9.922716760758668597e-01
7.832499999999999574e+00 9.886777067474642466e-01
7.837500000000000355e+00 9.850308203512034844e-01
7.842500000000000249e+00 9.811750008100684761e-01
7.847500000000000142e+00 9.769339809504141714e-01
7.852500000000000036e+00 9.721345420151374928e-01
7.857499999999999929e+00 9.666186284455907662e-01
7.862499999999999822e+00 9.602651650393638771e-01
7.867499999999999716e+00 9.530011052343497768e-01
7.872499999999999609e+00 9.448105012227725474e-01
7.877500000000000391e+00 9.357317970198546497e-01
7.882500000000000284e+00 9.258604542229661449e-01
7.887500000000000178e+00 9.153408134094909165e-01
7.892500000000000071e+00 9.043570270010053980e-01
7.897499999999999964e+00 8.931158949919668633e-01
7.902499999999999858e+00 8.818386957984554186e-01
7.907499999999999751e+00 8.707397692982291604e-01
7.912499999999999645e+00 8.600154281182870175e-01
7.917500000000000426e+00 8.498260647229789466e-01
7.922500000000000320e+00 8.402978831333709486e-01
7.927500000000000213e+00 8.315135717882979893e-01
7.932500000000000107e+00 8.235073759147533146e-01
7.937500000000000000e+00 8.162834212803349310e-01
7.942499999999999893e+00 8.098163542955318928e-01
7.947499999999999787e+00 8.040654817640521257e-01
7.952499999999999680e+00 7.989786767565397740e-01
7.957499999999999574e+00 7.945037836332333736e-01
7.962500000000000355e+00 7.905964771994966611e-01
7.967500000000000249e+00 7.872201619230310143e-01
7.972500000000000142e+00 7.843482030407091798e-01
7.977500000000000036e+00 7.819623254758745201e-01
7.982499999999999929e+00 7.800539988616111975e-01
7.987499999999999822e+00 7.786206825621497796e-01
7.992499999999999716e+00 7.776633891999115145e-01
7.997499999999999609e+00 7.771837089919059194e-01
