0.000000 1.000000000000
0.087500 0.404943731824
0.112500 0.164030243476
0.137500 0.066468370277
0.162500 0.000001050040
0.187500 0.000000336479
0.237500 0.015065427406
0.262500 0.014686542823
0.287500 0.000000027418
0.312500 0.000000020358
0.337500 0.000409869983
0.362500 0.000063452954
0.387500 0.001814268947
0.412500 0.003635455647
0.437500 0.000000010019
0.462500 0.000238337090
0.487500 0.000054523387
0.512500 0.000001189988
0.537500 0.000002850132
0.562500 0.001478607125
0.587500 0.000083209128
0.612500 0.000114333537
0.637500 0.000000007402
0.662500 0.000001082617
0.687500 0.000023027089
0.712500 0.000304507171
0.737500 0.000372088845
0.762500 0.000031618260
0.787500 0.000008540445
0.812500 0.000005686632
0.837500 0.000008024068
0.862500 0.000095645255
0.887500 0.000190895459
0.912500 0.000023752208
0.937500 0.000013762764
0.962500 0.000002485364
0.987500 0.000003201716
1.012500 0.000001241807
1.037500 0.000048371023
1.062500 0.000104499068
1.087500 0.000006155328
1.112500 0.000001295465
1.137500 0.000002924982
1.162500 0.000000839776
1.187500 0.000032807180
1.212500 0.000058263681
1.237500 0.000004002127
1.262500 0.000001286823
1.287500 0.000001906121
1.312500 0.000000338190
1.337500 0.000020251524
1.362500 0.000001516687
1.387500 0.000034546749
1.412500 0.000002928133
1.437500 0.000000905748
1.462500 0.000000291574
1.487500 0.000006626910
1.512500 0.000007377209
1.537500 0.000022888782
1.562500 0.000001872919
1.587500 0.000000711013
1.612500 0.000000338193
1.637500 0.000000418586
1.662500 0.000008967957
1.687500 0.000000584961
1.712500 0.000015592412
1.737500 0.000000464048
1.762500 0.000000545871
1.787500 0.000000255268
1.812500 0.000005887946
1.837500 0.000000530951
1.862500 0.000011044370
1.887500 0.000000797534
1.912500 0.000000411328
1.937500 0.000000169821
1.962500 0.000002157375
1.987500 0.000002185083
2.012500 0.000000293344
2.037500 0.000008131657
2.062500 0.000000387949
2.087500 0.000000110194
2.112500 0.000000205468
2.137500 0.000003198522
2.162500 0.000000243825
2.187500 0.000006067429
2.212500 0.000000543126
2.237500 0.000000251287
2.262500 0.000000204428
2.287500 0.000002285516
2.312500 0.000000299667
2.337500 0.000000153070
2.362500 0.000005048481
2.387500 0.000000225163
2.412500 0.000000176458
2.437500 0.000001987884
2.462500 0.000000256114
2.487500 0.000000157229
2.512500 0.000003419056
2.537500 0.000000362486
2.562500 0.000000230733
2.587500 0.000000190300
2.612500 0.000001567894
2.637500 0.000000184225
2.662500 0.000000190058
2.687500 0.000002726246
2.712500 0.000000223740
2.737500 0.000000191754
2.762500 0.000001355018
2.787500 0.000000209571
2.812500 0.000000177671
2.837500 0.000002210600
2.862500 0.000000379294
2.887500 0.000000175439
2.912500 0.000001038778
2.937500 0.000000240172
2.962500 0.000000163085
2.987500 0.000000194348
3.012500 0.000001783800
3.037500 0.000000215538
3.062500 0.000000192384
3.087500 0.000000891213
3.112500 0.000000203443
3.137500 0.000000190757
3.162500 0.000001604473
3.187500 0.000000379063
3.212500 0.000000221725
3.237500 0.000000805906
3.262500 0.000000327964
3.287500 0.000000273837
3.312500 0.000000258801
3.337500 0.000001337135
3.362500 0.000000275277
3.387500 0.000000743967
3.412500 0.000000293388
3.437500 0.000000224546
3.462500 0.000000286697
3.487500 0.000001057725
3.512500 0.000000301026
3.537500 0.000000299775
3.562500 0.000000643729
3.587500 0.000000240167
3.612500 0.000000306818
3.637500 0.000000230824
3.662500 0.000001052818
3.687500 0.000000310007
3.712500 0.000000631952
3.737500 0.000000297719
3.762500 0.000000342399
3.787500 0.000000260089
3.812500 0.000000844037
3.837500 0.000000350999
3.862500 0.000000570365
3.887500 0.000000300340
3.912500 0.000000311613
3.937500 0.000000267258
3.962500 0.000000303238
3.987500 0.000000784111
4.012500 0.000000323241
4.037500 0.000000509880
4.062500 0.000000320382
4.087500 0.000000294559
4.112500 0.000000316073
4.137500 0.000000659030
4.162500 0.000000341566
4.187500 0.000000479860
4.212500 0.000000351430
4.237500 0.000000327577
4.262500 0.000000347283
4.287500 0.000000325740
4.312500 0.000000691467
4.337500 0.000000508923
4.362500 0.000000364521
4.387500 0.000000335907
4.412500 0.000000344103
4.437500 0.000000382739
4.462500 0.000000638313
4.487500 0.000000480752
4.512500 0.000000446318
4.537500 0.000000442122
4.562500 0.000000344658
4.587500 0.000000400192
4.612500 0.000000414737
4.637500 0.000000667526
4.662500 0.000000570607
4.687500 0.000000374445
4.712500 0.000000399353
4.737500 0.000000364116
4.762500 0.000000369715
4.787500 0.000000599206
4.812500 0.000000495136
4.837500 0.000000411338
4.862500 0.000000402730
4.887500 0.000000411105
4.912500 0.000000398810
4.937500 0.000000406339
4.962500 0.000000702812
4.987500 0.000000435526
5.012500 0.000000425660
5.037500 0.000000441024
5.062500 0.000000432199
5.087500 0.000000431672
5.112500 0.000000612449
5.137500 0.000000547017
5.162500 0.000000422653
5.187500 0.000000435676
5.212500 0.000000449314
5.237500 0.000000428798
5.262500 0.000000471418
5.287500 0.000000671217
5.312500 0.000000469950
5.337500 0.000000481423
5.362500 0.000000483135
5.387500 0.000000469728
5.412500 0.000000457007
5.437500 0.000000666166
5.462500 0.000000488609
5.487500 0.000000483014
5.512500 0.000000476119
5.537500 0.000000512579
5.562500 0.000000481202
5.587500 0.000000498881
5.612500 0.000000661838
5.637500 0.000000494696
5.662500 0.000000528810
5.687500 0.000000537168
5.712500 0.000000529058
5.737500 0.000000548114
5.762500 0.000000669823
5.787500 0.000000562294
5.812500 0.000000580262
5.837500 0.000000541875
5.862500 0.000000545507
5.887500 0.000000557382
5.912500 0.000000583267
5.937500 0.000000644880
5.962500 0.000000527681
5.987500 0.000000568594
6.012500 0.000000557135
6.037500 0.000000553147
6.062500 0.000000582579
6.087500 0.000000701766
6.112500 0.000000576332
6.137500 0.000000567995
6.162500 0.000000584057
6.187500 0.000000577563
6.212500 0.000000590081
6.237500 0.000000638161
6.262500 0.000000687817
6.287500 0.000000595669
6.312500 0.000000624421
6.337500 0.000000619667
6.362500 0.000000615769
6.387500 0.000000644799
6.412500 0.000000656631
6.437500 0.000000647489
6.462500 0.000000633664
6.487500 0.000000652369
6.512500 0.000000679096
6.537500 0.000000683762
6.562500 0.000000691877
6.587500 0.000000748365
6.612500 0.000000691439
6.637500 0.000000711554
6.662500 0.000000705306
6.687500 0.000000725864
6.712500 0.000000747610
6.737500 0.000000770532
6.762500 0.000000762539
6.787500 0.000000716154
6.812500 0.000000759558
6.837500 0.000000803839
6.862500 0.000000829752
6.887500 0.000000816720
6.912500 0.000001100951
6.937500 0.000000883838
6.962500 0.000000816280
6.987500 0.000001174281
7.012500 0.000000834471
7.037500 0.000001421775
7.062500 0.000001550253
7.087500 0.000000776960
7.112500 0.000001894656
7.137500 0.000001379419
7.162500 0.000001142796
7.187500 0.000000837879
7.212500 0.000001005729
7.237500 0.000000870316
7.262500 0.000000803177
7.287500 0.000000805020
7.312500 0.000000888324
7.337500 0.000000803834
7.362500 0.000000811793
7.387500 0.000000891289
7.412500 0.000000804559
7.437500 0.000000778425
7.462500 0.000000843140
7.487500 0.000000849406
7.512500 0.000000813497
7.537500 0.000000816490
7.562500 0.000000875623
7.587500 0.000000842669
7.612500 0.000000858418
7.637500 0.000000852367
7.662500 0.000000845555
7.687500 0.000000855821
7.712500 0.000000917627
7.737500 0.000000901232
7.762500 0.000000856770
7.787500 0.000000960999
7.812500 0.000000940838
7.837500 0.000000923947
7.862500 0.000000882820
7.887500 0.000000912475
7.912500 0.000000877906
7.937500 0.000000893787
7.962500 0.000000910513
7.987500 0.000000929796
8.012500 0.000000907810
8.037500 0.000000942001
8.062500 0.000000950949
8.087500 0.000000917975
8.112500 0.000000944994
8.137500 0.000000925130
8.162500 0.000000947404
8.187500 0.000000939857
8.212500 0.000000966912
8.237500 0.000000946570
8.262500 0.000000919194
8.287500 0.000000951367
8.312500 0.000000942915
8.337500 0.000000943345
8.362500 0.000000961085
8.387500 0.000000957152
8.412500 0.000000958103
8.437500 0.000000958990
8.462500 0.000000954845
8.487500 0.000000952538
8.512500 0.000000959669
8.537500 0.000001019975
8.562500 0.000000943235
8.587500 0.000001022972
8.612500 0.000000972037
8.637500 0.000000982135
8.662500 0.000000986571
8.687500 0.000000986859
8.712500 0.000000970736
8.737500 0.000000979768
8.762500 0.000000986601
8.787500 0.000000977755
8.812500 0.000000981993
8.837500 0.000001010996
8.862500 0.000001037004
8.887500 0.000000993058
8.912500 0.000001036030
8.937500 0.000001004360
8.962500 0.000001022620
8.987500 0.000001005299
9.012500 0.000001018815
9.037500 0.000001027923
9.062500 0.000001017141
9.087500 0.000001020330
9.112500 0.000001030642
9.137500 0.000001065393
9.162500 0.000001028943
9.187500 0.000001074073
9.212500 0.000001069918
9.237500 0.000001059661
9.262500 0.000001096707
9.287500 0.000001095049
9.312500 0.000001074360
9.337500 0.000001144821
9.362500 0.000001215524
9.387500 0.000001109622
9.412500 0.000001186049
9.437500 0.000001394531
9.462500 0.000001193858
9.487500 0.000001133625
9.512500 0.000001195500
9.537500 0.000001173586
9.562500 0.000001102305
9.587500 0.000001102968
9.612500 0.000001088569
9.637500 0.000001114134
9.662500 0.000001110432
9.687500 0.000001146780
9.712500 0.000001120510
9.737500 0.000001142662
9.762500 0.000001154183
9.787500 0.000001136665
9.812500 0.000001141283
9.837500 0.000001153300
9.862500 0.000001157969
9.887500 0.000001139527
9.912500 0.000001170340
9.937500 0.000001138896
9.962500 0.000001136778
9.987500 0.000001147787
10.012500 0.000001169680
10.037500 0.000001199918
10.062500 0.000001213311
10.087500 0.000001196841
10.112500 0.000001173936
10.137500 0.000001193706
10.162500 0.000001207928
10.187500 0.000001271349
10.212500 0.000001544937
10.237500 0.000001313830
10.262500 0.000001432023
10.287500 0.000001786510
10.312500 0.000001410226
10.337500 0.000001264446
10.362500 0.000001387137
10.387500 0.000001269492
10.412500 0.000001214024
10.437500 0.000001240254
10.462500 0.000001206157
10.487500 0.000001256460
10.512500 0.000001235936
10.537500 0.000001241697
10.562500 0.000001283211
10.587500 0.000001225254
10.612500 0.000001313315
10.637500 0.000001233166
10.662500 0.000001371821
10.687500 0.000001243786
10.712500 0.000001291103
10.737500 0.000001275529
10.762500 0.000001260417
10.787500 0.000001226315
10.812500 0.000001263267
10.837500 0.000001262819
10.862500 0.000001267774
10.887500 0.000001288022
10.912500 0.000001254543
10.937500 0.000001264683
10.962500 0.000001283670
10.987500 0.000001293370
11.012500 0.000001271249
11.037500 0.000001285444
11.062500 0.000001313711
11.087500 0.000001280027
11.112500 0.000001313403
11.137500 0.000001331047
11.162500 0.000001318273
11.187500 0.000001302252
11.212500 0.000001329092
11.237500 0.000001324729
11.262500 0.000001380296
11.287500 0.000001408306
11.312500 0.000001418926
11.337500 0.000001444975
11.362500 0.000001481484
11.387500 0.000001442302
11.412500 0.000001423602
11.437500 0.000001383854
11.462500 0.000001359654
11.487500 0.000001355914
11.512500 0.000001379877
11.537500 0.000001403506
11.562500 0.000001427857
11.587500 0.000001446299
11.612500 0.000001474110
11.637500 0.000001368378
11.662500 0.000001408951
11.687500 0.000001417213
11.712500 0.000001374674
11.737500 0.000001450088
11.762500 0.000001410674
11.787500 0.000001389245
11.812500 0.000001375266
11.837500 0.000001413451
11.862500 0.000001413434
11.887500 0.000001392105
11.912500 0.000001394470
11.937500 0.000001429037
11.962500 0.000001485822
11.987500 0.000001526903
12.012500 0.000001618078
12.037500 0.000001764790
12.062500 0.000001833534
12.087500 0.000001617345
12.112500 0.000001551721
12.137500 0.000001583128
12.162500 0.000001640413
12.187500 0.000001457685
12.212500 0.000001423620
12.237500 0.000001537958
12.262500 0.000001434663
12.287500 0.000001634599
12.312500 0.000001841312
12.337500 0.000001631064
12.362500 0.000001531097
12.387500 0.000002811946
12.412500 0.000001811186
12.437500 0.000003191492
12.462500 0.000013301938
12.487500 0.000004645250
12.512500 0.000005579596
12.537500 0.000012083333
12.562500 0.000020259177
12.587500 0.000001863426
12.612500 0.000007826694
12.637500 0.000011736915
12.662500 0.000001830325
12.687500 0.000001787984
12.712500 0.000002989271
12.737500 0.000001593323
12.762500 0.000001801587
12.787500 0.000001997669
12.812500 0.000001694133
12.837500 0.000001537598
12.862500 0.000001620094
12.887500 0.000001490460
12.912500 0.000001565346
12.937500 0.000001677479
12.962500 0.000001575742
12.987500 0.000001547499
13.012500 0.000001671490
13.037500 0.000001567681
13.062500 0.000001537203
13.087500 0.000001603341
13.112500 0.000001597326
13.137500 0.000001513536
13.162500 0.000002118630
13.187500 0.000001731177
13.212500 0.000001606495
13.237500 0.000001649179
13.262500 0.000001886018
13.287500 0.000001829225
13.312500 0.000003269660
13.337500 0.000005436344
13.362500 0.000003696320
13.387500 0.000005479920
13.412500 0.000010801172
13.437500 0.000005528649
13.462500 0.000003498814
13.487500 0.000005204745
13.512500 0.000003321069
13.537500 0.000001701945
13.562500 0.000001970569
13.587500 0.000001651545
13.612500 0.000001655275
13.637500 0.000002598368
13.662500 0.000001776604
13.687500 0.000002706105
13.712500 0.000001797386
13.737500 0.000005232637
13.762500 0.000001681845
13.787500 0.000007026755
13.812500 0.000002499387
13.837500 0.000001772410
13.862500 0.000005096326
13.887500 0.000002004412
13.912500 0.000002970708
13.937500 0.000002511392
13.962500 0.000005348483
13.987500 0.000004209161
14.012500 0.000004262529
14.037500 0.000010578813
14.062500 0.000007892585
14.087500 0.000007446117
14.112500 0.000005735161
14.137500 0.000009480487
14.162500 0.000005373309
14.187500 0.000002799129
14.212500 0.000005695751
14.237500 0.000003563353
14.262500 0.000002416500
14.287500 0.000002442356
14.312500 0.000002290630
14.337500 0.000002260873
14.362500 0.000002370415
14.387500 0.000002923628
14.412500 0.000004352488
14.437500 0.000004169307
14.462500 0.000005606961
14.487500 0.000005478350
14.512500 0.000007540960
14.537500 0.000005194620
14.562500 0.000006110486
14.587500 0.000003400726
14.612500 0.000003113009
14.637500 0.000002954067
14.662500 0.000002115206
14.687500 0.000002168572
14.712500 0.000003033247
14.737500 0.000002777314
14.762500 0.000004963711
14.787500 0.000004074451
14.812500 0.000007433650
14.837500 0.000003979069
14.862500 0.000003946591
14.887500 0.000003963036
14.912500 0.000002557906
14.937500 0.000002501717
14.962500 0.000001741097
14.987500 0.000001892956
15.012500 0.000002018872
15.037500 0.000001929812
15.062500 0.000002173482
15.087500 0.000002393509
15.112500 0.000003059744
15.137500 0.000002815006
15.162500 0.000002111897
15.187500 0.000004399942
15.212500 0.000002371085
15.237500 0.000002938134
15.262500 0.000002009821
15.287500 0.000001971744
15.312500 0.000001771061
15.337500 0.000001783835
15.362500 0.000001681416
15.387500 0.000001684716
15.412500 0.000001657922
15.437500 0.000001765701
15.462500 0.000001909321
15.487500 0.000002071997
15.512500 0.000001641212
15.537500 0.000002176581
15.562500 0.000002362408
15.587500 0.000002151146
15.612500 0.000001723823
15.637500 0.000002225060
15.662500 0.000001881962
15.687500 0.000001805752
15.712500 0.000001882701
15.737500 0.000001715044
15.762500 0.000001655579
15.787500 0.000001683386
15.812500 0.000001620163
15.837500 0.000001601278
15.862500 0.000001578288
15.887500 0.000001596978
15.912500 0.000001587452
15.937500 0.000001568345
15.962500 0.000001575254
15.987500 0.000001562934
16.012500 0.000001582880
16.037500 0.000001583625
16.062500 0.000001576134
16.087500 0.000001606405
16.112500 0.000001709451
16.137500 0.000001633921
16.162500 0.000001840203
16.187500 0.000001856614
16.212500 0.000001778994
16.237500 0.000002053244
16.262500 0.000001761728
16.287500 0.000001886933
16.312500 0.000001681151
16.337500 0.000001715582
16.362500 0.000001601571
16.387500 0.000001604446
16.412500 0.000001565106
16.437500 0.000001547748
16.462500 0.000001560905
16.487500 0.000001575851
16.512500 0.000001641839
16.537500 0.000001604453
16.562500 0.000001606253
16.587500 0.000001740629
16.612500 0.000001696926
16.637500 0.000001645874
16.662500 0.000001692668
16.687500 0.000001705847
16.712500 0.000001678659
16.737500 0.000001669970
16.762500 0.000001627447
16.787500 0.000001641357
16.812500 0.000001614940
16.837500 0.000001682474
16.862500 0.000001659894
16.887500 0.000001620738
16.912500 0.000001752977
16.937500 0.000001799512
16.962500 0.000001652442
16.987500 0.000001623280
17.012500 0.000001636046
17.037500 0.000001579347
17.062500 0.000001585358
17.087500 0.000001581289
17.112500 0.000001593633
17.137500 0.000001603714
17.162500 0.000001595426
17.187500 0.000001624094
17.212500 0.000001624769
17.237500 0.000001572498
17.262500 0.000001576708
17.287500 0.000001586586
17.312500 0.000001575598
17.337500 0.000001589066
17.362500 0.000001586418
17.387500 0.000001619495
17.412500 0.000001605909
17.437500 0.000001684862
17.462500 0.000001608037
17.487500 0.000001579809
17.512500 0.000001614914
17.537500 0.000001558247
17.562500 0.000001546674
17.587500 0.000001562821
17.612500 0.000001524888
17.637500 0.000001543247
17.662500 0.000001566680
17.687500 0.000001567523
17.712500 0.000001569149
17.737500 0.000001706735
17.762500 0.000001631730
17.787500 0.000001556884
17.812500 0.000001639344
17.837500 0.000001601984
17.862500 0.000001617000
17.887500 0.000001541816
17.912500 0.000001638945
17.937500 0.000001533187
17.962500 0.000001606888
17.987500 0.000001816200
18.012500 0.000001651631
18.037500 0.000001622878
18.062500 0.000001788340
18.087500 0.000002353194
18.112500 0.000001638682
18.137500 0.000003686942
18.162500 0.000003526664
18.187500 0.000002442676
18.212500 0.000006448502
18.237500 0.000004265554
18.262500 0.000003591817
18.287500 0.000001699955
18.312500 0.000002304531
18.337500 0.000001759930
18.362500 0.000001645931
18.387500 0.000001533506
18.412500 0.000001890186
18.437500 0.000001573574
18.462500 0.000001588406
18.487500 0.000001617914
18.512500 0.000001719880
18.537500 0.000001628052
18.562500 0.000001606791
18.587500 0.000001644558
18.612500 0.000001594214
18.637500 0.000001591855
18.662500 0.000001563101
18.687500 0.000001632178
18.712500 0.000001539376
18.737500 0.000001526614
18.762500 0.000001569154
18.787500 0.000001563075
18.812500 0.000001534173
18.837500 0.000001586959
18.862500 0.000001554943
18.887500 0.000001537623
18.912500 0.000001577340
18.937500 0.000001545912
18.962500 0.000001562232
18.987500 0.000001623883
19.012500 0.000001556892
19.037500 0.000001657222
19.062500 0.000001868373
19.087500 0.000001673463
19.112500 0.000001674854
19.137500 0.000001976715
19.162500 0.000001930018
19.187500 0.000002159322
19.212500 0.000002996319
19.237500 0.000003967434
19.262500 0.000003951946
19.287500 0.000002904703
19.312500 0.000002896582
19.337500 0.000002841542
19.362500 0.000002144921
19.387500 0.000001732577
19.412500 0.000001642749
19.437500 0.000001589466
19.462500 0.000001686528
19.487500 0.000001592200
19.512500 0.000001639727
19.537500 0.000001564574
19.562500 0.000001669824
19.587500 0.000001573526
19.612500 0.000001567766
19.637500 0.000001570178
19.662500 0.000001528530
19.687500 0.000001525202
19.712500 0.000001524921
19.737500 0.000001517834
19.762500 0.000001513254
19.787500 0.000001494644
19.812500 0.000001511787
19.837500 0.000001503750
19.862500 0.000001510899
19.887500 0.000001494973
19.912500 0.000001508808
19.937500 0.000001496780
19.962500 0.000001479445
19.987500 0.000001570972
20.012500 0.000001533750
20.037500 0.000001654103
20.062500 0.000001685702
20.087500 0.000001686573
20.112500 0.000001799788
20.137500 0.000001655862
20.162500 0.000001733511
20.187500 0.000001560962
20.212500 0.000001556119
20.237500 0.000001513235
20.262500 0.000001492137
20.287500 0.000001492589
20.312500 0.000001473985
20.337500 0.000001477711
20.362500 0.000001462068
20.387500 0.000001464155
20.412500 0.000001471753
20.437500 0.000001484855
20.462500 0.000001493377
20.487500 0.000001492256
20.512500 0.000001478265
20.537500 0.000001509693
20.562500 0.000001492249
20.587500 0.000001516690
20.612500 0.000001484104
20.637500 0.000001495198
20.662500 0.000001484948
20.687500 0.000001474980
20.712500 0.000001453049
20.737500 0.000001487047
20.762500 0.000001503888
20.787500 0.000001487785
20.812500 0.000001512121
20.837500 0.000001506662
20.862500 0.000001484066
20.887500 0.000001511635
20.912500 0.000001485120
20.937500 0.000001496623
20.962500 0.000001478740
20.987500 0.000001528281
21.012500 0.000001504835
21.037500 0.000001526895
21.062500 0.000001534564
21.087500 0.000001522334
21.112500 0.000001515349
21.137500 0.000001503541
21.162500 0.000001511167
21.187500 0.000001445553
21.212500 0.000001485658
21.237500 0.000001477992
21.262500 0.000001447011
21.287500 0.000001468274
21.312500 0.000001481065
21.337500 0.000001506261
21.362500 0.000001459595
21.387500 0.000001581765
21.412500 0.000001557913
21.437500 0.000001576115
21.462500 0.000001566880
21.487500 0.000001543924
21.512500 0.000001609974
21.537500 0.000001540828
21.562500 0.000001631615
21.587500 0.000001492125
21.612500 0.000001791606
21.637500 0.000001520715
21.662500 0.000001519921
21.687500 0.000002848932
21.712500 0.000001533880
21.737500 0.000003744452
21.762500 0.000001534166
21.787500 0.000002911119
21.812500 0.000001513696
21.837500 0.000001799449
21.862500 0.000001493572
21.887500 0.000001457857
21.912500 0.000001595347
21.937500 0.000001477734
21.962500 0.000001554930
21.987500 0.000001448596
22.012500 0.000001499799
22.037500 0.000001453662
22.062500 0.000001418569
22.087500 0.000001482062
22.112500 0.000001490153
22.137500 0.000001482951
22.162500 0.000001458448
22.187500 0.000001477244
22.212500 0.000001529338
22.237500 0.000001461670
22.262500 0.000001601770
22.287500 0.000001564056
22.312500 0.000001578860
22.337500 0.000002013768
22.362500 0.000001735738
22.387500 0.000002479441
22.412500 0.000002906982
22.437500 0.000002282157
22.462500 0.000003999467
22.487500 0.000003917813
22.512500 0.000002930977
22.537500 0.000003454393
22.562500 0.000003136651
22.587500 0.000005012587
22.612500 0.000004660606
22.637500 0.000005448380
22.662500 0.000004536758
22.687500 0.000004887720
22.712500 0.000004241455
22.737500 0.000003759472
22.762500 0.000002932617
22.787500 0.000002278271
22.812500 0.000002268593
22.837500 0.000001839094
22.862500 0.000001619255
22.887500 0.000001751193
22.912500 0.000001612327
22.937500 0.000001796016
22.962500 0.000001853895
22.987500 0.000001714045
23.012500 0.000002239242
23.037500 0.000002774793
23.062500 0.000002385317
23.087500 0.000003735926
23.112500 0.000002311842
23.137500 0.000003468447
23.162500 0.000001967225
23.187500 0.000002061808
23.212500 0.000002081380
23.237500 0.000002081455
23.262500 0.000001759091
23.287500 0.000002376526
23.312500 0.000002730456
23.337500 0.000002584731
23.362500 0.000002169907
23.387500 0.000002305329
23.412500 0.000002484658
23.437500 0.000001893870
23.462500 0.000001611295
23.487500 0.000001602546
23.512500 0.000001522292
23.537500 0.000001444913
23.562500 0.000001492094
23.587500 0.000001579754
23.612500 0.000001493451
23.637500 0.000001434455
23.662500 0.000001421739
23.687500 0.000001452502
23.712500 0.000001420448
23.737500 0.000001547261
23.762500 0.000001497893
23.787500 0.000001397861
23.812500 0.000001398941
23.837500 0.000001432752
23.862500 0.000001370769
23.887500 0.000001433121
23.912500 0.000001693812
23.937500 0.000001381329
23.962500 0.000001484454
23.987500 0.000001439211
24.012500 0.000001393658
24.037500 0.000001397718
24.062500 0.000001642842
24.087500 0.000001530069
24.112500 0.000001410503
24.137500 0.000001435657
24.162500 0.000001404401
24.187500 0.000001400002
24.212500 0.000001417782
24.237500 0.000001876444
24.262500 0.000001419481
24.287500 0.000001385334
24.312500 0.000001388708
24.337500 0.000001420375
24.362500 0.000001423402
24.387500 0.000002150373
24.412500 0.000001459848
24.437500 0.000001518228
24.462500 0.000001435747
24.487500 0.000001540094
24.512500 0.000001466464
24.537500 0.000001446652
24.562500 0.000002616627
24.587500 0.000001384039
24.612500 0.000001406359
24.637500 0.000001390836
24.662500 0.000001385307
24.687500 0.000001413797
24.712500 0.000003678625
24.737500 0.000001491852
24.762500 0.000001501537
24.787500 0.000001533668
24.812500 0.000001530884
24.837500 0.000001469167
24.862500 0.000003533063
24.887500 0.000006207022
24.912500 0.000001435397
24.937500 0.000002469631
24.962500 0.000002911394
24.987500 0.000001389299
25.012500 0.000020940847
25.037500 0.000041811547
25.062500 0.000003421120
25.087500 0.000001651096
25.112500 0.000002092115
25.137500 0.000001482970
25.162500 0.000001497980
25.187500 0.000001548504
25.212500 0.000001566808
25.237500 0.000001560316
25.262500 0.000001509037
25.287500 0.000001490371
25.312500 0.000001463693
25.337500 0.000002033194
25.362500 0.000001519919
25.387500 0.000002661260
25.412500 0.000002980994
25.437500 0.000004059563
25.462500 0.000001700355
25.487500 0.000002972200
25.512500 0.000002635630
25.537500 0.000001567192
25.562500 0.000002048102
25.587500 0.000001567296
25.612500 0.000001756985
25.637500 0.000001585569
25.662500 0.000001952494
25.687500 0.000001850118
25.712500 0.000002467061
25.737500 0.000002186021
25.762500 0.000003088879
25.787500 0.000002847606
25.812500 0.000002601879
25.837500 0.000002675674
25.862500 0.000002070991
25.887500 0.000002238129
25.912500 0.000001916428
25.937500 0.000002008835
25.962500 0.000002156699
25.987500 0.000003149835
26.012500 0.000003513000
26.037500 0.000003561831
26.062500 0.000003375746
26.087500 0.000003133097
26.112500 0.000003724800
26.137500 0.000003553464
26.162500 0.000004351161
26.187500 0.000003510963
26.212500 0.000004868484
26.237500 0.000003211075
26.262500 0.000002836653
26.287500 0.000002405777
26.312500 0.000002031193
26.337500 0.000001905699
26.362500 0.000001630223
26.387500 0.000001603883
26.412500 0.000001659246
26.437500 0.000001596806
26.462500 0.000001523529
26.487500 0.000001512697
26.512500 0.000001507562
26.537500 0.000001510887
26.562500 0.000001513253
26.587500 0.000001493127
26.612500 0.000001472480
26.637500 0.000001457708
26.662500 0.000001501252
26.687500 0.000001510258
26.712500 0.000001492259
26.737500 0.000001582300
26.762500 0.000001477374
26.787500 0.000001571590
26.812500 0.000001471971
26.837500 0.000001495968
26.862500 0.000001501461
26.887500 0.000001454044
26.912500 0.000001500147
26.937500 0.000001522185
26.962500 0.000001604938
26.987500 0.000001479200
27.012500 0.000001664909
27.037500 0.000001736552
27.062500 0.000001597390
27.087500 0.000001599015
27.112500 0.000001586887
27.137500 0.000001602471
27.162500 0.000001552931
27.187500 0.000001528711
27.212500 0.000001544846
27.237500 0.000001519296
27.262500 0.000001567022
27.287500 0.000001505379
27.312500 0.000001510409
27.337500 0.000001464131
27.362500 0.000001462325
27.387500 0.000001486652
27.412500 0.000001543820
27.437500 0.000001559035
27.462500 0.000001560429
27.487500 0.000001530488
27.512500 0.000001537890
27.537500 0.000001574942
27.562500 0.000001500349
27.587500 0.000001567493
27.612500 0.000001524476
27.637500 0.000001520286
27.662500 0.000001495472
27.687500 0.000001596641
27.712500 0.000001646487
27.737500 0.000001517953
27.762500 0.000001561474
27.787500 0.000001502605
27.812500 0.000001544927
27.837500 0.000001678478
27.862500 0.000001875753
27.887500 0.000001584613
27.912500 0.000001634861
27.937500 0.000001880449
27.962500 0.000002000023
27.987500 0.000004057637
28.012500 0.000004345997
28.037500 0.000003339837
28.062500 0.000001516605
28.087500 0.000001744601
28.112500 0.000001514836
28.137500 0.000001465747
28.162500 0.000001498452
28.187500 0.000001470998
28.212500 0.000001535328
28.237500 0.000001505801
28.262500 0.000001586948
28.287500 0.000001557218
28.312500 0.000001461810
28.337500 0.000001615738
28.362500 0.000001977455
28.387500 0.000002639978
28.412500 0.000002020108
28.437500 0.000002008675
28.462500 0.000001526412
28.487500 0.000001518157
28.512500 0.000001598090
28.537500 0.000001822108
28.562500 0.000001564751
28.587500 0.000002142622
28.612500 0.000001876037
28.637500 0.000001887300
28.662500 0.000001602706
28.687500 0.000002424777
28.712500 0.000002215855
28.737500 0.000003053434
28.762500 0.000002829051
28.787500 0.000002581835
28.812500 0.000002114796
28.837500 0.000001638394
28.862500 0.000001568067
28.887500 0.000001554410
28.912500 0.000001473258
28.937500 0.000001473592
28.962500 0.000001426151
28.987500 0.000001438137
29.012500 0.000001430018
29.037500 0.000001440886
29.062500 0.000001479986
29.087500 0.000001531607
29.112500 0.000001616631
29.137500 0.000001577312
29.162500 0.000001789198
29.187500 0.000001488281
29.212500 0.000001712316
29.237500 0.000001402680
29.262500 0.000001469470
29.287500 0.000001417949
29.312500 0.000001403500
29.337500 0.000001390523
29.362500 0.000001401861
29.387500 0.000001385112
29.412500 0.000001409710
29.437500 0.000001434198
29.462500 0.000001511341
29.487500 0.000001547748
29.512500 0.000001496490
29.537500 0.000001655100
29.562500 0.000001567175
29.587500 0.000001456152
29.612500 0.000001402891
29.637500 0.000001409102
29.662500 0.000001382699
29.687500 0.000001358592
29.712500 0.000001354601
29.737500 0.000001355744
29.762500 0.000001335382
29.787500 0.000001336169
29.812500 0.000001335819
29.837500 0.000001352380
29.862500 0.000001333199
29.887500 0.000001334304
29.912500 0.000001332994
29.937500 0.000001332505
29.962500 0.000001337144
29.987500 0.000001346440
30.012500 0.000001366207
30.037500 0.000001358530
30.062500 0.000001358819
30.087500 0.000001332568
30.112500 0.000001341178
30.137500 0.000001325032
30.162500 0.000001353569
30.187500 0.000001336628
30.212500 0.000001337090
30.237500 0.000001336483
30.262500 0.000001303100
30.287500 0.000001309585
30.312500 0.000001309576
30.337500 0.000001303644
30.362500 0.000001336983
30.387500 0.000001350000
30.412500 0.000001372179
30.437500 0.000001403461
30.462500 0.000001398003
30.487500 0.000001400859
30.512500 0.000001376423
30.537500 0.000001335797
30.562500 0.000001336022
30.587500 0.000001339815
30.612500 0.000001299996
30.637500 0.000001334278
30.662500 0.000001317825
30.687500 0.000001354044
30.712500 0.000001299950
30.737500 0.000001338271
30.762500 0.000001320368
30.787500 0.000001411915
30.812500 0.000001503083
30.837500 0.000001363511
30.862500 0.000001422067
30.887500 0.000001498459
30.912500 0.000002164274
30.937500 0.000002481421
30.962500 0.000001902312
30.987500 0.000001786310
31.012500 0.000001588203
31.037500 0.000001408897
31.062500 0.000001506436
31.087500 0.000001455757
31.112500 0.000001523996
31.137500 0.000001746923
31.162500 0.000001734737
31.187500 0.000002105234
31.212500 0.000002463793
31.237500 0.000003424609
31.262500 0.000003580882
31.287500 0.000005853950
31.312500 0.000005772663
31.337500 0.000005238422
31.362500 0.000003967544
31.387500 0.000004053171
31.412500 0.000003014033
31.437500 0.000002600364
31.462500 0.000002088346
31.487500 0.000002121651
31.512500 0.000001670326
31.537500 0.000002220292
31.562500 0.000001758129
31.587500 0.000003858468
31.612500 0.000002403765
31.637500 0.000004043263
31.662500 0.000002524675
31.687500 0.000003397364
31.712500 0.000002243142
31.737500 0.000001920986
31.762500 0.000001577192
31.787500 0.000001380107
31.812500 0.000001434348
31.837500 0.000001419508
31.862500 0.000001309060
31.887500 0.000001309976
31.912500 0.000001303533
31.937500 0.000001286547
31.962500 0.000001254682
31.987500 0.000001250431
32.012500 0.000001227943
32.037500 0.000001236765
32.062500 0.000001228356
32.087500 0.000001234772
32.112500 0.000001217716
32.137500 0.000001200526
32.162500 0.000001213366
32.187500 0.000001182130
32.212500 0.000001199381
32.237500 0.000001196135
32.262500 0.000001195676
32.287500 0.000001189316
32.312500 0.000001177067
32.337500 0.000001195788
32.362500 0.000001192623
32.387500 0.000001169717
32.412500 0.000001167273
32.437500 0.000001187513
32.462500 0.000001177811
32.487500 0.000001166055
32.512500 0.000001186638
32.537500 0.000001186482
32.562500 0.000001216496
32.587500 0.000001204622
32.612500 0.000001230264
32.637500 0.000001276293
32.662500 0.000001387696
32.687500 0.000001222070
32.712500 0.000001333332
32.737500 0.000001222852
32.762500 0.000001275078
32.787500 0.000001208320
32.812500 0.000001171026
32.837500 0.000001230662
32.862500 0.000001207474
32.887500 0.000001166713
32.912500 0.000001249870
32.937500 0.000001183993
32.962500 0.000001182395
32.987500 0.000001227370
33.012500 0.000001165027
33.037500 0.000001294156
33.062500 0.000001426001
33.087500 0.000001172528
33.112500 0.000001809001
33.137500 0.000002140337
33.162500 0.000001164386
33.187500 0.000001735661
33.212500 0.000001301430
33.237500 0.000001189232
33.262500 0.000001226025
33.287500 0.000001293050
33.312500 0.000001195751
33.337500 0.000001237451
33.362500 0.000001335777
33.387500 0.000001369399
33.412500 0.000001315662
33.437500 0.000001324332
33.462500 0.000001335066
33.487500 0.000001241399
33.512500 0.000001438058
33.537500 0.000001340144
33.562501 0.000001515660
33.587501 0.000001787342
33.612501 0.000002260669
33.637501 0.000002447616
33.662501 0.000002287147
33.687501 0.000001825550
33.712501 0.000001488135
33.737501 0.000001240613
33.762501 0.000001205198
33.787501 0.000001161396
33.812501 0.000001170223
33.837501 0.000001302054
33.862501 0.000001167109
33.887501 0.000001185907
33.912501 0.000001129843
33.937501 0.000001173247
33.962501 0.000001162410
33.987501 0.000001168198
34.012501 0.000001113351
34.037501 0.000001134716
34.062501 0.000001192115
34.087501 0.000001161492
34.112501 0.000001129970
34.137501 0.000001145452
34.162501 0.000001208420
34.187501 0.000001222344
34.212501 0.000001095172
34.237501 0.000001095540
34.262501 0.000001195337
34.287501 0.000001191092
34.312501 0.000001192269
34.337501 0.000001109067
34.362501 0.000001123893
34.387501 0.000001348078
34.412501 0.000001207011
34.437501 0.000001088443
34.462501 0.000001121784
34.487501 0.000001230105
34.512501 0.000001357798
34.537501 0.000001093806
34.562501 0.000001080969
34.587501 0.000001126645
34.612501 0.000001526594
34.637501 0.000001327036
34.662501 0.000001153883
34.687501 0.000001138155
34.712501 0.000001385873
34.737501 0.000001609208
34.762501 0.000001153800
34.787501 0.000001095631
34.812501 0.000001147576
34.837501 0.000001891025
34.862501 0.000001405415
34.887501 0.000001137706
34.912501 0.000001126342
34.937501 0.000001650622
34.962501 0.000002222292
34.987501 0.000001148411
35.012501 0.000001144529
35.037501 0.000001190783
35.062501 0.000003828681
35.087501 0.000001197662
35.112501 0.000001216217
35.137501 0.000001193976
35.162501 0.000002669300
35.187501 0.000005123893
35.212501 0.000001346015
35.237501 0.000001532670
35.262501 0.000001538898
35.287501 0.000010480341
35.312501 0.000005876272
35.337501 0.000003515382
35.362501 0.000001656456
35.387501 0.000004441752
35.412501 0.000064519762
35.437501 0.000002664435
35.462501 0.000001964921
35.487501 0.000001305768
35.512501 0.000001484098
35.537501 0.000001632426
35.562501 0.000001558872
35.587501 0.000001528086
35.612501 0.000002018915
35.637501 0.000002613929
35.662501 0.000003042522
35.687501 0.000004268101
35.712501 0.000002879202
35.737501 0.000002498469
35.762501 0.000001630509
35.787501 0.000001239173
35.812501 0.000001188645
35.837501 0.000001368791
35.862501 0.000001173693
35.887501 0.000001105211
35.912501 0.000001139528
35.937501 0.000001125944
35.962501 0.000001116855
35.987501 0.000001064907
36.012501 0.000001087662
36.037501 0.000001119377
36.062501 0.000001083670
36.087501 0.000001069333
36.112501 0.000001100590
36.137501 0.000001100269
36.162501 0.000001094420
36.187501 0.000001103908
36.212501 0.000001069063
36.237501 0.000001128648
36.262501 0.000001051559
36.287501 0.000001091069
36.312501 0.000001043907
36.337501 0.000001077945
36.362501 0.000001046654
36.387501 0.000001050357
36.412501 0.000001047810
36.437501 0.000001045047
36.462501 0.000001064305
36.487501 0.000001037054
36.512501 0.000001034952
36.537501 0.000001033469
36.562501 0.000001069437
36.587501 0.000001050719
36.612501 0.000001208746
36.637501 0.000001007127
36.662501 0.000001146547
36.687501 0.000001016624
36.712501 0.000001011026
36.737501 0.000000979873
36.762501 0.000001026207
36.787501 0.000001004781
36.812501 0.000000964050
36.837501 0.000000997262
36.862501 0.000000968053
36.887501 0.000000974124
36.912501 0.000000971248
36.937501 0.000000976823
36.962501 0.000001021547
36.987501 0.000000939996
37.012501 0.000001038802
37.037501 0.000001044985
37.062501 0.000000942206
37.087501 0.000000945142
37.112501 0.000000947703
37.137501 0.000000962136
37.162501 0.000000935703
37.187501 0.000000876953
37.212501 0.000000899118
37.237501 0.000000919328
37.262501 0.000000993958
37.287501 0.000000951868
37.312501 0.000000900445
37.337501 0.000000987909
37.362501 0.000001070151
37.387501 0.000000962254
37.412501 0.000000888192
37.437501 0.000001113948
37.462501 0.000001351896
37.487501 0.000001153263
37.512501 0.000001105975
37.537501 0.000002261772
37.562501 0.000000817268
37.587501 0.000003309898
37.612501 0.000002269640
37.637501 0.000001054317
37.662501 0.000000820241
37.687501 0.000000799040
37.712501 0.000000811006
37.737501 0.000000785171
37.762501 0.000000769318
37.787501 0.000000755843
37.812501 0.000000763341
37.837501 0.000000756144
37.862501 0.000000778662
37.887501 0.000000751160
37.912501 0.000000770091
37.937501 0.000000736883
37.962501 0.000000739462
37.987501 0.000000729305
38.012501 0.000000730467
38.037501 0.000000720358
38.062501 0.000000739733
38.087501 0.000000777723
38.112501 0.000000799510
38.137501 0.000000854285
38.162501 0.000000830175
38.187501 0.000001152894
38.212501 0.000000687770
38.237501 0.000001037855
38.262501 0.000000675783
38.287501 0.000000763801
38.312501 0.000000665104
38.337501 0.000000666801
38.362501 0.000000674089
38.387501 0.000000645260
38.412501 0.000000650203
38.437501 0.000000644575
38.462501 0.000000651857
38.487501 0.000000627016
38.512501 0.000000642702
38.537501 0.000000633661
38.562501 0.000000654180
38.587501 0.000000644168
38.612501 0.000000703318
38.637501 0.000000604857
38.662501 0.000000678250
38.687501 0.000000596929
38.712501 0.000000617086
38.737501 0.000000616394
38.762501 0.000000588658
38.787501 0.000000590696
38.812501 0.000000556995
38.837501 0.000000576508
38.862501 0.000000529248
38.887501 0.000000560721
38.912501 0.000000507208
38.937501 0.000000540715
38.962501 0.000000499368
38.987501 0.000000529559
39.012501 0.000000489657
39.037501 0.000000503650
39.062501 0.000000490791
39.087501 0.000000489657
39.112501 0.000000508005
39.137501 0.000000478356
39.162501 0.000000508230
39.187501 0.000000450480
39.212501 0.000000496608
39.237501 0.000000456000
39.262501 0.000000481871
39.287501 0.000000449307
39.312501 0.000000463744
39.337501 0.000000451283
39.362501 0.000000434756
39.387501 0.000000445666
39.412501 0.000000414711
39.437501 0.000000424683
39.462501 0.000000408002
39.487501 0.000000440881
39.512501 0.000000409665
39.537501 0.000000419542
39.562501 0.000000404907
39.587501 0.000000416666
39.612501 0.000000398458
39.637501 0.000000388154
39.662501 0.000000391641
39.687501 0.000000385997
39.712501 0.000000381801
39.737501 0.000000396033
39.762501 0.000000391265
39.787501 0.000000413324
39.812501 0.000000390978
39.837501 0.000000391976
39.862501 0.000000359113
39.887501 0.000000377506
39.912501 0.000000370203
39.937501 0.000000358362
39.962501 0.000000369475
39.987501 0.000000344042
