0.000000000000000000e+00 2.555532290567743767e+05
8.749999999999999445e-02 2.141360592622809927e+05
1.125000000000000028e-01 1.509624166827928275e+05
1.375000000000000111e-01 9.033457163929067610e+04
1.625000000000000056e-01 4.669407723378990340e+04
1.875000000000000000e-01 2.169512542905313239e+04
2.374999999999999889e-01 9.873142428989871405e+03
2.625000000000000111e-01 4.927961203738891527e+03
2.874999999999999778e-01 2.751569965752318240e+03
3.125000000000000000e-01 1.581374360506593803e+03
3.375000000000000222e-01 9.349786324403663684e+02
3.624999999999999889e-01 6.643266748668354467e+02
3.875000000000000111e-01 5.963084840267091522e+02
4.124999999999999778e-01 5.537487128764737463e+02
4.375000000000000000e-01 4.531039896786962800e+02
4.625000000000000222e-01 3.177572758103364663e+02
4.874999999999999889e-01 2.103679191544393632e+02
5.124999999999999556e-01 1.636500012244711399e+02
5.374999999999999778e-01 1.616280188164611218e+02
5.625000000000000000e-01 1.651002779726099732e+02
5.875000000000000222e-01 1.473136263672145674e+02
6.125000000000000444e-01 1.108764588877793784e+02
6.374999999999999556e-01 7.646525344335134378e+01
6.624999999999999778e-01 6.017524497780946291e+01
6.875000000000000000e-01 6.164511066213013635e+01
7.125000000000000222e-01 6.836174352944090060e+01
7.375000000000000444e-01 6.766619766073416997e+01
7.624999999999999556e-01 5.644015478253293594e+01
7.874999999999999778e-01 4.140159576458719215e+01
8.125000000000000000e-01 3.125162934599935483e+01
8.375000000000000222e-01 2.895506621774777756e+01
8.625000000000000444e-01 3.073315584715465576e+01
8.874999999999999556e-01 3.071006969994711255e+01
9.124999999999999778e-01 2.617807543689017180e+01
9.375000000000000000e-01 1.904734347949707285e+01
9.625000000000000222e-01 1.322446790490610802e+01
9.875000000000000444e-01 1.119206496988086208e+01
1.012499999999999956e+00 1.256199265958818145e+01
1.037500000000000089e+00 1.481741393317765088e+01
1.062500000000000000e+00 1.532085000556671162e+01
1.087499999999999911e+00 1.332486829492344427e+01
1.112500000000000044e+00 1.034160085075814273e+01
1.137499999999999956e+00 8.479042488786397769e+00
1.162500000000000089e+00 8.463263261025517181e+00
1.187500000000000000e+00 9.238124057483535267e+00
1.212499999999999911e+00 9.225101877845732545e+00
1.237500000000000044e+00 7.847129858268128366e+00
1.262499999999999956e+00 5.872514075572457415e+00
1.287500000000000089e+00 4.480026212590940027e+00
1.312500000000000000e+00 4.203968601441323116e+00
1.337499999999999911e+00 4.698181443969071225e+00
1.362500000000000044e+00 5.199353043991242096e+00
1.387499999999999956e+00 5.120909204656913793e+00
1.412500000000000089e+00 4.427036488069927778e+00
1.437500000000000000e+00 3.597945696297584206e+00
1.462499999999999911e+00 3.181893477817543392e+00
1.487500000000000044e+00 3.302276289737769766e+00
1.512499999999999956e+00 3.581749123847103533e+00
1.537500000000000089e+00 3.527702653662072141e+00
1.562500000000000000e+00 2.993871073729079235e+00
1.587499999999999911e+00 2.280124454290653357e+00
1.612500000000000044e+00 1.815967565464391198e+00
1.637499999999999956e+00 1.789189614080394897e+00
1.662500000000000089e+00 2.049819378762400834e+00
1.687500000000000000e+00 2.284206849507721682e+00
1.712499999999999911e+00 2.259884809582730192e+00
1.737500000000000044e+00 1.981671243654012038e+00
1.762499999999999956e+00 1.660732361351102693e+00
1.787500000000000089e+00 1.512475874776207485e+00
1.812500000000000000e+00 1.565450819557945072e+00
1.837499999999999911e+00 1.660510291403471284e+00
1.862500000000000044e+00 1.613962115209952586e+00
1.887499999999999956e+00 1.382784707707396699e+00
1.912500000000000089e+00 1.089229047259085981e+00
1.937500000000000000e+00 8.982670018186262872e-01
1.962499999999999911e+00 8.820996221760115663e-01
1.987500000000000044e+00 9.877843214796593330e-01
2.012500000000000178e+00 1.094742420347782463e+00
2.037500000000000089e+00 1.099057613217587326e+00
2.062500000000000000e+00 9.888248074688283928e-01
2.087499999999999911e+00 8.543525269686726986e-01
2.112499999999999822e+00 8.014529640951705280e-01
2.137500000000000178e+00 8.479179781314412079e-01
2.162500000000000089e+00 9.138543395840221795e-01
2.187500000000000000e+00 9.044688705058790967e-01
2.212499999999999911e+00 7.976196372727479833e-01
2.237499999999999822e+00 6.555423364491964611e-01
2.262500000000000178e+00 5.600806987953542704e-01
2.287500000000000089e+00 5.476539485627308634e-01
2.312500000000000000e+00 5.991768917510856829e-01
2.337499999999999911e+00 6.640844759388637719e-01
2.362499999999999822e+00 6.890915557302733641e-01
2.387500000000000178e+00 6.525741492381322839e-01
2.412500000000000089e+00 5.815466477078080620e-01
2.437500000000000000e+00 5.242357126687536839e-01
2.462499999999999911e+00 5.052204103255334422e-01
2.487499999999999822e+00 5.085887077720632199e-01
2.512500000000000178e+00 4.977807097062900143e-01
2.537500000000000089e+00 4.539281687389493114e-01
2.562500000000000000e+00 3.953590765665690454e-01
2.587499999999999911e+00 3.561739116107918157e-01
2.612499999999999822e+00 3.530753068286681118e-01
2.637500000000000178e+00 3.775653958332407800e-01
2.662500000000000089e+00 4.073444637440815641e-01
2.687500000000000000e+00 4.191323355488963398e-01
2.712499999999999911e+00 4.035792541001831379e-01
2.737499999999999822e+00 3.735841177037974026e-01
2.762500000000000178e+00 3.521893046549693373e-01
2.787500000000000089e+00 3.514293857357967399e-01
2.812500000000000000e+00 3.630434147401099265e-01
2.837499999999999911e+00 3.662488138752443279e-01
2.862499999999999822e+00 3.466140448234033555e-01
2.887500000000000178e+00 3.086145722825989757e-01
2.912500000000000089e+00 2.699257553012515687e-01
2.937500000000000000e+00 2.477686280015795051e-01
2.962499999999999911e+00 2.494435859816199752e-01
2.987499999999999822e+00 2.670695908743342950e-01
3.012500000000000178e+00 2.815441293752388718e-01
3.037500000000000089e+00 2.795719238892866443e-01
3.062500000000000000e+00 2.663938800329743728e-01
3.087499999999999911e+00 2.581593333449704875e-01
3.112499999999999822e+00 2.646036162637045441e-01
3.137500000000000178e+00 2.804276866177985994e-01
3.162500000000000089e+00 2.905276599130426907e-01
3.187500000000000000e+00 2.841096680937164054e-01
3.212499999999999911e+00 2.641516076357315335e-01
3.237499999999999822e+00 2.431144529247366570e-01
3.262500000000000178e+00 2.329584602375658897e-01
3.287500000000000089e+00 2.388467598509962930e-01
3.312500000000000000e+00 2.556156885582049343e-01
3.337499999999999911e+00 2.690130177595757566e-01
3.362499999999999822e+00 2.663396186010057454e-01
3.387500000000000178e+00 2.482113055758154718e-01
3.412500000000000089e+00 2.279446212319967691e-01
3.437500000000000000e+00 2.187820086545921583e-01
3.462499999999999911e+00 2.220590656106607996e-01
3.487499999999999822e+00 2.276777927763538323e-01
3.512500000000000178e+00 2.256711042535674561e-01
3.537500000000000089e+00 2.152825956988738965e-01
3.562500000000000000e+00 2.034419774595362107e-01
3.587499999999999911e+00 1.985206419423680424e-01
3.612499999999999822e+00 2.052536983461522857e-01
3.637500000000000178e+00 2.206975266305932215e-01
3.662500000000000089e+00 2.344160337972751307e-01
3.687500000000000000e+00 2.365756645027181915e-01
3.712499999999999911e+00 2.269814602610124854e-01
3.737499999999999822e+00 2.149296104878076763e-01
3.762500000000000178e+00 2.102432882290365401e-01
3.787500000000000089e+00 2.145401848871223427e-01
3.812500000000000000e+00 2.203787403438079995e-01
3.837499999999999911e+00 2.187275147619067717e-01
3.862499999999999822e+00 2.073023323552893871e-01
3.887500000000000178e+00 1.922579360864506981e-01
3.912500000000000089e+00 1.830392307818810294e-01
3.937500000000000000e+00 1.851109589117249932e-01
3.962499999999999911e+00 1.956326602533083880e-01
3.987499999999999822e+00 2.055738350419780147e-01
4.012500000000000178e+00 2.073201915764998349e-01
4.037499999999999645e+00 2.008935030967225754e-01
4.062500000000000000e+00 1.930005978443352643e-01
4.087500000000000355e+00 1.904542037675653054e-01
4.112499999999999822e+00 1.943141804148086349e-01
4.137500000000000178e+00 1.996124486517440733e-01
4.162499999999999645e+00 2.005792613904117117e-01
4.187500000000000000e+00 1.959765014870943900e-01
4.212500000000000355e+00 1.898533522943631202e-01
4.237499999999999822e+00 1.881360786691338993e-01
4.262500000000000178e+00 1.939662549739203101e-01
4.287499999999999645e+00 2.045825589211695550e-01
4.312500000000000000e+00 2.126417407785851643e-01
4.337500000000000355e+00 2.124625134451348929e-01
4.362499999999999822e+00 2.056860544610701336e-01
4.387500000000000178e+00 1.999392702483262507e-01
4.412499999999999645e+00 2.015598699520980142e-01
4.437500000000000000e+00 2.099354388251545855e-01
4.462500000000000355e+00 2.185956396205510077e-01
4.487499999999999822e+00 2.213469771569526179e-01
4.512500000000000178e+00 2.174056181378500596e-01
4.537499999999999645e+00 2.114622728737817758e-01
4.562500000000000000e+00 2.096838783521442207e-01
4.587500000000000355e+00 2.149577722276134473e-01
4.612499999999999822e+00 2.242825290731520482e-01
4.637500000000000178e+00 2.305784524035858762e-01
4.662499999999999645e+00 2.285730628916970431e-01
4.687500000000000000e+00 2.197046786332427226e-01
4.712500000000000355e+00 2.108328281256948156e-01
4.737499999999999822e+00 2.079844357780464281e-01
4.762500000000000178e+00 2.113879449031412783e-01
4.787499999999999645e+00 2.160769609685563308e-01
4.812500000000000000e+00 2.169926440563771375e-01
4.837500000000000355e+00 2.135401410454572657e-01
4.862499999999999822e+00 2.095691744731612571e-01
4.887500000000000178e+00 2.096245879207816187e-01
4.912499999999999645e+00 2.151446837976227489e-01
4.937500000000000000e+00 2.231851850774791424e-01
4.962500000000000355e+00 2.286055409594343057e-01
4.987499999999999822e+00 2.285311436264291785e-01
5.012500000000000178e+00 2.250063280673552102e-01
5.037499999999999645e+00 2.228755432453580210e-01
5.062500000000000000e+00 2.251839115612856990e-01
5.087500000000000355e+00 2.305918159497211128e-01
5.112499999999999822e+00 2.347104376930237435e-01
5.137500000000000178e+00 2.341073071738578038e-01
5.162499999999999645e+00 2.294821545806088881e-01
5.187500000000000000e+00 2.250421175590504586e-01
5.212500000000000355e+00 2.249170120833080544e-01
5.237499999999999822e+00 2.299999308802033182e-01
5.262500000000000178e+00 2.373901640950792924e-01
5.287499999999999645e+00 2.426389320769982150e-01
5.312500000000000000e+00 2.433561250806244858e-01
5.337500000000000355e+00 2.410810803794352086e-01
5.362499999999999822e+00 2.395209770788752079e-01
5.387500000000000178e+00 2.410254086903891590e-01
5.412499999999999645e+00 2.446321551207716327e-01
5.437500000000000000e+00 2.472268595968480365e-01
5.462500000000000355e+00 2.467109538463280183e-01
5.487499999999999822e+00 2.440370684164208659e-01
5.512500000000000178e+00 2.421252237454089296e-01
5.537499999999999645e+00 2.432589691085112193e-01
5.562500000000000000e+00 2.475622475684478574e-01
5.587500000000000355e+00 2.531463942972865810e-01
5.612499999999999822e+00 2.574963238627233642e-01
5.637500000000000178e+00 2.594835295509819173e-01
5.662499999999999645e+00 2.603360855194465362e-01
5.687500000000000000e+00 2.623592185934651710e-01
5.712500000000000355e+00 2.666488318204782160e-01
5.737499999999999822e+00 2.720028924683851601e-01
5.762500000000000178e+00 2.758682233606557510e-01
5.787499999999999645e+00 2.765268460860122457e-01
5.812500000000000000e+00 2.745730320107979683e-01
5.837500000000000355e+00 2.723254259451919346e-01
5.862499999999999822e+00 2.718452878416199314e-01
5.887500000000000178e+00 2.733658326727704257e-01
5.912499999999999645e+00 2.753376587709659984e-01
5.937500000000000000e+00 2.760057773278703497e-01
5.962500000000000355e+00 2.751645344468958143e-01
5.987499999999999822e+00 2.744163305364810124e-01
6.012500000000000178e+00 2.756998086940758985e-01
6.037499999999999645e+00 2.794683260850432394e-01
6.062500000000000000e+00 2.840595149239996675e-01
6.087500000000000355e+00 2.869223804398607358e-01
6.112499999999999822e+00 2.869066661715680699e-01
6.137500000000000178e+00 2.853761724605997641e-01
6.162499999999999645e+00 2.849453430695549905e-01
6.187500000000000000e+00 2.872758555393177815e-01
6.212500000000000355e+00 2.919422893867622548e-01
6.237499999999999822e+00 2.969160270124577283e-01
6.262500000000000178e+00 3.001413228616941486e-01
6.287499999999999645e+00 3.010937090313320352e-01
6.312500000000000000e+00 3.009641336168267789e-01
6.337500000000000355e+00 3.013757619169952218e-01
6.362499999999999822e+00 3.030494816506983380e-01
6.387500000000000178e+00 3.055881333320094040e-01
6.412499999999999645e+00 3.082387185861213963e-01
6.437500000000000000e+00 3.107934771790925588e-01
6.462500000000000355e+00 3.137931390194340087e-01
6.487499999999999822e+00 3.179054151108291482e-01
6.512500000000000178e+00 3.231959434653882690e-01
6.537499999999999645e+00 3.289769790131381044e-01
6.562500000000000000e+00 3.342083798052754573e-01
6.587500000000000355e+00 3.381253076503915045e-01
6.612499999999999822e+00 3.408101817164782554e-01
6.637500000000000178e+00 3.432148969284719020e-01
6.662499999999999645e+00 3.463930669126467077e-01
6.687500000000000000e+00 3.505632456705786715e-01
6.712500000000000355e+00 3.549688188271996614e-01
6.737499999999999822e+00 3.587853583165178106e-01
6.762500000000000178e+00 3.623273565279028219e-01
6.787499999999999645e+00 3.673070989074654347e-01
6.812500000000000000e+00 3.757592055105235529e-01
6.837500000000000355e+00 3.886329417551930288e-01
6.862499999999999822e+00 4.050072321357793825e-01
6.887500000000000178e+00 4.224090075335470429e-01
6.912499999999999645e+00 4.387055789504181735e-01
6.937500000000000000e+00 4.547539979443269154e-01
6.962500000000000355e+00 4.748568035860573078e-01
6.987499999999999822e+00 5.031096888746129370e-01
7.012500000000000178e+00 5.388725043623532329e-01
7.037499999999999645e+00 5.761841769812877656e-01
7.062500000000000000e+00 6.073681666530681422e-01
7.087500000000000355e+00 6.256720620340139316e-01
7.112499999999999822e+00 6.248409964862565724e-01
7.137500000000000178e+00 6.010716803562703436e-01
7.162499999999999645e+00 5.585805626553524972e-01
7.187500000000000000e+00 5.098185896849003473e-01
7.212500000000000355e+00 4.673089534407129930e-01
7.237499999999999822e+00 4.367396270169374706e-01
7.262500000000000178e+00 4.176450376340854476e-01
7.287499999999999645e+00 4.072475928422252256e-01
7.312500000000000000e+00 4.024691095363979731e-01
7.337500000000000355e+00 4.005253742446079901e-01
7.362499999999999822e+00 3.994080987635911795e-01
7.387500000000000178e+00 3.981079073613261743e-01
7.412499999999999645e+00 3.966981392481031543e-01
7.437500000000000000e+00 3.959421544984972341e-01
7.462500000000000355e+00 3.963791138582977158e-01
7.487499999999999822e+00 3.978342937255197054e-01
7.512500000000000178e+00 3.999135875162332932e-01
7.537499999999999645e+00 4.024101233678161194e-01
7.562500000000000000e+00 4.050453609487451589e-01
7.587500000000000355e+00 4.073915072920660241e-01
7.612499999999999822e+00 4.093816998135443308e-01
7.637500000000000178e+00 4.116129641776423709e-01
7.662499999999999645e+00 4.148668809037652783e-01
7.687500000000000000e+00 4.193583710022702471e-01
7.712500000000000355e+00 4.245892972122270459e-01
7.737499999999999822e+00 4.298939593386643110e-01
7.762500000000000178e+00 4.347280431230112763e-01
7.787499999999999645e+00 4.383170673804247519e-01
7.812500000000000000e+00 4.396842494015261171e-01
7.837500000000000355e+00 4.385568444245153130e-01
7.862499999999999822e+00 4.359572268390876637e-01
7.887500000000000178e+00 4.335890573571311024e-01
7.912499999999999645e+00 4.327750136562196204e-01
7.937500000000000000e+00 4.339160502461383295e-01
7.962500000000000355e+00 4.365865493346996473e-01
7.987499999999999822e+00 4.399619526710960571e-01
8.012499999999999289e+00 4.432533078085564293e-01
8.037499999999999645e+00 4.459060968607176934e-01
8.062500000000000000e+00 4.476720899447145241e-01
8.087500000000000355e+00 4.487155122883796365e-01
8.112500000000000711e+00 4.495378549383085565e-01
8.137499999999999289e+00 4.505957528759045871e-01
8.162499999999999645e+00 4.519085193914131326e-01
8.187500000000000000e+00 4.530361867957908295e-01
8.212500000000000355e+00 4.534941647439758583e-01
8.237500000000000711e+00 4.532795342842149688e-01
8.262499999999999289e+00 4.529587252165736544e-01
8.287499999999999645e+00 4.531803471457960808e-01
8.312500000000000000e+00 4.541623857870744629e-01
8.337500000000000355e+00 4.556482183155975418e-01
8.362500000000000711e+00 4.571847715659653755e-01
8.387499999999999289e+00 4.584086983941852989e-01
8.412499999999999645e+00 4.592464040906655276e-01
8.437500000000000000e+00 4.600031088035274607e-01
8.462500000000000355e+00 4.612256191322149368e-01
8.487500000000000711e+00 4.633089013830961056e-01
8.512499999999999289e+00 4.661024820468177565e-01
8.537499999999999645e+00 4.689411801860192130e-01
8.562500000000000000e+00 4.711194694026020757e-01
8.587500000000000355e+00 4.723144810955210993e-01
8.612500000000000711e+00 4.726260675647860898e-01
8.637499999999999289e+00 4.723709891654503390e-01
8.662499999999999645e+00 4.718673647039979269e-01
8.687500000000000000e+00 4.713615302145327535e-01
8.712500000000000355e+00 4.711020817321877607e-01
8.737500000000000711e+00 4.713882547700379844e-01
8.762499999999999289e+00 4.725303310995754291e-01
8.787499999999999645e+00 4.747408631436321746e-01
8.812500000000000000e+00 4.779090834447967673e-01
8.837500000000000355e+00 4.814259986662069446e-01
8.862500000000000711e+00 4.844250869638252466e-01
8.887499999999999289e+00 4.863507322717510739e-01
8.912499999999999645e+00 4.872391545845385363e-01
8.937500000000000000e+00 4.875166211437093056e-01
8.962500000000000355e+00 4.876756061795946007e-01
8.987500000000000711e+00 4.880793863179480052e-01
9.012499999999999289e+00 4.888846888080758957e-01
9.037499999999999645e+00 4.901290271514551211e-01
9.062500000000000000e+00 4.919142084438121731e-01
9.087500000000000355e+00 4.944043909967189565e-01
9.112500000000000711e+00 4.975984354498729223e-01
9.137499999999999289e+00 5.012373143274295728e-01
9.162499999999999645e+00 5.050129078064249377e-01
9.187500000000000000e+00 5.087833376315097356e-01
9.212500000000000355e+00 5.126171966834319749e-01
9.237500000000000711e+00 5.167783963101094669e-01
9.262499999999999289e+00 5.217433487813278870e-01
9.287499999999999645e+00 5.281293406068434670e-01
9.312500000000000000e+00 5.363568905867865944e-01
9.337500000000000355e+00 5.463068632983494322e-01
9.362500000000000711e+00 5.573938292899164315e-01
9.387499999999999289e+00 5.685699699410345920e-01
9.412499999999999645e+00 5.777209729449063191e-01
9.437500000000000000e+00 5.819036171372670152e-01
9.462500000000000355e+00 5.795353273855197163e-01
9.487500000000000711e+00 5.720061371872032785e-01
9.512499999999999289e+00 5.622550390870231229e-01
9.537499999999999645e+00 5.524941478336716782e-01
9.562500000000000000e+00 5.439730851051891580e-01
9.587500000000000355e+00 5.378127222277577779e-01
9.612500000000000711e+00 5.348869323096652195e-01
9.637499999999999289e+00 5.351174382193419898e-01
9.662499999999999645e+00 5.374559133565375291e-01
9.687500000000000000e+00 5.405872943371239359e-01
9.712500000000000355e+00 5.435695748967650509e-01
9.737500000000000711e+00 5.459832955220498274e-01
9.762499999999999289e+00 5.477751132179460303e-01
9.787499999999999645e+00 5.491111122324184857e-01
9.812500000000000000e+00 5.502252087530800084e-01
9.837500000000000355e+00 5.512042808664098237e-01
9.862500000000000711e+00 5.519150308605492716e-01
9.887499999999999289e+00 5.522067770687975052e-01
9.912499999999999645e+00 5.522288872463131382e-01
9.937500000000000000e+00 5.526229713259901422e-01
9.962500000000000355e+00 5.543181644404306940e-01
9.987500000000000711e+00 5.578574026476087466e-01
1.001249999999999929e+01 5.627571420203164587e-01
1.003749999999999964e+01 5.676762249974038888e-01
1.006250000000000000e+01 5.715867459663432903e-01
1.008750000000000036e+01 5.751020763310359385e-01
1.011250000000000071e+01 5.807858610700219471e-01
1.013749999999999929e+01 5.918827442926583027e-01
1.016249999999999964e+01 6.100584416454616354e-01
1.018750000000000000e+01 6.338961859281820876e-01
1.021250000000000036e+01 6.595162955400561966e-01
1.023750000000000071e+01 6.821449477648091619e-01
1.026249999999999929e+01 6.966432503593866787e-01
1.028749999999999964e+01 6.983694837238114683e-01
1.031250000000000000e+01 6.863201803883884899e-01
1.033750000000000036e+01 6.651114877191375285e-01
1.036250000000000071e+01 6.419757136954055143e-01
1.038749999999999929e+01 6.221749222892606346e-01
1.041249999999999964e+01 6.078114002781536129e-01
1.043750000000000000e+01 5.991457985949336651e-01
1.046250000000000036e+01 5.954866801996294701e-01
1.048750000000000071e+01 5.954401868811709519e-01
1.051249999999999929e+01 5.974571325821586010e-01
1.053749999999999964e+01 6.004356669380224165e-01
1.056250000000000000e+01 6.038879877131146934e-01
1.058750000000000036e+01 6.076795536568215805e-01
1.061250000000000071e+01 6.115426128275256445e-01
1.063749999999999929e+01 6.147269568455234756e-01
1.066249999999999964e+01 6.162380335387390717e-01
1.068750000000000000e+01 6.155434988163692722e-01
1.071250000000000036e+01 6.129899794359200405e-01
1.073750000000000071e+01 6.095718027944694306e-01
1.076249999999999929e+01 6.064862499150847075e-01
1.078749999999999964e+01 6.047530329279449113e-01
1.081250000000000000e+01 6.047655480190727850e-01
1.083750000000000036e+01 6.060536172868545846e-01
1.086250000000000071e+01 6.076917487621703584e-01
1.088749999999999929e+01 6.090582907012742631e-01
1.091249999999999964e+01 6.102131550320856190e-01
1.093750000000000000e+01 6.115493964557743301e-01
1.096250000000000036e+01 6.132428892260411990e-01
1.098750000000000071e+01 6.151669396355925468e-01
1.101249999999999929e+01 6.172286850660929636e-01
1.103749999999999964e+01 6.195184377022948663e-01
1.106250000000000000e+01 6.221357583816745640e-01
1.108750000000000036e+01 6.250067632841609377e-01
1.111250000000000071e+01 6.278602455984266806e-01
1.113749999999999929e+01 6.304324320681407023e-01
1.116249999999999964e+01 6.329217032848656332e-01
1.118750000000000000e+01 6.362472587574408145e-01
1.121250000000000036e+01 6.415993834256417117e-01
1.123750000000000071e+01 6.495579375409654688e-01
1.126249999999999929e+01 6.595809444898852458e-01
1.128749999999999964e+01 6.702135147381720337e-01
1.131250000000000000e+01 6.796281157046371035e-01
1.133750000000000036e+01 6.860238806430866143e-01
1.136250000000000071e+01 6.880040958318329736e-01
1.138749999999999929e+01 6.852199837687878992e-01
1.141249999999999964e+01 6.789235179826715871e-01
1.143750000000000000e+01 6.717340961554536527e-01
1.146250000000000036e+01 6.665680501068462771e-01
1.148750000000000071e+01 6.653584596561143982e-01
1.151249999999999929e+01 6.682764835333818709e-01
1.153749999999999964e+01 6.737633418088740944e-01
1.156250000000000000e+01 6.792756512714869244e-01
1.158750000000000036e+01 6.824886635656104428e-01
1.161250000000000071e+01 6.825167566386415308e-01
1.163749999999999929e+01 6.803404260445661267e-01
1.166249999999999964e+01 6.778825665523920962e-01
1.168750000000000000e+01 6.764610370746457768e-01
1.171250000000000036e+01 6.760176108154709596e-01
1.173750000000000071e+01 6.756215913276126805e-01
1.176249999999999929e+01 6.746077381817181529e-01
1.178749999999999964e+01 6.732739513449067514e-01
1.181250000000000000e+01 6.724960665875664434e-01
1.183750000000000036e+01 6.729012539378007585e-01
1.186250000000000071e+01 6.748607065165108665e-01
1.188749999999999929e+01 6.792799947477639044e-01
1.191249999999999964e+01 6.879113189814347606e-01
1.193750000000000000e+01 7.025547257131542489e-01
1.196250000000000036e+01 7.237732736950480694e-01
1.198750000000000071e+01 7.496695132853334886e-01
1.201249999999999929e+01 7.751633696187636424e-01
1.203749999999999964e+01 7.931659954780265753e-01
1.206250000000000000e+01 7.984518727577595287e-01
1.208750000000000036e+01 7.913778945221965344e-01
1.211250000000000071e+01 7.770806647261732092e-01
1.213749999999999929e+01 7.609321009919007839e-01
1.216249999999999964e+01 7.459660881603777938e-01
1.218750000000000000e+01 7.345667300868237160e-01
1.221250000000000036e+01 7.303164275301692321e-01
1.223750000000000071e+01 7.368353931302705773e-01
1.226249999999999929e+01 7.557150854807556106e-01
1.228749999999999964e+01 7.874417193499854140e-01
1.231250000000000000e+01 8.385926537823052973e-01
1.233750000000000036e+01 9.319305241588315969e-01
1.236250000000000071e+01 1.112112326220487724e+00
1.238749999999999929e+01 1.432459939410031025e+00
1.241249999999999964e+01 1.915156516953933075e+00
1.243750000000000000e+01 2.513470621894207113e+00
1.246250000000000036e+01 3.138292260996367045e+00
1.248750000000000071e+01 3.728379639394361789e+00
1.251249999999999929e+01 4.244451051457934554e+00
1.253749999999999964e+01 4.589725106395139420e+00
1.256250000000000000e+01 4.629195026102907562e+00
1.258750000000000036e+01 4.323165868829102365e+00
1.261250000000000071e+01 3.767136775042008168e+00
1.263749999999999929e+01 3.093132675026401213e+00
1.266249999999999964e+01 2.408256461857209541e+00
1.268750000000000000e+01 1.810450898865806568e+00
1.271250000000000036e+01 1.373806832150393786e+00
1.273750000000000071e+01 1.107109890326660517e+00
1.276249999999999929e+01 9.630750772625353839e-01
1.278749999999999964e+01 8.848717079320511658e-01
1.281250000000000000e+01 8.358070772396661852e-01
1.283750000000000036e+01 8.007906412258378737e-01
1.286250000000000071e+01 7.772600216692062691e-01
1.288749999999999929e+01 7.651931331979034967e-01
1.291249999999999964e+01 7.620339331796834870e-01
1.293750000000000000e+01 7.632466839171629935e-01
1.296250000000000036e+01 7.649012647453038438e-01
1.298750000000000071e+01 7.652416285185322797e-01
1.301249999999999929e+01 7.644169986870019695e-01
1.303749999999999964e+01 7.638957198860467646e-01
1.306250000000000000e+01 7.664666176103285267e-01
1.308750000000000036e+01 7.753692954462798603e-01
1.311250000000000071e+01 7.916570718954661912e-01
1.313749999999999929e+01 8.117607139061457922e-01
1.316249999999999964e+01 8.297222268440791471e-01
1.318750000000000000e+01 8.459705187871591203e-01
1.321250000000000036e+01 8.760489030089867457e-01
1.323750000000000071e+01 9.499462716153244113e-01
1.326249999999999929e+01 1.100090298765170616e+00
1.328749999999999964e+01 1.343676165800871791e+00
1.331250000000000000e+01 1.671638475507800203e+00
1.333750000000000036e+01 2.051081498282765203e+00
1.336250000000000071e+01 2.426877404326567067e+00
1.338749999999999929e+01 2.714339266901595327e+00
1.341249999999999964e+01 2.818164052462277525e+00
1.343750000000000000e+01 2.695423345793931613e+00
1.346250000000000036e+01 2.394859926054826005e+00
1.348750000000000071e+01 2.016192140674040179e+00
1.351249999999999929e+01 1.645489642951712739e+00
1.353749999999999964e+01 1.336895655320956777e+00
1.356250000000000000e+01 1.122411014665019025e+00
1.358750000000000036e+01 1.011954029604937855e+00
1.361250000000000071e+01 9.910324089194668673e-01
1.363749999999999929e+01 1.034370621762654707e+00
1.366249999999999964e+01 1.124799028183572691e+00
1.368750000000000000e+01 1.256555593208733779e+00
1.371250000000000036e+01 1.419673325481334292e+00
1.373750000000000071e+01 1.583241912826716558e+00
1.376249999999999929e+01 1.700111855830395813e+00
1.378749999999999964e+01 1.735300002044575685e+00
1.381250000000000000e+01 1.694341988344664429e+00
1.383750000000000036e+01 1.620073051203585024e+00
1.386250000000000071e+01 1.561612840961508653e+00
1.388749999999999929e+01 1.556062854076142088e+00
1.391249999999999964e+01 1.633286039942066337e+00
1.393750000000000000e+01 1.816359070508507312e+00
1.396250000000000036e+01 2.110717920876206577e+00
1.398750000000000071e+01 2.494965696701262559e+00
1.401249999999999929e+01 2.909641848886873383e+00
1.403749999999999964e+01 3.259406891291147801e+00
1.406250000000000000e+01 3.456798643174152197e+00
1.408750000000000036e+01 3.473915036564134695e+00
1.411250000000000071e+01 3.336836749015249737e+00
1.413749999999999929e+01 3.083923999806970961e+00
1.416249999999999964e+01 2.755078442646999193e+00
1.418750000000000000e+01 2.400465409806803230e+00
1.421250000000000036e+01 2.064827466727189531e+00
1.423750000000000071e+01 1.769583910446192343e+00
1.426249999999999929e+01 1.526052427287691859e+00
1.428749999999999964e+01 1.352940845604372111e+00
1.431250000000000000e+01 1.271133732023896235e+00
1.433750000000000036e+01 1.292085264357481833e+00
1.436250000000000071e+01 1.414480390904405471e+00
1.438749999999999929e+01 1.623432451188606018e+00
1.441249999999999964e+01 1.890261682841654078e+00
1.443750000000000000e+01 2.176310178045500976e+00
1.446250000000000036e+01 2.435845005176545008e+00
1.448750000000000071e+01 2.616179173526000934e+00
1.451249999999999929e+01 2.666992910593876331e+00
1.453749999999999964e+01 2.563807566598104604e+00
1.456250000000000000e+01 2.328198883608310066e+00
1.458750000000000036e+01 2.023360175955887019e+00
1.461250000000000071e+01 1.726708279734163298e+00
1.463749999999999929e+01 1.501337344241179261e+00
1.466249999999999964e+01 1.385064913774565643e+00
1.468750000000000000e+01 1.392882075701915801e+00
1.471250000000000036e+01 1.518570820065413773e+00
1.473750000000000071e+01 1.730457458006110283e+00
1.476249999999999929e+01 1.968340639790848279e+00
1.478749999999999964e+01 2.153101227759620429e+00
1.481250000000000000e+01 2.216614139019453589e+00
1.483750000000000036e+01 2.136995892441875267e+00
1.486250000000000071e+01 1.946529520388993628e+00
1.488749999999999929e+01 1.703568354124020301e+00
1.491249999999999964e+01 1.460620317675358049e+00
1.493750000000000000e+01 1.254026826363331848e+00
1.496250000000000036e+01 1.105957802137428114e+00
1.498750000000000071e+01 1.024725140804540136e+00
1.501249999999999929e+01 1.005640119213080830e+00
1.503749999999999964e+01 1.036162957520623484e+00
1.506250000000000000e+01 1.100537202315862828e+00
1.508750000000000036e+01 1.181097227389168669e+00
1.511250000000000071e+01 1.260971407685462342e+00
1.513749999999999929e+01 1.327320682994828083e+00
1.516249999999999964e+01 1.368507082479254677e+00
1.518750000000000000e+01 1.369777623787684195e+00
1.521250000000000036e+01 1.320379359297008559e+00
1.523750000000000071e+01 1.227020721307831241e+00
1.526249999999999929e+01 1.114183002288960056e+00
1.528749999999999964e+01 1.009219684123336291e+00
1.531250000000000000e+01 9.285740622236882125e-01
1.533750000000000036e+01 8.756690704861211927e-01
1.536250000000000071e+01 8.470373233155304993e-01
1.538749999999999929e+01 8.384126695003837337e-01
1.541249999999999964e+01 8.461949051196875349e-01
1.543750000000000000e+01 8.659758808664638208e-01
1.546250000000000036e+01 8.923848033764234522e-01
1.548750000000000071e+01 9.214955592771989501e-01
1.551249999999999929e+01 9.508941150608904991e-01
1.553749999999999964e+01 9.760635722977216711e-01
1.556250000000000000e+01 9.896077325753968035e-01
1.558750000000000036e+01 9.870855824413106161e-01
1.561250000000000071e+01 9.713209305727403819e-01
1.563749999999999929e+01 9.486133020240156144e-01
1.566249999999999964e+01 9.230649071542174067e-01
1.568750000000000000e+01 8.961184653623213148e-01
1.571250000000000036e+01 8.688972495339017943e-01
1.573750000000000071e+01 8.430850696663829691e-01
1.576249999999999929e+01 8.203523676374413487e-01
1.578749999999999964e+01 8.016809012515712096e-01
1.581250000000000000e+01 7.871666351217297963e-01
1.583750000000000036e+01 7.764163349724370056e-01
1.586250000000000071e+01 7.688820616344991254e-01
1.588749999999999929e+01 7.638371884471097939e-01
1.591249999999999964e+01 7.604510873020025041e-01
1.593750000000000000e+01 7.582063623833844579e-01
1.596250000000000036e+01 7.571116585431776347e-01
1.598750000000000071e+01 7.575080747795283065e-01
1.601249999999999929e+01 7.599156758977365644e-01
1.603750000000000142e+01 7.651257119470618040e-01
1.606250000000000000e+01 7.741508285769249653e-01
1.608749999999999858e+01 7.877810143158907596e-01
1.611250000000000071e+01 8.059682078742984590e-01
1.613749999999999929e+01 8.274389207472127028e-01
1.616250000000000142e+01 8.495959699123694087e-01
1.618750000000000000e+01 8.688556461870109437e-01
1.621249999999999858e+01 8.813898184248447620e-01
1.623750000000000071e+01 8.841436874349122288e-01
1.626249999999999929e+01 8.760672545312437887e-01
1.628750000000000142e+01 8.588838254225956703e-01
1.631250000000000000e+01 8.364398189343650314e-01
1.633749999999999858e+01 8.130128330131010106e-01
1.636250000000000071e+01 7.919654977323244971e-01
1.638749999999999929e+01 7.753950668867055640e-01
1.641250000000000142e+01 7.644139653510766408e-01
1.643750000000000000e+01 7.593983868173326268e-01
1.646249999999999858e+01 7.599275377432430645e-01
1.648750000000000071e+01 7.647684789374591396e-01
1.651249999999999929e+01 7.723489030543413403e-01
1.653750000000000142e+01 7.813526043286551648e-01
1.656250000000000000e+01 7.905744219292814012e-01
1.658749999999999858e+01 7.985309091042369634e-01
1.661250000000000071e+01 8.039516873591538992e-01
1.663749999999999929e+01 8.066358769584972555e-01
1.666250000000000142e+01 8.071387789965214221e-01
1.668750000000000000e+01 8.057658969877690147e-01
1.671249999999999858e+01 8.025446025060554156e-01
1.673750000000000071e+01 7.980932295518761155e-01
1.676249999999999929e+01 7.939204639369630279e-01
1.678750000000000142e+01 7.916725934860493474e-01
1.681250000000000000e+01 7.922449798057558112e-01
1.683749999999999858e+01 7.956431152697731601e-01
1.686250000000000071e+01 8.012646642463946423e-01
1.688749999999999929e+01 8.076165621864626054e-01
1.691250000000000142e+01 8.118433122683893499e-01
1.693750000000000000e+01 8.108319415780468331e-01
1.696249999999999858e+01 8.037003769409301057e-01
1.698750000000000071e+01 7.927405581067228368e-01
1.701249999999999929e+01 7.815737398937554481e-01
1.703750000000000142e+01 7.728535786632866333e-01
1.706250000000000000e+01 7.675843718320002340e-01
1.708749999999999858e+01 7.655768953444446190e-01
1.711250000000000071e+01 7.659585787386090638e-01
1.713749999999999929e+01 7.675106148387804694e-01
1.716250000000000142e+01 7.689252567172923936e-01
1.718750000000000000e+01 7.691019115971571285e-01
1.721249999999999858e+01 7.676114646309430967e-01
1.723750000000000071e+01 7.650346506724048368e-01
1.726249999999999929e+01 7.626184707474230606e-01
1.728750000000000142e+01 7.614650043268662571e-01
1.731250000000000000e+01 7.620723058134390993e-01
1.733749999999999858e+01 7.644427344596906870e-01
1.736250000000000071e+01 7.682082530813332255e-01
1.738749999999999929e+01 7.724520831386153530e-01
1.741250000000000142e+01 7.756424245317634636e-01
1.743750000000000000e+01 7.762178921138253029e-01
1.746249999999999858e+01 7.735596646467913784e-01
1.748750000000000071e+01 7.683477813334651518e-01
1.751249999999999929e+01 7.619317617475575011e-01
1.753750000000000142e+01 7.555687056839797133e-01
1.756250000000000000e+01 7.502301457899118731e-01
1.758749999999999858e+01 7.467272300450651379e-01
1.761250000000000071e+01 7.457419616567206866e-01
1.763749999999999929e+01 7.477256437293366975e-01
1.766250000000000142e+01 7.526962659798945854e-01
1.768750000000000000e+01 7.598848434297675869e-01
1.771249999999999858e+01 7.674545468361766432e-01
1.773750000000000071e+01 7.730290822914964721e-01
1.776249999999999929e+01 7.752023163044632348e-01
1.778750000000000142e+01 7.744693807365172766e-01
1.781250000000000000e+01 7.723224173833960204e-01
1.783749999999999858e+01 7.698795612068961569e-01
1.786250000000000071e+01 7.678924401491806773e-01
1.788749999999999929e+01 7.676159549339567345e-01
1.791250000000000142e+01 7.708446408333813338e-01
1.793750000000000000e+01 7.789060486525646310e-01
1.796249999999999858e+01 7.918566318542457072e-01
1.798750000000000071e+01 8.100585884895175059e-01
1.801249999999999929e+01 8.377605538322934198e-01
1.803750000000000142e+01 8.845656923131379745e-01
1.806250000000000000e+01 9.625747623379410367e-01
1.808749999999999858e+01 1.080657744330815406e+00
1.811250000000000071e+01 1.239195573053105015e+00
1.813749999999999929e+01 1.427055605952693762e+00
1.816250000000000142e+01 1.619759729683269533e+00
1.818750000000000000e+01 1.775311769670583573e+00
1.821249999999999858e+01 1.837933090213814236e+00
1.823750000000000071e+01 1.768042596744552997e+00
1.826249999999999929e+01 1.580610872857526106e+00
1.828750000000000142e+01 1.343239638723696006e+00
1.831250000000000000e+01 1.129052427829228877e+00
1.833749999999999858e+01 9.755617696015849161e-01
1.836250000000000071e+01 8.828236862934779605e-01
1.838749999999999929e+01 8.336486688997750694e-01
1.841250000000000142e+01 8.095258229236554914e-01
1.843750000000000000e+01 7.974263200735405288e-01
1.846249999999999858e+01 7.911585481268468278e-01
1.848750000000000071e+01 7.883811390883407322e-01
1.851249999999999929e+01 7.870887479294113032e-01
1.853750000000000142e+01 7.850577769100415271e-01
1.856250000000000000e+01 7.813263102827074924e-01
1.858749999999999858e+01 7.763768895227818323e-01
1.861250000000000071e+01 7.711298174674757755e-01
1.863749999999999929e+01 7.661457609840438554e-01
1.866250000000000142e+01 7.614525768882574042e-01
1.868750000000000000e+01 7.568477908902107032e-01
1.871249999999999858e+01 7.525380645486072773e-01
1.873750000000000071e+01 7.492640702255646268e-01
1.876249999999999929e+01 7.475850348903336773e-01
1.878750000000000142e+01 7.472766902250570498e-01
1.881250000000000000e+01 7.475980040540736171e-01
1.883749999999999858e+01 7.479305947956746969e-01
1.886250000000000071e+01 7.481638379920798609e-01
1.888749999999999929e+01 7.487365662104380482e-01
1.891250000000000142e+01 7.504433565697813391e-01
1.893750000000000000e+01 7.542215158743990067e-01
1.896249999999999858e+01 7.610902151343835742e-01
1.898750000000000071e+01 7.720008334973877950e-01
1.901249999999999929e+01 7.871790315537748883e-01
1.903750000000000142e+01 8.056800737361993203e-01
1.906250000000000000e+01 8.269651975650769149e-01
1.908749999999999858e+01 8.544154504336824996e-01
1.911250000000000071e+01 8.974812565325072100e-01
1.913749999999999929e+01 9.696218732044340483e-01
1.916250000000000142e+01 1.081300883529497714e+00
1.918750000000000000e+01 1.228158152617418342e+00
1.921249999999999858e+01 1.381223964603006227e+00
1.923750000000000071e+01 1.494070900545085401e+00
1.926249999999999929e+01 1.529475557985222611e+00
1.928750000000000142e+01 1.482102657197715390e+00
1.931250000000000000e+01 1.374720521797087702e+00
1.933749999999999858e+01 1.237837896431085660e+00
1.936250000000000071e+01 1.097468005570376937e+00
1.938749999999999929e+01 9.745050756649811241e-01
1.941250000000000142e+01 8.831924816452747518e-01
1.943750000000000000e+01 8.266326355031041739e-01
1.946249999999999858e+01 7.973079639174943667e-01
1.948750000000000071e+01 7.838682378399970396e-01
1.951249999999999929e+01 7.774366284052752762e-01
1.953750000000000142e+01 7.731154172292388216e-01
1.956250000000000000e+01 7.685478282483226842e-01
1.958749999999999858e+01 7.627363968133846761e-01
1.961250000000000071e+01 7.557724013258719786e-01
1.963749999999999929e+01 7.484915847837922964e-01
1.966250000000000142e+01 7.418226894919420777e-01
1.968750000000000000e+01 7.363135772351616648e-01
1.971249999999999858e+01 7.320295058536792077e-01
1.973750000000000071e+01 7.287401683086476289e-01
1.976249999999999929e+01 7.262411174914200629e-01
1.978750000000000142e+01 7.244742486655505465e-01
1.981250000000000000e+01 7.233644857168282094e-01
1.983749999999999858e+01 7.226890481110921360e-01
1.986250000000000071e+01 7.222509340461449323e-01
1.988749999999999929e+01 7.222238843655264251e-01
1.991250000000000142e+01 7.233891464545704197e-01
1.993750000000000000e+01 7.270568743266097034e-01
1.996249999999999858e+01 7.345813520394088858e-01
1.998750000000000071e+01 7.466014711928731229e-01
2.001249999999999929e+01 7.624489730461538883e-01
2.003750000000000142e+01 7.800060862296358533e-01
2.006250000000000000e+01 7.960609729496104237e-01
2.008749999999999858e+01 8.070648134851596822e-01
2.011250000000000071e+01 8.101552258407630491e-01
2.013749999999999929e+01 8.042123111552741399e-01
2.016250000000000142e+01 7.904972192836910994e-01
2.018750000000000000e+01 7.723382843509289941e-01
2.021249999999999858e+01 7.537823652788721018e-01
2.023750000000000071e+01 7.379348091734641013e-01
2.026249999999999929e+01 7.260593520488390906e-01
2.028750000000000142e+01 7.178731624081731155e-01
2.031250000000000000e+01 7.124724283591323815e-01
2.033749999999999858e+01 7.091177693596222298e-01
2.036250000000000071e+01 7.074975882422056550e-01
2.038749999999999929e+01 7.075036126802445313e-01
2.041250000000000142e+01 7.088476492380858529e-01
2.043750000000000000e+01 7.109172562273440299e-01
2.046249999999999858e+01 7.130528327561771462e-01
2.048750000000000071e+01 7.149136316969078031e-01
2.051249999999999929e+01 7.164852626171402949e-01
2.053750000000000142e+01 7.177318545512890724e-01
2.056250000000000000e+01 7.183706411083511378e-01
2.058749999999999858e+01 7.180539824363592061e-01
2.061250000000000071e+01 7.166955328247051060e-01
2.063749999999999929e+01 7.146033714514666846e-01
2.066250000000000142e+01 7.124334727301426806e-01
2.068750000000000000e+01 7.110469447163727530e-01
2.071249999999999858e+01 7.111460454131540709e-01
2.073750000000000071e+01 7.127833708344808450e-01
2.076249999999999929e+01 7.152486198375065385e-01
2.078750000000000142e+01 7.175486450969766894e-01
2.081250000000000000e+01 7.189960840964673139e-01
2.083749999999999858e+01 7.194437962988530222e-01
2.086250000000000071e+01 7.191710964580695364e-01
2.088749999999999929e+01 7.186740493202976587e-01
2.091250000000000142e+01 7.185225641644416017e-01
2.093750000000000000e+01 7.192417249752869335e-01
2.096249999999999858e+01 7.210743379470099246e-01
2.098750000000000071e+01 7.237489356123323336e-01
2.101249999999999929e+01 7.265418171688972082e-01
2.103750000000000142e+01 7.285940482498389770e-01
2.106250000000000000e+01 7.292209717267741365e-01
2.108749999999999858e+01 7.280902027922859787e-01
2.111250000000000071e+01 7.252711150452564315e-01
2.113749999999999929e+01 7.211919940649929028e-01
2.116250000000000142e+01 7.165675983391947002e-01
2.118750000000000000e+01 7.122514545657125939e-01
2.121249999999999858e+01 7.089540479662151951e-01
2.123750000000000071e+01 7.071126378915696398e-01
2.126249999999999929e+01 7.070374759765903905e-01
2.128750000000000142e+01 7.090173177215566280e-01
2.131250000000000000e+01 7.132217968420309084e-01
2.133749999999999858e+01 7.195821884504143284e-01
2.136250000000000071e+01 7.275883381956703699e-01
2.138749999999999929e+01 7.360228300198223828e-01
2.141250000000000142e+01 7.432872125764816706e-01
2.143750000000000000e+01 7.483863253467325505e-01
2.146249999999999858e+01 7.515689902649503873e-01
2.148750000000000071e+01 7.539175189297501190e-01
2.151249999999999929e+01 7.565624395067995778e-01
2.153750000000000142e+01 7.607346125053718877e-01
2.156250000000000000e+01 7.684213404174782269e-01
2.158749999999999858e+01 7.836268959821202085e-01
2.161250000000000071e+01 8.129184923878082225e-01
2.163749999999999929e+01 8.631272625236294793e-01
2.166250000000000142e+01 9.345261832946243352e-01
2.168750000000000000e+01 1.014555497952645435e+00
2.171249999999999858e+01 1.079846183252821223e+00
2.173750000000000071e+01 1.107326610181624815e+00
2.176249999999999929e+01 1.086655140135646347e+00
2.178750000000000142e+01 1.025231014463619417e+00
2.181250000000000000e+01 9.432568175779343367e-01
2.183749999999999858e+01 8.633657747397647242e-01
2.186250000000000071e+01 8.013179414701887548e-01
2.188749999999999929e+01 7.618416474961839935e-01
2.191250000000000142e+01 7.405471728901742434e-01
2.193750000000000000e+01 7.294807370733711327e-01
2.196249999999999858e+01 7.221512573244656119e-01
2.198750000000000071e+01 7.156432289938196023e-01
2.201249999999999929e+01 7.098002835253495180e-01
2.203750000000000142e+01 7.057010093505852177e-01
2.206250000000000000e+01 7.041634270440360055e-01
2.208749999999999858e+01 7.049617948414144131e-01
2.211250000000000071e+01 7.069920678783208068e-01
2.213749999999999929e+01 7.094293839954686209e-01
2.216250000000000142e+01 7.125688539759464923e-01
2.218750000000000000e+01 7.175935521463812083e-01
2.221249999999999858e+01 7.259906748979210178e-01
2.223750000000000071e+01 7.396771964082442530e-01
2.226249999999999929e+01 7.617532544019006702e-01
2.228750000000000142e+01 7.967996637933272286e-01
2.231250000000000000e+01 8.501993108155342371e-01
2.233749999999999858e+01 9.264517278609645246e-01
2.236250000000000071e+01 1.027062689405718432e+00
2.238749999999999929e+01 1.149098118159781468e+00
2.241250000000000142e+01 1.284272442611176235e+00
2.243750000000000000e+01 1.417887992945780162e+00
2.246249999999999858e+01 1.531303872146760003e+00
2.248750000000000071e+01 1.615150324067352594e+00
2.251249999999999929e+01 1.684460313890531413e+00
2.253750000000000142e+01 1.772029469948185110e+00
2.256250000000000000e+01 1.897618656077393995e+00
2.258749999999999858e+01 2.044516093834849446e+00
2.261250000000000071e+01 2.168836057784245597e+00
2.263749999999999929e+01 2.229299642637564638e+00
2.266250000000000142e+01 2.207090873801165642e+00
2.268750000000000000e+01 2.104473150115132807e+00
2.271249999999999858e+01 1.935638917139039794e+00
2.273750000000000071e+01 1.723058263873219476e+00
2.276249999999999929e+01 1.496446084871499327e+00
2.278750000000000142e+01 1.286118821057782080e+00
2.281250000000000000e+01 1.113252180350510878e+00
2.283749999999999858e+01 9.862230611313904660e-01
2.286250000000000071e+01 9.042087913842977720e-01
2.288749999999999929e+01 8.620895865749313991e-01
2.291250000000000142e+01 8.533613462927307491e-01
2.293750000000000000e+01 8.731243439663054495e-01
2.296249999999999858e+01 9.200397572931411361e-01
2.298750000000000071e+01 9.939975728705281455e-01
2.301249999999999929e+01 1.089423267063697409e+00
2.303750000000000142e+01 1.190667780567612688e+00
2.306250000000000000e+01 1.274506179264744521e+00
2.308749999999999858e+01 1.318376313873328431e+00
2.311250000000000071e+01 1.310027529890776643e+00
2.313749999999999929e+01 1.254409006801384230e+00
2.316250000000000142e+01 1.173302381050291388e+00
2.318750000000000000e+01 1.095838482686811943e+00
2.321249999999999858e+01 1.045462817385196530e+00
2.323750000000000071e+01 1.032469205507326793e+00
2.326249999999999929e+01 1.053303115021046343e+00
2.328750000000000142e+01 1.092050494520778958e+00
2.331250000000000000e+01 1.125981764371000615e+00
2.333749999999999858e+01 1.137192558982966784e+00
2.336250000000000071e+01 1.120417311400118132e+00
2.338749999999999929e+01 1.079062054956867911e+00
2.341250000000000142e+01 1.017994531198918695e+00
2.343750000000000000e+01 9.441298104883719677e-01
2.346249999999999858e+01 8.693552791711756100e-01
2.348750000000000071e+01 8.067545119988525082e-01
2.351249999999999929e+01 7.635413581877916744e-01
2.353750000000000142e+01 7.388176398733736772e-01
2.356250000000000000e+01 7.264396824687289200e-01
2.358749999999999858e+01 7.192139478258704477e-01
2.361250000000000071e+01 7.124745366633267185e-01
2.363749999999999929e+01 7.057092005968367276e-01
2.366250000000000142e+01 7.010347267221491707e-01
2.368750000000000000e+01 6.998866808934731676e-01
2.371249999999999858e+01 7.009770818343079579e-01
2.373750000000000071e+01 7.011161482336631945e-01
2.376249999999999929e+01 6.980500651131175127e-01
2.378750000000000142e+01 6.926565228247532069e-01
2.381250000000000000e+01 6.884256272392584863e-01
2.383749999999999858e+01 6.887612175318202912e-01
2.386250000000000071e+01 6.943030859220233886e-01
2.388749999999999929e+01 7.020184046902828712e-01
2.391250000000000142e+01 7.071038252911516775e-01
2.393750000000000000e+01 7.068461599664941364e-01
2.396249999999999858e+01 7.029483150631985477e-01
2.398750000000000071e+01 6.999287872092578855e-01
2.401249999999999929e+01 7.011969889520958121e-01
2.403750000000000142e+01 7.060714019191999258e-01
2.406250000000000000e+01 7.101288295039998033e-01
2.408749999999999858e+01 7.092299874266763116e-01
2.411250000000000071e+01 7.037267076290760759e-01
2.413749999999999929e+01 6.985695852448566834e-01
2.416250000000000142e+01 6.992554973770920279e-01
2.418750000000000000e+01 7.070640669140059176e-01
2.421249999999999858e+01 7.170646193844156802e-01
2.423750000000000071e+01 7.215736098252055752e-01
2.426249999999999929e+01 7.176972886156161024e-01
2.428750000000000142e+01 7.115959061961854015e-01
2.431250000000000000e+01 7.136122193409712988e-01
2.433749999999999858e+01 7.282629768775013002e-01
2.436250000000000071e+01 7.488536935102449998e-01
2.438749999999999929e+01 7.624916755344435249e-01
2.441250000000000142e+01 7.618093050227905394e-01
2.443750000000000000e+01 7.518310881707199744e-01
2.446249999999999858e+01 7.454378097969005523e-01
2.448750000000000071e+01 7.529526173221259278e-01
2.451249999999999929e+01 7.741179272081701868e-01
2.453750000000000142e+01 7.963039296360295838e-01
2.456250000000000000e+01 8.028777413228467275e-01
2.458749999999999858e+01 7.896130183262257685e-01
2.461250000000000071e+01 7.737345000611234314e-01
2.463749999999999929e+01 7.817754090928551447e-01
2.466250000000000142e+01 8.242046890002960868e-01
2.468750000000000000e+01 8.807096426745366635e-01
2.471249999999999858e+01 9.145990327978653633e-01
2.473750000000000071e+01 9.092591649586749813e-01
2.476249999999999929e+01 8.912731163884386465e-01
2.478750000000000142e+01 9.149252299876586836e-01
2.481250000000000000e+01 1.020482108824041445e+00
2.483749999999999858e+01 1.197487244071426815e+00
2.486250000000000071e+01 1.388303005185780314e+00
2.488749999999999929e+01 1.560892345176705831e+00
2.491250000000000142e+01 1.813316076818860756e+00
2.493750000000000000e+01 2.391570130708557063e+00
2.496249999999999858e+01 3.504773406113937284e+00
2.498750000000000071e+01 5.000381514718669429e+00
2.501249999999999929e+01 6.235379246113440743e+00
2.503750000000000142e+01 6.466955958065478072e+00
2.506250000000000000e+01 5.505957667912560360e+00
2.508749999999999858e+01 3.897790787714063399e+00
2.511250000000000071e+01 2.408332698260829741e+00
2.513749999999999929e+01 1.446788983869224055e+00
2.516250000000000142e+01 9.826342414579132267e-01
2.518750000000000000e+01 8.086360763933070350e-01
2.521249999999999858e+01 7.566744213522563767e-01
2.523750000000000071e+01 7.459987635648771542e-01
2.526249999999999929e+01 7.528879729901959417e-01
2.528750000000000142e+01 7.787577493752295688e-01
2.531250000000000000e+01 8.320169780145438843e-01
2.533749999999999858e+01 9.197935391233857949e-01
2.536250000000000071e+01 1.038727779526769091e+00
2.538749999999999929e+01 1.166754847226772585e+00
2.541250000000000142e+01 1.266447345986278838e+00
2.543750000000000000e+01 1.306051978032357397e+00
2.546249999999999858e+01 1.280152141563980273e+00
2.548750000000000071e+01 1.207307900191818772e+00
2.551249999999999929e+01 1.112413032407767677e+00
2.553750000000000142e+01 1.016588240428997203e+00
2.556250000000000000e+01 9.368838207106191529e-01
2.558749999999999858e+01 8.854095601783045222e-01
2.561250000000000071e+01 8.677335993563741745e-01
2.563749999999999929e+01 8.840952709364289230e-01
2.566250000000000142e+01 9.312438753458303076e-01
2.568750000000000000e+01 1.002685048613796592e+00
2.571249999999999858e+01 1.087491511387199683e+00
2.573750000000000071e+01 1.169469313494481133e+00
2.576249999999999929e+01 1.229151155020158148e+00
2.578750000000000142e+01 1.250953606685808239e+00
2.581250000000000000e+01 1.231571211117358899e+00
2.583749999999999858e+01 1.182409073572940006e+00
2.586250000000000071e+01 1.124937975666825851e+00
2.588749999999999929e+01 1.084175063952921292e+00
2.591250000000000142e+01 1.083343438862234720e+00
2.593750000000000000e+01 1.136932882391783917e+00
2.596249999999999858e+01 1.241316209590256125e+00
2.598750000000000071e+01 1.370949213164038172e+00
2.601249999999999929e+01 1.490436379612713136e+00
2.603750000000000142e+01 1.577018238753850499e+00
2.606250000000000000e+01 1.633687355271583153e+00
2.608749999999999858e+01 1.680194410359048263e+00
2.611250000000000071e+01 1.731955429398436275e+00
2.613749999999999929e+01 1.786137405265357581e+00
2.616250000000000142e+01 1.822474953377794638e+00
2.618750000000000000e+01 1.813570867694398014e+00
2.621249999999999858e+01 1.739163420387109582e+00
2.623750000000000071e+01 1.600045259929033126e+00
2.626249999999999929e+01 1.421357173520665818e+00
2.628750000000000142e+01 1.239119508014926430e+00
2.631250000000000000e+01 1.081423274556155389e+00
2.633749999999999858e+01 9.603811658547294350e-01
2.636250000000000071e+01 8.757718629641776387e-01
2.638749999999999929e+01 8.209925871305088219e-01
2.641250000000000142e+01 7.868774450641160545e-01
2.643750000000000000e+01 7.647386987714783757e-01
2.646249999999999858e+01 7.490568938976895907e-01
2.648750000000000071e+01 7.376756696172909189e-01
2.651249999999999929e+01 7.298582483204987259e-01
2.653750000000000142e+01 7.245597034827602201e-01
2.656250000000000000e+01 7.205042423897303205e-01
2.658749999999999858e+01 7.171752009101000080e-01
2.661250000000000071e+01 7.151481328070358190e-01
2.663749999999999929e+01 7.153348217111532570e-01
2.666250000000000142e+01 7.179163392584004821e-01
2.668750000000000000e+01 7.219830857732809637e-01
2.671249999999999858e+01 7.259920226620484307e-01
2.673750000000000071e+01 7.284727853370024375e-01
2.676249999999999929e+01 7.285949005586902505e-01
2.678750000000000142e+01 7.264617541431208636e-01
2.681250000000000000e+01 7.230675808269403371e-01
2.683749999999999858e+01 7.199515844635544504e-01
2.686250000000000071e+01 7.187591603422474051e-01
2.688749999999999929e+01 7.207987427320444729e-01
2.691250000000000142e+01 7.266026639894523909e-01
2.693750000000000000e+01 7.358039963731738409e-01
2.696249999999999858e+01 7.474552415420414597e-01
2.698750000000000071e+01 7.600399109072046855e-01
2.701249999999999929e+01 7.709666872443680097e-01
2.703750000000000142e+01 7.771483943017853946e-01
2.706250000000000000e+01 7.771451268145082025e-01
2.708749999999999858e+01 7.723008009372603899e-01
2.711250000000000071e+01 7.652203280284151088e-01
2.713749999999999929e+01 7.577628461120836656e-01
2.716250000000000142e+01 7.508054695086732178e-01
2.718750000000000000e+01 7.449118677857781146e-01
2.721249999999999858e+01 7.403123895384370323e-01
2.723750000000000071e+01 7.364489827570483982e-01
2.726249999999999929e+01 7.322383695724370423e-01
2.728750000000000142e+01 7.271310716778942584e-01
2.731250000000000000e+01 7.219800178917927802e-01
2.733749999999999858e+01 7.187900117973334835e-01
2.736250000000000071e+01 7.193579692400982051e-01
2.738749999999999929e+01 7.238074290171085945e-01
2.741250000000000142e+01 7.302660658053632403e-01
2.743750000000000000e+01 7.361128039148067126e-01
2.746249999999999858e+01 7.397041007692748416e-01
2.748750000000000071e+01 7.410144206895690200e-01
2.751249999999999929e+01 7.408861855077953917e-01
2.753750000000000142e+01 7.400399745039626387e-01
2.756250000000000000e+01 7.388523383522628274e-01
2.758749999999999858e+01 7.377486817774967509e-01
2.761250000000000071e+01 7.375899047927920726e-01
2.763749999999999929e+01 7.394108154819323264e-01
2.766250000000000142e+01 7.433042301896674031e-01
2.768750000000000000e+01 7.475994174983964236e-01
2.771249999999999858e+01 7.501004316867231347e-01
2.773750000000000071e+01 7.507745224206461288e-01
2.776249999999999929e+01 7.528223060510763620e-01
2.778750000000000142e+01 7.603986629593830759e-01
2.781250000000000000e+01 7.749943779251950993e-01
2.783749999999999858e+01 7.951637133055996509e-01
2.786250000000000071e+01 8.222561758155161327e-01
2.788749999999999929e+01 8.680740065305176945e-01
2.791250000000000142e+01 9.534752794173357859e-01
2.793750000000000000e+01 1.090357140561206029e+00
2.796249999999999858e+01 1.255990369706144083e+00
2.798750000000000071e+01 1.387337335492744295e+00
2.801249999999999929e+01 1.416087863165800265e+00
2.803750000000000142e+01 1.321981611390082856e+00
2.806250000000000000e+01 1.150450386411506543e+00
2.808749999999999858e+01 9.748334146907775555e-01
2.811250000000000071e+01 8.451976675721597498e-01
2.813749999999999929e+01 7.711265529246553729e-01
2.816250000000000142e+01 7.381042156410343447e-01
2.818750000000000000e+01 7.283041569295720663e-01
2.821249999999999858e+01 7.295665635522663450e-01
2.823750000000000071e+01 7.360782390261872976e-01
2.826249999999999929e+01 7.477265916640463139e-01
2.828750000000000142e+01 7.696957186022062025e-01
2.831250000000000000e+01 8.085930909121556986e-01
2.833749999999999858e+01 8.635387334358441969e-01
2.836250000000000071e+01 9.191723246869173414e-01
2.838749999999999929e+01 9.514823055720600387e-01
2.841250000000000142e+01 9.452117226807712491e-01
2.843750000000000000e+01 9.066714922077704353e-01
2.846249999999999858e+01 8.590693425028063102e-01
2.848750000000000071e+01 8.259553352043345065e-01
2.851249999999999929e+01 8.181194836312761787e-01
2.853750000000000142e+01 8.322148000787605859e-01
2.856250000000000000e+01 8.574949633652746428e-01
2.858749999999999858e+01 8.842081194989526161e-01
2.861250000000000071e+01 9.104842025514769954e-01
2.863749999999999929e+01 9.444579200494889193e-01
2.866250000000000142e+01 9.971363516437462549e-01
2.868750000000000000e+01 1.069151250365462325e+00
2.871249999999999858e+01 1.143106266390726322e+00
2.873750000000000071e+01 1.189801179776273088e+00
2.876249999999999929e+01 1.184822559043638757e+00
2.878750000000000142e+01 1.123925907407381519e+00
2.881250000000000000e+01 1.025904529935568021e+00
2.883749999999999858e+01 9.208425460040233768e-01
2.886250000000000071e+01 8.331777889492455458e-01
2.888749999999999929e+01 7.722996778784277927e-01
2.891250000000000142e+01 7.349620440198697535e-01
2.893750000000000000e+01 7.135484675162807600e-01
2.896249999999999858e+01 7.021176921608862642e-01
2.898750000000000071e+01 6.978481993784341197e-01
2.901249999999999929e+01 6.999398037961037655e-01
2.903750000000000142e+01 7.081775256902946847e-01
2.906250000000000000e+01 7.217684782169302427e-01
2.908749999999999858e+01 7.385458176768455729e-01
2.911250000000000071e+01 7.548382866512293177e-01
2.913749999999999929e+01 7.661834536231189041e-01
2.916250000000000142e+01 7.688257906952149501e-01
2.918750000000000000e+01 7.614048984600788605e-01
2.921249999999999858e+01 7.457558865737352605e-01
2.923750000000000071e+01 7.261318963318511566e-01
2.926249999999999929e+01 7.072172799985989577e-01
2.928750000000000142e+01 6.921875509989998676e-01
2.931250000000000000e+01 6.821126004653610408e-01
2.933749999999999858e+01 6.768114495574979461e-01
2.936250000000000071e+01 6.760079609095734909e-01
2.938749999999999929e+01 6.797822176115470016e-01
2.941250000000000142e+01 6.881520802070720810e-01
2.943750000000000000e+01 7.002709368234464327e-01
2.946249999999999858e+01 7.140698466094701491e-01
2.948750000000000071e+01 7.265574502241300969e-01
2.951249999999999929e+01 7.343717846994264331e-01
2.953750000000000142e+01 7.345548044084159178e-01
2.956250000000000000e+01 7.260895329163623568e-01
2.958749999999999858e+01 7.111820065553784431e-01
2.961250000000000071e+01 6.942760920127077906e-01
2.963749999999999929e+01 6.792604306894289845e-01
2.966250000000000142e+01 6.677052272805545918e-01
2.968750000000000000e+01 6.593403182879766788e-01
2.971249999999999858e+01 6.533452519421805160e-01
2.973750000000000071e+01 6.490708361429947670e-01
2.976249999999999929e+01 6.461536545243604657e-01
2.978750000000000142e+01 6.443647374226748603e-01
2.981250000000000000e+01 6.433774008430053204e-01
2.983749999999999858e+01 6.427429831653357351e-01
2.986250000000000071e+01 6.421614917328924976e-01
2.988749999999999929e+01 6.417213597165676298e-01
2.991250000000000142e+01 6.418033871606734220e-01
2.993750000000000000e+01 6.427449351952788659e-01
2.996249999999999858e+01 6.445211218576064605e-01
2.998750000000000071e+01 6.466029737917888820e-01
3.001249999999999929e+01 6.481285979809457976e-01
3.003750000000000142e+01 6.483941451870773864e-01
3.006250000000000000e+01 6.473441164978590567e-01
3.008749999999999858e+01 6.456148088850366396e-01
3.011250000000000071e+01 6.440348891847267332e-01
3.013749999999999929e+01 6.429956974323776109e-01
3.016250000000000142e+01 6.422133598051429360e-01
3.018750000000000000e+01 6.410410655723517426e-01
3.021249999999999858e+01 6.390351055781043899e-01
3.023750000000000071e+01 6.363565934428407900e-01
3.026249999999999929e+01 6.337944899464579285e-01
3.028750000000000142e+01 6.324433520860197611e-01
3.031250000000000000e+01 6.332473944979226665e-01
3.033749999999999858e+01 6.366405188796923076e-01
3.036250000000000071e+01 6.423623207527986434e-01
3.038749999999999929e+01 6.494356872111095580e-01
3.041250000000000142e+01 6.563297103969883972e-01
3.043750000000000000e+01 6.613306166686824250e-01
3.046249999999999858e+01 6.630937969054339076e-01
3.048750000000000071e+01 6.612137172892491588e-01
3.051249999999999929e+01 6.564619296184881492e-01
3.053750000000000142e+01 6.504277607478237133e-01
3.056250000000000000e+01 6.447372468315827332e-01
3.058749999999999858e+01 6.404494882258264798e-01
3.061250000000000071e+01 6.379348678892327040e-01
3.063749999999999929e+01 6.370185254180649181e-01
3.066250000000000142e+01 6.372847180484926266e-01
3.068750000000000000e+01 6.386515799818625050e-01
3.071249999999999858e+01 6.418715852876840655e-01
3.073750000000000071e+01 6.481477181293973100e-01
3.076249999999999929e+01 6.580729922359180861e-01
3.078750000000000142e+01 6.717193175917091086e-01
3.081250000000000000e+01 6.910722345317255044e-01
3.083749999999999858e+01 7.220607715725122500e-01
3.086250000000000071e+01 7.706355043333878996e-01
3.088749999999999929e+01 8.329351842063401623e-01
3.091250000000000142e+01 8.900910640256121109e-01
3.093750000000000000e+01 9.178696194974059752e-01
3.096249999999999858e+01 9.048367675102135799e-01
3.098750000000000071e+01 8.607775854537103033e-01
3.101249999999999929e+01 8.080562283229544285e-01
3.103750000000000142e+01 7.671673709074752212e-01
3.106250000000000000e+01 7.493997428568884844e-01
3.108749999999999858e+01 7.585283524627066676e-01
3.111250000000000071e+01 7.962611744649912282e-01
3.113749999999999929e+01 8.671930427199128211e-01
3.116250000000000142e+01 9.808504622742988399e-01
3.118750000000000000e+01 1.149114467261421968e+00
3.121249999999999858e+01 1.377955869903245034e+00
3.123750000000000071e+01 1.654798100467020916e+00
3.126249999999999929e+01 1.937556024148089140e+00
3.128750000000000142e+01 2.159138458977197139e+00
3.131250000000000000e+01 2.256563414158707204e+00
3.133749999999999858e+01 2.207493710846011759e+00
3.136250000000000071e+01 2.040285971505821916e+00
3.138749999999999929e+01 1.810112599880475237e+00
3.141250000000000142e+01 1.569042485458699066e+00
3.143750000000000000e+01 1.354119806629486611e+00
3.146249999999999858e+01 1.189429096228375560e+00
3.148750000000000071e+01 1.090267237105325249e+00
3.151249999999999929e+01 1.064199940358633523e+00
3.153750000000000142e+01 1.108053249289226327e+00
3.156250000000000000e+01 1.202237360369256436e+00
3.158749999999999858e+01 1.310941527418622687e+00
3.161250000000000071e+01 1.393765488612838999e+00
3.163749999999999929e+01 1.421243032109879012e+00
3.166250000000000142e+01 1.382480308499131727e+00
3.168750000000000000e+01 1.284190006296483499e+00
3.171249999999999858e+01 1.146993100635543605e+00
3.173750000000000071e+01 9.999074241979584166e-01
3.176249999999999929e+01 8.705594248209636010e-01
3.178750000000000142e+01 7.747262740687907989e-01
3.181250000000000000e+01 7.128531059079094012e-01
3.183749999999999858e+01 6.756730844510790979e-01
3.186250000000000071e+01 6.526858616164212812e-01
3.188749999999999929e+01 6.370455201104461285e-01
3.191250000000000142e+01 6.253537063876071223e-01
3.193750000000000000e+01 6.159899958389312147e-01
3.196249999999999858e+01 6.081755376365516330e-01
3.198750000000000071e+01 6.017713156007673536e-01
3.201250000000000284e+01 5.968527966902261728e-01
3.203750000000000142e+01 5.932235129857539313e-01
3.206250000000000000e+01 5.903010258099856689e-01
3.208749999999999858e+01 5.874332922644699417e-01
3.211249999999999716e+01 5.843111644576355346e-01
3.213750000000000284e+01 5.810977229970707425e-01
3.216250000000000142e+01 5.782055309588787217e-01
3.218750000000000000e+01 5.759629774053296458e-01
3.221249999999999858e+01 5.743980103808972171e-01
3.223749999999999716e+01 5.732570027741323848e-01
3.226250000000000284e+01 5.722437856139508394e-01
3.228750000000000142e+01 5.712372221417724161e-01
3.231250000000000000e+01 5.702284870386554738e-01
3.233749999999999858e+01 5.691413914106991934e-01
3.236249999999999716e+01 5.679031701202018612e-01
3.238750000000000284e+01 5.666711118896681221e-01
3.241250000000000142e+01 5.657913300159060910e-01
3.243750000000000000e+01 5.655339924937050622e-01
3.246249999999999858e+01 5.660612812853859088e-01
3.248749999999999716e+01 5.676064405882914610e-01
3.251250000000000284e+01 5.704957586522355628e-01
3.253750000000000142e+01 5.750155803052993120e-01
3.256250000000000000e+01 5.814183058255770753e-01
3.258749999999999858e+01 5.897912376182721239e-01
3.261249999999999716e+01 5.994201956726763481e-01
3.263750000000000284e+01 6.082725640687455249e-01
3.266250000000000142e+01 6.137561383236698198e-01
3.268750000000000000e+01 6.144014409734562809e-01
3.271249999999999858e+01 6.106345593904400904e-01
3.273749999999999716e+01 6.040239389220801725e-01
3.276250000000000284e+01 5.963149096614392963e-01
3.278750000000000142e+01 5.890988337659843754e-01
3.281250000000000000e+01 5.835913544749558035e-01
3.283749999999999858e+01 5.802187729379297831e-01
3.286249999999999716e+01 5.785666474952090299e-01
3.288750000000000284e+01 5.778921586730046966e-01
3.291250000000000142e+01 5.777709009197191659e-01
3.293750000000000000e+01 5.785953517366155818e-01
3.296249999999999858e+01 5.818874450853213087e-01
3.298749999999999716e+01 5.901346061838199653e-01
3.301250000000000284e+01 6.061154055702911991e-01
3.303750000000000142e+01 6.321293433874095591e-01
3.306250000000000000e+01 6.683400434964027470e-01
3.308749999999999858e+01 7.094456434826690305e-01
3.311249999999999716e+01 7.430368327009859719e-01
3.313750000000000284e+01 7.553425877192889715e-01
3.316250000000000142e+01 7.414055388808223901e-01
3.318750000000000000e+01 7.085231300297356594e-01
3.321249999999999858e+01 6.699503929704698768e-01
3.323749999999999716e+01 6.370441581676533627e-01
3.326250000000000284e+01 6.156722864680076457e-01
3.328750000000000142e+01 6.064341587739665584e-01
3.331250000000000000e+01 6.068758347394156427e-01
3.333749999999999858e+01 6.135027440616293015e-01
3.336249999999999716e+01 6.224339877077301741e-01
3.338750000000000284e+01 6.300414722570417680e-01
3.341250000000000142e+01 6.346060441267420416e-01
3.343750000000000000e+01 6.375551722260657250e-01
3.346249999999999858e+01 6.430184787953808767e-01
3.348749999999999716e+01 6.567144595026576104e-01
3.351250000000000284e+01 6.850840079480118305e-01
3.353750000000000142e+01 7.336634261961862968e-01
3.356250099999999748e+01 8.026554446068580040e-01
3.358750100000000316e+01 8.809467553183357724e-01
3.361250100000000174e+01 9.452068935909778702e-01
3.363750100000000032e+01 9.695451021171022088e-01
3.366250099999999890e+01 9.410591864570070353e-01
3.368750099999999748e+01 8.686620364395630789e-01
3.371250100000000316e+01 7.774870049253816973e-01
3.373750100000000174e+01 6.941064497475053496e-01
3.376250100000000032e+01 6.343190301668761855e-01
3.378750099999999890e+01 6.001786868370511119e-01
3.381250099999999748e+01 5.844723264353783865e-01
3.383750100000000316e+01 5.775093034626871402e-01
3.386250100000000174e+01 5.724316935673717799e-01
3.388750100000000032e+01 5.670186373969836602e-01
3.391250099999999890e+01 5.619807925764420675e-01
3.393750099999999748e+01 5.581749442088609348e-01
3.396250100000000316e+01 5.554930586236394019e-01
3.398750100000000174e+01 5.536172635486541482e-01
3.401250100000000032e+01 5.527209038872366031e-01
3.403750099999999890e+01 5.529994497596282255e-01
3.406250099999999748e+01 5.540830568607781892e-01
3.408750100000000316e+01 5.554608257913853375e-01
3.411250100000000174e+01 5.570187806713755574e-01
3.413750100000000032e+01 5.584886469551716415e-01
3.416250099999999890e+01 5.588817596263232490e-01
3.418750099999999748e+01 5.575605124177748229e-01
3.421250100000000316e+01 5.556433173662080893e-01
3.423750100000000174e+01 5.551589541990289423e-01
3.426250100000000032e+01 5.567205780351409672e-01
3.428750099999999890e+01 5.591935008940662755e-01
3.431250099999999748e+01 5.617693455454152440e-01
3.433750100000000316e+01 5.648806703279191099e-01
3.436250100000000174e+01 5.684035448810975666e-01
3.438750100000000032e+01 5.705549858293915699e-01
3.441250099999999890e+01 5.702029014581735389e-01
3.443750099999999748e+01 5.690821817333514554e-01
3.446250100000000316e+01 5.696441218115781968e-01
3.448750100000000174e+01 5.715260362547621709e-01
3.451250100000000032e+01 5.728006024373356597e-01
3.453750099999999890e+01 5.744779290618583500e-01
3.456250099999999748e+01 5.804242926823485194e-01
3.458750100000000316e+01 5.915482649253371861e-01
3.461250100000000174e+01 6.031147215559244934e-01
3.463750100000000032e+01 6.103973063742296201e-01
3.466250099999999890e+01 6.145340944008745865e-01
3.468750099999999748e+01 6.194181317931911623e-01
3.471250100000000316e+01 6.247019693393319750e-01
3.473750100000000174e+01 6.269319095456297175e-01
3.476250100000000032e+01 6.273559358077906989e-01
3.478750099999999890e+01 6.325119321903035496e-01
3.481250099999999748e+01 6.447337296265081008e-01
3.483750100000000316e+01 6.577730744538912155e-01
3.486250100000000174e+01 6.665946217522873418e-01
3.488750100000000032e+01 6.761809688683582120e-01
3.491250099999999890e+01 6.938972378652240591e-01
3.493750099999999748e+01 7.169163431127427710e-01
3.496250100000000316e+01 7.374831343599522748e-01
3.498750100000000174e+01 7.590534751789093093e-01
3.501250100000000032e+01 7.932314223621795835e-01
3.503750099999999890e+01 8.375428278249235081e-01
3.506250099999999748e+01 8.734838891705182240e-01
3.508750100000000316e+01 8.986032173060541917e-01
3.511250100000000174e+01 9.425086596582324949e-01
3.513750100000000032e+01 1.031418672876978082e+00
3.516250099999999890e+01 1.150313921305539777e+00
3.518750099999999748e+01 1.271797397383455763e+00
3.521250100000000316e+01 1.419474258788578469e+00
3.523750100000000174e+01 1.655900907870582861e+00
3.526250100000000032e+01 2.001066480073542486e+00
3.528750099999999890e+01 2.427980747009183204e+00
3.531250099999999748e+01 3.008316384079721573e+00
3.533750100000000316e+01 3.969202829225848106e+00
3.536250100000000174e+01 5.389643405289082700e+00
3.538750100000000032e+01 6.789250342175933817e+00
3.541250099999999890e+01 7.288629117231635313e+00
3.543750099999999748e+01 6.415921431956106424e+00
3.546250100000000316e+01 4.619699220624966962e+00
3.548750100000000174e+01 2.821712340189349355e+00
3.551250100000000032e+01 1.624136555836876328e+00
3.553750099999999890e+01 1.064863758941979155e+00
3.556250099999999748e+01 9.088896762527060025e-01
3.558750100000000316e+01 9.480696872906476669e-01
3.561250100000000174e+01 1.073229393402625798e+00
3.563750100000000032e+01 1.222647478742875604e+00
3.566250099999999890e+01 1.339357168297761858e+00
3.568750099999999748e+01 1.370612312327813775e+00
3.571250100000000316e+01 1.295902406510496707e+00
3.573750100000000174e+01 1.140128941824842146e+00
3.576250100000000032e+01 9.576766966586213181e-01
3.578750099999999890e+01 7.993682414358692645e-01
3.581250099999999748e+01 6.891079658144865228e-01
3.583750100000000316e+01 6.233570649001032304e-01
3.586250100000000174e+01 5.862216197043130794e-01
3.588750100000000032e+01 5.639683407593586439e-01
3.591250099999999890e+01 5.494865134684939756e-01
3.593750099999999748e+01 5.397300202894208532e-01
3.596250100000000316e+01 5.330701606576492280e-01
3.598750100000000174e+01 5.286654918170774486e-01
3.601250100000000032e+01 5.260487053130646906e-01
3.603750099999999890e+01 5.246669615783600138e-01
3.606250099999999748e+01 5.240064418135861324e-01
3.608750100000000316e+01 5.239104036862974878e-01
3.611250100000000174e+01 5.243209151850571903e-01
3.613750100000000032e+01 5.248925311294563301e-01
3.616250099999999890e+01 5.251122494417883591e-01
3.618750099999999748e+01 5.246433733229394214e-01
3.621250100000000316e+01 5.233587383790248015e-01
3.623750100000000174e+01 5.212218128061719691e-01
3.626250100000000032e+01 5.183638694550120052e-01
3.628750099999999890e+01 5.151708214492995985e-01
3.631250099999999748e+01 5.120961806068370370e-01
3.633750100000000316e+01 5.094103874479439797e-01
3.636250100000000174e+01 5.072088135140686571e-01
3.638750100000000032e+01 5.055404740485031079e-01
3.641250099999999890e+01 5.043785854607505392e-01
3.643750099999999748e+01 5.035297899725548199e-01
3.646250100000000316e+01 5.028476516871223101e-01
3.648750100000000174e+01 5.026571284743457380e-01
3.651250100000000032e+01 5.038427357900636672e-01
3.653750099999999890e+01 5.071891057120616608e-01
3.656250099999999748e+01 5.123508900500698404e-01
3.658750100000000316e+01 5.174175857131407819e-01
3.661250100000000174e+01 5.197490695995259369e-01
3.663750100000000032e+01 5.175976669525924612e-01
3.666250099999999890e+01 5.111598713548656248e-01
3.668750099999999748e+01 5.023484050126694189e-01
3.671250100000000316e+01 4.936450111271963870e-01
3.673750100000000174e+01 4.867358416042018576e-01
3.676250100000000032e+01 4.818030397333359915e-01
3.678750099999999890e+01 4.780628522558622584e-01
3.681250099999999748e+01 4.748855651291492563e-01
3.683750100000000316e+01 4.722668042850896031e-01
3.686250100000000174e+01 4.705444566856562538e-01
3.688750100000000032e+01 4.700141524601986198e-01
3.691250099999999890e+01 4.707436151466348195e-01
3.693750099999999748e+01 4.724902203839149717e-01
3.696250100000000316e+01 4.747049768938741421e-01
3.698750100000000174e+01 4.764617405182591803e-01
3.701250100000000032e+01 4.764639414053013500e-01
3.703750099999999890e+01 4.737047729276099295e-01
3.706250099999999748e+01 4.684756714998223881e-01
3.708750100000000316e+01 4.622402644561675600e-01
3.711250100000000174e+01 4.562422721463815778e-01
3.713750100000000032e+01 4.508015718439976061e-01
3.716250099999999890e+01 4.462213380113076999e-01
3.718750099999999748e+01 4.436222176708032872e-01
3.721250100000000316e+01 4.441320190722266581e-01
3.723750100000000174e+01 4.475055784212642607e-01
3.726250100000000032e+01 4.523020537046720801e-01
3.728750099999999890e+01 4.574488575233106591e-01
3.731250099999999748e+01 4.629586958367540861e-01
3.733750100000000316e+01 4.692744950764615175e-01
3.736250100000000174e+01 4.772998655686371272e-01
3.738750100000000032e+01 4.896750378688333738e-01
3.741250099999999890e+01 5.101242000138483945e-01
3.743750099999999748e+01 5.410558626232317980e-01
3.746250100000000316e+01 5.834293089274161792e-01
3.748750100000000174e+01 6.391586640751234505e-01
3.751250100000000032e+01 7.097845361649853801e-01
3.753750099999999890e+01 7.884445781002256126e-01
3.756250099999999748e+01 8.521263337799096504e-01
3.758750100000000316e+01 8.670245092172577106e-01
3.761250100000000174e+01 8.120142363833422472e-01
3.763750100000000032e+01 7.011770341563450248e-01
3.766250099999999890e+01 5.770498576549195624e-01
3.768750099999999748e+01 4.786332901639990811e-01
3.771250100000000316e+01 4.188895346944586651e-01
3.773750100000000174e+01 3.892671054219418725e-01
3.776250100000000032e+01 3.760879173541489262e-01
3.778750099999999890e+01 3.702435678155109322e-01
3.781250099999999748e+01 3.675790443211830461e-01
3.783750100000000316e+01 3.663168027902835577e-01
3.786250100000000174e+01 3.653016836526636335e-01
3.788750100000000032e+01 3.637383545548337205e-01
3.791250099999999890e+01 3.613595501258893838e-01
3.793750099999999748e+01 3.584636159409082534e-01
3.796250100000000316e+01 3.557549915412742680e-01
3.798750100000000174e+01 3.541530764302077694e-01
3.801250100000000032e+01 3.546675729627628004e-01
3.803750099999999890e+01 3.582987624863503973e-01
3.806250099999999748e+01 3.657504156506882209e-01
3.808750100000000316e+01 3.771180038686650082e-01
3.811250100000000174e+01 3.915293935694031946e-01
3.813750100000000032e+01 4.066183051528891035e-01
3.816250099999999890e+01 4.183057338643639822e-01
3.818750099999999748e+01 4.220913415557123738e-01
3.821250100000000316e+01 4.156090680233076595e-01
3.823750100000000174e+01 4.001373566347634081e-01
3.826250100000000032e+01 3.797565046727459093e-01
3.828750099999999890e+01 3.592344207425438030e-01
3.831250099999999748e+01 3.421079849882088242e-01
3.833750100000000316e+01 3.297366974063105638e-01
3.836250100000000174e+01 3.216167367508981911e-01
3.838750100000000032e+01 3.164611344159861117e-01
3.841250099999999890e+01 3.131010840974218223e-01
3.843750099999999748e+01 3.107960628445967655e-01
3.846250100000000316e+01 3.092114031191057211e-01
3.848750100000000174e+01 3.083814378805982415e-01
3.851250100000000032e+01 3.085104013213674778e-01
3.853750099999999890e+01 3.096143112113489138e-01
3.856250099999999748e+01 3.111817144372188149e-01
3.858750100000000316e+01 3.122082431481589815e-01
3.861250100000000174e+01 3.116846395885488619e-01
3.863750100000000032e+01 3.092108963045172021e-01
3.866250099999999890e+01 3.051754497320304793e-01
3.868750099999999748e+01 3.003580923189367313e-01
3.871250100000000316e+01 2.953571921081406537e-01
3.873750100000000174e+01 2.903237760420677716e-01
3.876250100000000032e+01 2.851410770322928001e-01
3.878750099999999890e+01 2.797684659322787204e-01
3.881250099999999748e+01 2.743511988675134128e-01
3.883750100000000316e+01 2.690850542802374346e-01
3.886250100000000174e+01 2.641039842737185617e-01
3.888750100000000032e+01 2.594947656385292456e-01
3.891250099999999890e+01 2.553322757410462218e-01
3.893750099999999748e+01 2.516330832361940439e-01
3.896250100000000316e+01 2.483210635225464591e-01
3.898750100000000174e+01 2.452999659970434843e-01
3.901250100000000032e+01 2.425971078436209849e-01
3.903750099999999890e+01 2.403729713887524100e-01
3.906250099999999748e+01 2.387323097851853926e-01
3.908750100000000316e+01 2.375162363417712141e-01
3.911250100000000174e+01 2.363192292144956907e-01
3.913750100000000032e+01 2.347581644907963949e-01
3.916250099999999890e+01 2.327456589950742671e-01
3.918750099999999748e+01 2.304937164949185380e-01
3.921250100000000316e+01 2.282421792698517415e-01
3.923750100000000174e+01 2.260342532958313777e-01
3.926250100000000032e+01 2.237448891312277532e-01
3.928750099999999890e+01 2.212400158440362974e-01
3.931250099999999748e+01 2.184472434703882970e-01
3.933750100000000316e+01 2.153614873849964972e-01
3.936250100000000174e+01 2.120793681423396582e-01
3.938750100000000032e+01 2.088516098191632586e-01
3.941250099999999890e+01 2.060523143782773126e-01
3.943750099999999748e+01 2.039844504806320180e-01
3.946250100000000316e+01 2.026249106805980971e-01
3.948750100000000174e+01 2.015873324173003966e-01
3.951250100000000032e+01 2.004162457788187801e-01
3.953750099999999890e+01 1.988769195689268354e-01
3.956250099999999748e+01 1.969497520675614344e-01
3.958750100000000316e+01 1.946981710376691765e-01
3.961250100000000174e+01 1.922834119938931496e-01
3.963750100000000032e+01 1.900343484936992677e-01
3.966250099999999890e+01 1.883589523337107496e-01
3.968750099999999748e+01 1.875549886122470367e-01
3.971250100000000316e+01 1.876522288967708008e-01
3.973750100000000174e+01 1.883165134468783863e-01
3.976250100000000032e+01 1.888667625443056775e-01
3.978750099999999890e+01 1.885439731705040867e-01
3.981250099999999748e+01 1.869662991763831328e-01
3.983750100000000316e+01 1.843990790296820559e-01
3.986250100000000174e+01 1.815213253345150379e-01
3.988750100000000032e+01 1.788850344934041214e-01
3.991250099999999890e+01 1.766156481465386563e-01
3.993750099999999748e+01 1.746116449662467041e-01
3.996250100000000316e+01 1.729341879197194287e-01
3.998750100000000174e+01 1.719235582582604449e-01
