0.000000 1.000000000000
0.087500 0.400936494072
0.112500 0.160774151693
0.137500 0.064478246603
0.162500 0.000094841444
0.187500 0.000030819346
0.237500 0.015394079601
0.262500 0.013334373458
0.287500 0.000002842582
0.312500 0.000110143062
0.337500 0.000450109929
0.362500 0.000061454079
0.387500 0.002040781233
0.412500 0.003689854571
0.437500 0.000000717545
0.462500 0.000253926965
0.487500 0.000053362502
0.512500 0.000002090504
0.537500 0.000340085662
0.562500 0.001153269386
0.587500 0.000085097892
0.612500 0.000102361254
0.637500 0.000009565855
0.662500 0.000001214523
0.687500 0.000024506424
0.712500 0.000294204185
0.737500 0.000336720319
0.762500 0.000024441968
0.787500 0.000019594038
0.812500 0.000005934802
0.837500 0.000008580035
0.862500 0.000088671122
0.887500 0.000187433443
0.912500 0.000021724681
0.937500 0.000017811561
0.962500 0.000002636641
0.987500 0.000003684376
1.012500 0.000053387191
1.037500 0.000008036276
1.062500 0.000102371872
1.087500 0.000009961236
1.112500 0.000003781575
1.137500 0.000003081344
1.162500 0.000001091299
1.187500 0.000049494107
1.212500 0.000050841108
1.237500 0.000004537446
1.262500 0.000001189803
1.287500 0.000001762323
1.312500 0.000000473002
1.337500 0.000010597093
1.362500 0.000000961524
1.387500 0.000030211108
1.412500 0.000004746451
1.437500 0.000001016594
1.462500 0.000000298243
1.487500 0.000008401115
1.512500 0.000000773719
1.537500 0.000017804754
1.562500 0.000006438871
1.587500 0.000000984393
1.612500 0.000000270627
1.637500 0.000007185170
1.662500 0.000007943975
1.687500 0.000000352634
1.712500 0.000008188938
1.737500 0.000000787312
1.762500 0.000000248098
1.787500 0.000005165944
1.812500 0.000003980128
1.837500 0.000000224827
1.862500 0.000021050025
1.887500 0.000002079317
1.912500 0.000000620029
1.937500 0.000000235154
1.962500 0.000002647219
1.987500 0.000000244813
2.012500 0.000000201694
2.037500 0.000012990471
2.062500 0.000000539310
2.087500 0.000000134725
2.112500 0.000003981696
2.137500 0.000000307352
2.162500 0.000000214984
2.187500 0.000008015815
2.212500 0.000001001056
2.237500 0.000000292854
2.262500 0.000000137302
2.287500 0.000001799575
2.312500 0.000000135962
2.337500 0.000000056640
2.362500 0.000006087202
2.387500 0.000000171784
2.412500 0.000000055622
2.437500 0.000002869721
2.462500 0.000000129493
2.487500 0.000000035421
2.512500 0.000004001205
2.537500 0.000000304441
2.562500 0.000000107901
2.587500 0.000000635039
2.612500 0.000000163893
2.637500 0.000000026704
2.662500 0.000000634919
2.687500 0.000002816636
2.712500 0.000000110052
2.737500 0.000000220447
2.762500 0.000000194968
2.787500 0.000000045036
2.812500 0.000000033357
2.837500 0.000003758777
2.862500 0.000000253868
2.887500 0.000000073129
2.912500 0.000002194251
2.937500 0.000000097139
2.962500 0.000000050572
2.987500 0.000000060151
3.012500 0.000001715829
3.037500 0.000000073687
3.062500 0.000000308408
3.087500 0.000000074027
3.112500 0.000000019113
3.137500 0.000000180853
3.162500 0.000001633615
3.187500 0.000000231947
3.212500 0.000000160358
3.237500 0.000000044688
3.262500 0.000000156639
3.287500 0.000001230459
3.312500 0.000000265474
3.337500 0.000001103620
3.362500 0.000000164216
3.387500 0.000000921481
3.412500 0.000000141988
3.437500 0.000000039644
3.462500 0.000000360604
3.487500 0.000000765875
3.512500 0.000000089079
3.537500 0.000000360570
3.562500 0.000000047121
3.587500 0.000001675357
3.612500 0.000000523943
3.637500 0.000000055531
3.662500 0.000003144450
3.687500 0.000000621565
3.712500 0.000000090270
3.737500 0.000000107298
3.762500 0.000000519086
3.787500 0.000000062700
3.812500 0.000001344316
3.837500 0.000000287905
3.862500 0.000000082008
3.887500 0.000000029797
3.912500 0.000000134930
3.937500 0.000000227068
3.962500 0.000000154160
3.987500 0.000001372482
4.012500 0.000000336089
4.037500 0.000000066695
4.062500 0.000000294221
4.087500 0.000000839495
4.112500 0.000000203347
4.137500 0.000000551607
4.162500 0.000000921199
4.187500 0.000000064659
4.212500 0.000000467465
4.237500 0.000000175144
4.262500 0.000000151829
4.287500 0.000000176639
4.312500 0.000000860875
4.337500 0.000000080033
4.362500 0.000000053576
4.387500 0.000000128739
4.412500 0.000000033400
4.437500 0.000000067064
4.462500 0.000000892220
4.487500 0.000000222181
4.512500 0.000000021391
4.537500 0.000000221977
4.562500 0.000000769662
4.587500 0.000000101819
4.612500 0.000000098296
4.637500 0.000003660186
4.662500 0.000000211425
4.687500 0.000000049646
4.712500 0.000004758593
4.737500 0.000000186622
4.762500 0.000000096203
4.787500 0.000001366473
4.812500 0.000000119976
4.837500 0.000000493095
4.862500 0.000000153583
4.887500 0.000000443011
4.912500 0.000000051676
4.937500 0.000000252638
4.962500 0.000000322714
4.987500 0.000000034984
5.012500 0.000000114785
5.037500 0.000000437394
5.062500 0.000000072411
5.087500 0.000000057955
5.112500 0.000000185508
5.137500 0.000000058120
5.162500 0.000000036436
5.187500 0.000000154648
5.212500 0.000000109194
5.237500 0.000000023523
5.262500 0.000000234426
5.287500 0.000000363305
5.312500 0.000000073284
5.337500 0.000000421990
5.362500 0.000000475431
5.387500 0.000000146950
5.412500 0.000000252775
5.437500 0.000000283766
5.462500 0.000000199179
5.487500 0.000000176782
5.512500 0.000000089382
5.537500 0.000000266028
5.562500 0.000000020268
5.587500 0.000000128730
5.612500 0.000000216435
5.637500 0.000000042666
5.662500 0.000000168913
5.687500 0.000000109673
5.712500 0.000000071558
5.737500 0.000000237545
5.762500 0.000000553025
5.787500 0.000000158540
5.812500 0.000000479107
5.837500 0.000000052719
5.862500 0.000000422466
5.887500 0.000000149149
5.912500 0.000000061871
5.937500 0.000000174910
5.962500 0.000000186665
5.987500 0.000000276142
6.012500 0.000000076103
6.037500 0.000000143276
6.062500 0.000000081371
6.087500 0.000000075406
6.112500 0.000000037815
6.137500 0.000000105019
6.162500 0.000000082688
6.187500 0.000000230002
6.212500 0.000000275295
6.237500 0.000000147355
6.262500 0.000000518937
6.287500 0.000000579523
6.312500 0.000000238298
6.337500 0.000000280568
6.362500 0.000000263615
6.387500 0.000000273217
6.412500 0.000000124629
6.437500 0.000000243352
6.462500 0.000000158901
6.487500 0.000000328636
6.512500 0.000000291349
6.537500 0.000000161317
6.562500 0.000000569609
6.587500 0.000000492817
6.612500 0.000000131199
6.637500 0.000000268438
6.662500 0.000000361334
6.687500 0.000000457279
6.712500 0.000000153191
6.737500 0.000000697917
6.762500 0.000000512533
6.787500 0.000000208283
6.812500 0.000000614648
6.837500 0.000001479893
6.862500 0.000000599269
6.887500 0.000001463845
6.912500 0.000002722081
6.937500 0.000002199470
6.962500 0.000001544210
6.987500 0.000001687325
7.012500 0.000002190912
7.037500 0.000001094891
7.062500 0.000000776187
7.087500 0.000000609767
7.112500 0.000000354402
7.137500 0.000000401688
7.162500 0.000000318370
7.187500 0.000000197764
7.212500 0.000000177387
7.237500 0.000000359200
7.262500 0.000000195296
7.287500 0.000000239044
7.312500 0.000000515153
7.337500 0.000000178446
7.362500 0.000000314603
7.387500 0.000000419458
7.412500 0.000000161938
7.437500 0.000000141327
7.462500 0.000000344630
7.487500 0.000000173260
7.512500 0.000000129952
7.537500 0.000000313262
7.562500 0.000000381522
7.587500 0.000000160637
7.612500 0.000000214238
7.637500 0.000000455666
7.662500 0.000000304297
7.687500 0.000000390327
7.712500 0.000000483942
7.737500 0.000000205574
7.762500 0.000000340990
7.787500 0.000000630619
7.812500 0.000000320007
7.837500 0.000000318754
7.862500 0.000000402963
7.887500 0.000000706221
7.912500 0.000000199727
7.937500 0.000001252126
7.962500 0.000000231588
7.987500 0.000001123016
8.012500 0.000000637844
8.037500 0.000000669038
8.062500 0.000000666689
8.087500 0.000001054530
8.112500 0.000000673499
8.137500 0.000000378456
8.162500 0.000000687140
8.187500 0.000000380294
8.212500 0.000000193613
8.237500 0.000000375598
8.262500 0.000000233670
8.287500 0.000000299085
8.312500 0.000000340931
8.337500 0.000000307734
8.362500 0.000000278159
8.387500 0.000000255669
8.412500 0.000000251626
8.437500 0.000000196556
8.462500 0.000000220246
8.487500 0.000000342720
8.512500 0.000000223022
8.537500 0.000000749373
8.562500 0.000000309954
8.587500 0.000000456488
8.612500 0.000000476363
8.637500 0.000000422005
8.662500 0.000000241963
8.687500 0.000000273220
8.712500 0.000000372280
8.737500 0.000000179937
8.762500 0.000000282769
8.787500 0.000000205398
8.812500 0.000000457503
8.837500 0.000000365381
8.862500 0.000000415349
8.887500 0.000000358162
8.912500 0.000000730186
8.937500 0.000000406116
8.962500 0.000000351052
8.987500 0.000000390264
9.012500 0.000000227584
9.037500 0.000000396063
9.062500 0.000000207949
9.087500 0.000000329897
9.112500 0.000000334280
9.137500 0.000000404252
9.162500 0.000000314839
9.187500 0.000000386175
9.212500 0.000000297742
9.237500 0.000000403406
9.262500 0.000000349148
9.287500 0.000000490524
9.312500 0.000000290687
9.337500 0.000000502848
9.362500 0.000001458545
9.387500 0.000000364203
9.412500 0.000000595058
9.437500 0.000002653849
9.462500 0.000000531702
9.487500 0.000000412393
9.512500 0.000001078548
9.537500 0.000000322577
9.562500 0.000000832787
9.587500 0.000000273771
9.612500 0.000001183178
9.637500 0.000000174758
9.662500 0.000000972723
9.687500 0.000000329891
9.712500 0.000000301315
9.737500 0.000000577734
9.762500 0.000000437853
9.787500 0.000000490873
9.812500 0.000000620821
9.837500 0.000000602360
9.862500 0.000000714935
9.887500 0.000000626021
9.912500 0.000000784988
9.937500 0.000000383626
9.962500 0.000000644741
9.987500 0.000000813137
10.012500 0.000000470110
10.037500 0.000000726774
10.062500 0.000000904647
10.087500 0.000001088158
10.112500 0.000000595277
10.137500 0.000000652373
10.162500 0.000000719523
10.187500 0.000000656783
10.212500 0.000001006392
10.237500 0.000000611383
10.262500 0.000000630475
10.287500 0.000001334423
10.312500 0.000000551269
10.337500 0.000000668488
10.362500 0.000000813701
10.387500 0.000000471687
10.412500 0.000000596743
10.437500 0.000000600749
10.462500 0.000000469354
10.487500 0.000000556554
10.512500 0.000000619059
10.537500 0.000000536398
10.562500 0.000000833008
10.587500 0.000000794896
10.612500 0.000000733699
10.637500 0.000000566298
10.662500 0.000000263955
10.687500 0.000000682468
10.712500 0.000000389944
10.737500 0.000000917856
10.762500 0.000000586689
10.787500 0.000000495345
10.812500 0.000000600566
10.837500 0.000000831099
10.862500 0.000000649922
10.887500 0.000000443118
10.912500 0.000000587254
10.937500 0.000000468734
10.962500 0.000000227380
10.987500 0.000000781692
11.012500 0.000000345464
11.037500 0.000000636312
11.062500 0.000001763376
11.087500 0.000000651690
11.112500 0.000001091190
11.137500 0.000002436121
11.162500 0.000001422197
11.187500 0.000000826559
11.212500 0.000001480104
11.237500 0.000001029541
11.262500 0.000000969310
11.287500 0.000001027369
11.312500 0.000000729533
11.337500 0.000000512025
11.362500 0.000000592926
11.387500 0.000000582928
11.412500 0.000000357144
11.437500 0.000000425124
11.462500 0.000000767756
11.487500 0.000000738287
11.512500 0.000000580989
11.537500 0.000001653512
11.562500 0.000000569148
11.587500 0.000000640854
11.612500 0.000001044096
11.637500 0.000000827306
11.662500 0.000000746464
11.687500 0.000001141866
11.712500 0.000001014422
11.737500 0.000000893149
11.762500 0.000000903755
11.787500 0.000000739402
11.812500 0.000000366452
11.837500 0.000000427246
11.862500 0.000001439465
11.887500 0.000000434339
11.912500 0.000000715390
11.937500 0.000001967966
11.962500 0.000000909802
11.987500 0.000000925543
12.012500 0.000001710574
12.037500 0.000000676289
12.062500 0.000000726500
12.087500 0.000001003823
12.112500 0.000000402488
12.137500 0.000000598023
12.162500 0.000001193008
12.187500 0.000000616004
12.212500 0.000000688081
12.237500 0.000000738092
12.262500 0.000002225595
12.287500 0.000000847291
12.312500 0.000001234767
12.337500 0.000016238716
12.362500 0.000000932934
12.387500 0.000000536874
12.412500 0.000016214864
12.437500 0.000004189545
12.462500 0.000008623977
12.487500 0.000006226141
12.512500 0.000008531236
12.537500 0.000022523568
12.562500 0.000011855247
12.587500 0.000002208266
12.612500 0.000013237697
12.637500 0.000005186739
12.662500 0.000001307047
12.687500 0.000001546138
12.712500 0.000014380360
12.737500 0.000003216010
12.762500 0.000001761561
12.787500 0.000002036869
12.812500 0.000015805051
12.837500 0.000001312458
12.862500 0.000001337726
12.887500 0.000002650150
12.912500 0.000001298888
12.937500 0.000001529458
12.962500 0.000001738725
12.987500 0.000000711207
13.012500 0.000001220829
13.037500 0.000001112631
13.062500 0.000000861230
13.087500 0.000001175830
13.112500 0.000001727269
13.137500 0.000000879169
13.162500 0.000002722989
13.187500 0.000002676724
13.212500 0.000001318407
13.237500 0.000001997050
13.262500 0.000002934910
13.287500 0.000001702994
13.312500 0.000004420454
13.337500 0.000008415964
13.362500 0.000004951269
13.387500 0.000008525961
13.412500 0.000019043985
13.437500 0.000008908449
13.462500 0.000004748438
13.487500 0.000008545169
13.512500 0.000005228889
13.537500 0.000002819509
13.562500 0.000002050440
13.587500 0.000003149551
13.612500 0.000002492489
13.637500 0.000003750092
13.662500 0.000002596713
13.687500 0.000003296937
13.712500 0.000001478285
13.737500 0.000008635878
13.762500 0.000002263463
13.787500 0.000012606915
13.812500 0.000002712132
13.837500 0.000002884942
13.862500 0.000010820374
13.887500 0.000004414763
13.912500 0.000014126356
13.937500 0.000014594296
13.962500 0.000012224343
13.987500 0.000021718146
14.012500 0.000014891778
14.037500 0.000012873871
14.062500 0.000006572033
14.087500 0.000004453654
14.112500 0.000005254190
14.137500 0.000003044990
14.162500 0.000005893781
14.187500 0.000004116620
14.212500 0.000003686649
14.237500 0.000003651587
14.262500 0.000007281843
14.287500 0.000014596863
14.312500 0.000009365802
14.337500 0.000010403601
14.362500 0.000014638073
14.387500 0.000009823026
14.412500 0.000007047371
14.437500 0.000004184553
14.462500 0.000002886549
14.487500 0.000002595355
14.512500 0.000003605900
14.537500 0.000003302700
14.562500 0.000003332760
14.587500 0.000002158154
14.612500 0.000005586989
14.637500 0.000004997507
14.662500 0.000012754533
14.687500 0.000008489136
14.712500 0.000015360218
14.737500 0.000012791704
14.762500 0.000010834986
14.787500 0.000016133976
14.812500 0.000006913961
14.837500 0.000009773356
14.862500 0.000005360323
14.887500 0.000003433636
14.912500 0.000003243299
14.937500 0.000004224051
14.962500 0.000002641433
14.987500 0.000003425851
15.012500 0.000002822635
15.037500 0.000004128933
15.062500 0.000002789921
15.087500 0.000007673964
15.112500 0.000002631904
15.137500 0.000006335998
15.162500 0.000004453154
15.187500 0.000004308083
15.212500 0.000002197607
15.237500 0.000002683025
15.262500 0.000001704213
15.287500 0.000002489855
15.312500 0.000001788442
15.337500 0.000002290715
15.362500 0.000001305517
15.387500 0.000002565568
15.412500 0.000002500052
15.437500 0.000002070273
15.462500 0.000001666138
15.487500 0.000001841964
15.512500 0.000001587106
15.537500 0.000001237914
15.562500 0.000001708291
15.587500 0.000001007107
15.612500 0.000001529279
15.637500 0.000001407957
15.662500 0.000001549563
15.687500 0.000001684044
15.712500 0.000002385286
15.737500 0.000002315897
15.762500 0.000002176691
15.787500 0.000001922714
15.812500 0.000000964768
15.837500 0.000001381097
15.862500 0.000000904995
15.887500 0.000000816566
15.912500 0.000000794131
15.937500 0.000000887027
15.962500 0.000000738274
15.987500 0.000001092379
16.012500 0.000001413526
16.037500 0.000001588954
16.062500 0.000002147822
16.087500 0.000001885398
16.112500 0.000002094976
16.137500 0.000001228919
16.162500 0.000001492182
16.187500 0.000001124018
16.212500 0.000000973366
16.237500 0.000000952664
16.262500 0.000001100199
16.287500 0.000000979790
16.312500 0.000001057279
16.337500 0.000001194174
16.362500 0.000001474634
16.387500 0.000001148299
16.412500 0.000001571293
16.437500 0.000001057383
16.462500 0.000001037395
16.487500 0.000001084174
16.512500 0.000001328642
16.537500 0.000000895188
16.562500 0.000001165765
16.587500 0.000001148230
16.612500 0.000001086929
16.637500 0.000000657038
16.662500 0.000001123716
16.687500 0.000000767607
16.712500 0.000001008699
16.737500 0.000000998269
16.762500 0.000000873150
16.787500 0.000001021434
16.812500 0.000000952544
16.837500 0.000000999844
16.862500 0.000001127866
16.887500 0.000000975152
16.912500 0.000001268315
16.937500 0.000001016549
16.962500 0.000001071284
16.987500 0.000001340748
17.012500 0.000000864706
17.037500 0.000000995441
17.062500 0.000000913529
17.087500 0.000000682196
17.112500 0.000000659952
17.137500 0.000000759075
17.162500 0.000000697143
17.187500 0.000000655712
17.212500 0.000001025666
17.237500 0.000000813255
17.262500 0.000000902778
17.287500 0.000000853521
17.312500 0.000001006670
17.337500 0.000001051678
17.362500 0.000000716737
17.387500 0.000000956605
17.412500 0.000000954556
17.437500 0.000000785542
17.462500 0.000000990725
17.487500 0.000000871657
17.512500 0.000000940434
17.537500 0.000000831880
17.562500 0.000000741224
17.587500 0.000000744622
17.612500 0.000000675790
17.637500 0.000000809235
17.662500 0.000000726908
17.687500 0.000000849075
17.712500 0.000000933297
17.737500 0.000001053696
17.762500 0.000000749010
17.787500 0.000001073093
17.812500 0.000000905072
17.837500 0.000000975327
17.862500 0.000001067972
17.887500 0.000000684396
17.912500 0.000000969218
17.937500 0.000000745844
17.962500 0.000001016106
17.987500 0.000001362338
18.012500 0.000001798057
18.037500 0.000001786106
18.062500 0.000001992414
18.087500 0.000002946173
18.112500 0.000001816619
18.137500 0.000005507973
18.162500 0.000004785843
18.187500 0.000002317097
18.212500 0.000010731301
18.237500 0.000006164327
18.262500 0.000004913598
18.287500 0.000001519476
18.312500 0.000003232770
18.337500 0.000001782944
18.362500 0.000001552466
18.387500 0.000001648837
18.412500 0.000002280636
18.437500 0.000001229452
18.462500 0.000001195196
18.487500 0.000001359236
18.512500 0.000001868841
18.537500 0.000000964257
18.562500 0.000001414845
18.587500 0.000001266926
18.612500 0.000000776672
18.637500 0.000001195248
18.662500 0.000000814333
18.687500 0.000001293831
18.712500 0.000000759153
18.737500 0.000000798393
18.762500 0.000001137171
18.787500 0.000000892488
18.812500 0.000000816181
18.837500 0.000001002886
18.862500 0.000000945073
18.887500 0.000000899016
18.912500 0.000000968118
18.937500 0.000001062793
18.962500 0.000001123809
18.987500 0.000001188083
19.012500 0.000001105232
19.037500 0.000001729497
19.062500 0.000001034052
19.087500 0.000001544497
19.112500 0.000001747984
19.137500 0.000003255488
19.162500 0.000004498388
19.187500 0.000003905078
19.212500 0.000005451043
19.237500 0.000007481065
19.262500 0.000005917667
19.287500 0.000003983833
19.312500 0.000002252597
19.337500 0.000002175331
19.362500 0.000002060149
19.387500 0.000001327609
19.412500 0.000001468890
19.437500 0.000001723676
19.462500 0.000001392684
19.487500 0.000001108167
19.512500 0.000001199273
19.537500 0.000001327610
19.562500 0.000001282516
19.587500 0.000001053367
19.612500 0.000000846261
19.637500 0.000000922633
19.662500 0.000000948878
19.687500 0.000000924221
19.712500 0.000000932751
19.737500 0.000000934147
19.762500 0.000000834337
19.787500 0.000000859195
19.812500 0.000000851370
19.837500 0.000000747641
19.862500 0.000000790297
19.887500 0.000000769943
19.912500 0.000000850759
19.937500 0.000000827653
19.962500 0.000001224454
19.987500 0.000000939956
20.012500 0.000001288735
20.037500 0.000001060821
20.062500 0.000000906508
20.087500 0.000001054279
20.112500 0.000000729079
20.137500 0.000000966766
20.162500 0.000000857492
20.187500 0.000000872242
20.212500 0.000001219128
20.237500 0.000000894070
20.262500 0.000001086540
20.287500 0.000001058278
20.312500 0.000000808894
20.337500 0.000001115984
20.362500 0.000000646158
20.387500 0.000000860808
20.412500 0.000001185245
20.437500 0.000000852874
20.462500 0.000001000753
20.487500 0.000000993846
20.512500 0.000001009801
20.537500 0.000000919391
20.562500 0.000000853327
20.587500 0.000000863859
20.612500 0.000000863926
20.637500 0.000000689440
20.662500 0.000001128948
20.687500 0.000000734035
20.712500 0.000001102827
20.737500 0.000000839173
20.762500 0.000000788164
20.787500 0.000001009611
20.812500 0.000000709278
20.837500 0.000000757830
20.862500 0.000000689671
20.887500 0.000000662364
20.912500 0.000000725676
20.937500 0.000000748454
20.962500 0.000000800871
20.987500 0.000000934511
21.012500 0.000000999739
21.037500 0.000000839888
21.062500 0.000000899615
21.087500 0.000000782988
21.112500 0.000000912130
21.137500 0.000000741866
21.162500 0.000000975477
21.187500 0.000000839692
21.212500 0.000000915899
21.237500 0.000000769685
21.262500 0.000000866785
21.287500 0.000000842211
21.312500 0.000000784578
21.337500 0.000000991101
21.362500 0.000000992362
21.387500 0.000001045967
21.412500 0.000001037926
21.437500 0.000001092796
21.462500 0.000001135572
21.487500 0.000000921540
21.512500 0.000001185408
21.537500 0.000001379597
21.562500 0.000001598783
21.587500 0.000001359994
21.612500 0.000002542602
21.637500 0.000001993648
21.662500 0.000001308736
21.687500 0.000004019569
21.712500 0.000001145259
21.737500 0.000005711051
21.762500 0.000001081027
21.787500 0.000003914615
21.812500 0.000001038405
21.837500 0.000002220876
21.862500 0.000001238771
21.887500 0.000001585188
21.912500 0.000001825201
21.937500 0.000001170307
21.962500 0.000001462269
21.987500 0.000001055352
22.012500 0.000001197400
22.037500 0.000001087573
22.062500 0.000000980706
22.087500 0.000001108950
22.112500 0.000001199733
22.137500 0.000001184703
22.162500 0.000001200821
22.187500 0.000001007709
22.212500 0.000001076556
22.237500 0.000001257169
22.262500 0.000002173834
22.287500 0.000001343438
22.312500 0.000002278080
22.337500 0.000004322166
22.362500 0.000001910671
22.387500 0.000005102373
22.412500 0.000002859898
22.437500 0.000003361731
22.462500 0.000001997174
22.487500 0.000003166623
22.512500 0.000003526145
22.537500 0.000005236974
22.562500 0.000007578826
22.587500 0.000008280140
22.612500 0.000009115112
22.637500 0.000005288731
22.662500 0.000007601034
22.687500 0.000006078815
22.712500 0.000008724070
22.737500 0.000004151292
22.762500 0.000009486757
22.787500 0.000005821907
22.812500 0.000004500403
22.837500 0.000005962376
22.862500 0.000003619947
22.887500 0.000004209784
22.912500 0.000002431570
22.937500 0.000002727796
22.962500 0.000001626538
22.987500 0.000002088724
23.012500 0.000001900942
23.037500 0.000001729152
23.062500 0.000002575849
23.087500 0.000002425625
23.112500 0.000002155972
23.137500 0.000003322740
23.162500 0.000003830166
23.187500 0.000006230704
23.212500 0.000003858099
23.237500 0.000004835305
23.262500 0.000005510549
23.287500 0.000002745191
23.312500 0.000003122543
23.337500 0.000002732601
23.362500 0.000002143490
23.387500 0.000003014765
23.412500 0.000003401200
23.437500 0.000001676689
23.462500 0.000003517958
23.487500 0.000002929727
23.512500 0.000002439687
23.537500 0.000001343295
23.562500 0.000001600905
23.587500 0.000001589472
23.612500 0.000001074146
23.637500 0.000001098791
23.662500 0.000000960640
23.687500 0.000001176782
23.712500 0.000001074690
23.737500 0.000001205782
23.762500 0.000001097832
23.787500 0.000001036026
23.812500 0.000001100258
23.837500 0.000000858875
23.862500 0.000000872376
23.887500 0.000000885647
23.912500 0.000001096842
23.937500 0.000000837526
23.962500 0.000001051428
23.987500 0.000001119812
24.012500 0.000000861467
24.037500 0.000001041001
24.062500 0.000001331717
24.087500 0.000000924249
24.112500 0.000001076487
24.137500 0.000000773651
24.162500 0.000000841074
24.187500 0.000000870946
24.212500 0.000000970160
24.237500 0.000001268540
24.262500 0.000001259176
24.287500 0.000001037559
24.312500 0.000000737841
24.337500 0.000001192746
24.362500 0.000000988262
24.387500 0.000001168624
24.412500 0.000001044669
24.437500 0.000001108024
24.462500 0.000000729090
24.487500 0.000000697183
24.512500 0.000000803568
24.537500 0.000000851724
24.562500 0.000001430051
24.587500 0.000001272696
24.612500 0.000000874002
24.637500 0.000000853274
24.662500 0.000000793247
24.687500 0.000000795789
24.712500 0.000002119986
24.737500 0.000001644995
24.762500 0.000000707628
24.787500 0.000000816292
24.812500 0.000000783480
24.837500 0.000000730688
24.862500 0.000000551686
24.887500 0.000007787885
24.912500 0.000000728704
24.937500 0.000002782705
24.962500 0.000003679028
24.987500 0.000000679808
25.012500 0.000005886225
25.037500 0.000040181014
25.062500 0.000021737663
25.087500 0.000001144888
25.112500 0.000002239297
25.137500 0.000000821039
25.162500 0.000001029791
25.187500 0.000001042812
25.212500 0.000001097017
25.237500 0.000001142979
25.262500 0.000000836431
25.287500 0.000000981140
25.312500 0.000000918816
25.337500 0.000001852930
25.362500 0.000001117583
25.387500 0.000003059428
25.412500 0.000003813120
25.437500 0.000005911849
25.462500 0.000001173736
25.487500 0.000004393576
25.512500 0.000003192795
25.537500 0.000001837353
25.562500 0.000002283682
25.587500 0.000001833524
25.612500 0.000001154850
25.637500 0.000001920461
25.662500 0.000002657087
25.687500 0.000002592721
25.712500 0.000003774724
25.737500 0.000004681206
25.762500 0.000004698461
25.787500 0.000003974576
25.812500 0.000003859734
25.837500 0.000003499927
25.862500 0.000003354914
25.887500 0.000002578304
25.912500 0.000003212618
25.937500 0.000004049096
25.962500 0.000003241579
25.987500 0.000004947952
26.012500 0.000002560360
26.037500 0.000002983618
26.062500 0.000003294273
26.087500 0.000003153534
26.112500 0.000003570953
26.137500 0.000006927401
26.162500 0.000005597572
26.187500 0.000008116453
26.212500 0.000005916947
26.237500 0.000006418499
26.262500 0.000007344273
26.287500 0.000004763027
26.312500 0.000005340332
26.337500 0.000003094701
26.362500 0.000002466553
26.387500 0.000001868455
26.412500 0.000001455229
26.437500 0.000001219122
26.462500 0.000001268256
26.487500 0.000001323213
26.512500 0.000001117496
26.537500 0.000001155648
26.562500 0.000001037696
26.587500 0.000000939413
26.612500 0.000000929873
26.637500 0.000000863178
26.662500 0.000001016702
26.687500 0.000000801576
26.712500 0.000000711149
26.737500 0.000000958223
26.762500 0.000000909379
26.787500 0.000000864876
26.812500 0.000000795613
26.837500 0.000000882838
26.862500 0.000000867660
26.887500 0.000000903595
26.912500 0.000000993825
26.937500 0.000001220761
26.962500 0.000001241468
26.987500 0.000000845927
27.012500 0.000000899700
27.037500 0.000000866943
27.062500 0.000000813996
27.087500 0.000000934276
27.112500 0.000000920669
27.137500 0.000000874095
27.162500 0.000000881675
27.187500 0.000001037147
27.212500 0.000000805657
27.237500 0.000000842728
27.262500 0.000000831932
27.287500 0.000000705038
27.312500 0.000000727046
27.337500 0.000000742875
27.362500 0.000000695689
27.387500 0.000000855584
27.412500 0.000000901295
27.437500 0.000000851995
27.462500 0.000000743749
27.487500 0.000000676775
27.512500 0.000000772701
27.537500 0.000000723226
27.562500 0.000000727670
27.587500 0.000001044501
27.612500 0.000000920112
27.637500 0.000001005514
27.662500 0.000001109119
27.687500 0.000000895185
27.712500 0.000000961451
27.737500 0.000001211964
27.762500 0.000000939506
27.787500 0.000000879300
27.812500 0.000001132319
27.837500 0.000001057288
27.862500 0.000000772120
27.887500 0.000001189827
27.912500 0.000003324649
27.937500 0.000003060449
27.962500 0.000001222403
27.987500 0.000001946603
28.012500 0.000003557185
28.037500 0.000001676333
28.062500 0.000001705265
28.087500 0.000002941568
28.112500 0.000000703067
28.137500 0.000003222359
28.162500 0.000001029393
28.187500 0.000000717787
28.212500 0.000000648101
28.237500 0.000000660095
28.262500 0.000000860311
28.287500 0.000000799031
28.312500 0.000001136670
28.337500 0.000000806954
28.362500 0.000001053053
28.387500 0.000001606053
28.412500 0.000002965481
28.437500 0.000001692771
28.462500 0.000001789379
28.487500 0.000000960538
28.512500 0.000001251230
28.537500 0.000000973356
28.562500 0.000001303880
28.587500 0.000001305136
28.612500 0.000002387412
28.637500 0.000001859781
28.662500 0.000001868687
28.687500 0.000002391608
28.712500 0.000001278101
28.737500 0.000001390526
28.762500 0.000001294107
28.787500 0.000002203712
28.812500 0.000003303862
28.837500 0.000002148348
28.862500 0.000004647770
28.887500 0.000001009531
28.912500 0.000002026682
28.937500 0.000000802842
28.962500 0.000001077294
28.987500 0.000000925500
29.012500 0.000001009045
29.037500 0.000000858554
29.062500 0.000000771390
29.087500 0.000001229150
29.112500 0.000001154124
29.137500 0.000001122514
29.162500 0.000000920149
29.187500 0.000000990552
29.212500 0.000000565255
29.237500 0.000001350293
29.262500 0.000000538039
29.287500 0.000001222355
29.312500 0.000000548962
29.337500 0.000000878763
29.362500 0.000000644268
29.387500 0.000000628061
29.412500 0.000000965840
29.437500 0.000000818355
29.462500 0.000000925938
29.487500 0.000000759521
29.512500 0.000000624127
29.537500 0.000000787432
29.562500 0.000000768168
29.587500 0.000000748633
29.612500 0.000000849085
29.637500 0.000000823239
29.662500 0.000000643515
29.687500 0.000000767888
29.712500 0.000000517886
29.737500 0.000000705468
29.762500 0.000000588264
29.787500 0.000000759177
29.812500 0.000000641471
29.837500 0.000000727712
29.862500 0.000000686745
29.887500 0.000000582098
29.912500 0.000000672764
29.937500 0.000000576811
29.962500 0.000000454129
29.987500 0.000000520426
30.012500 0.000000573384
30.037500 0.000000586331
30.062500 0.000000547019
30.087500 0.000000584999
30.112500 0.000000547687
30.137500 0.000000608328
30.162500 0.000000444624
30.187500 0.000000527913
30.212500 0.000000441994
30.237500 0.000000606433
30.262500 0.000000688875
30.287500 0.000000584453
30.312500 0.000000655585
30.337500 0.000000596615
30.362500 0.000000534176
30.387500 0.000000595495
30.412500 0.000000539707
30.437500 0.000000589782
30.462500 0.000000610741
30.487500 0.000000562826
30.512500 0.000000602104
30.537500 0.000000722431
30.562500 0.000000696360
30.587500 0.000000661935
30.612500 0.000000710829
30.637500 0.000000618348
30.662500 0.000000665029
30.687500 0.000000697171
30.712500 0.000000756544
30.737500 0.000000852618
30.762500 0.000000909353
30.787500 0.000000993026
30.812500 0.000001252378
30.837500 0.000001129083
30.862500 0.000001139626
30.887500 0.000000955742
30.912500 0.000001204114
30.937500 0.000002558728
30.962500 0.000003364864
30.987500 0.000002090255
31.012500 0.000001749760
31.037500 0.000001688343
31.062500 0.000001371902
31.087500 0.000001868402
31.112500 0.000002188026
31.137500 0.000001628953
31.162500 0.000002615328
31.187500 0.000002222405
31.212500 0.000003840032
31.237500 0.000003577788
31.262500 0.000005993812
31.287500 0.000005178829
31.312500 0.000006863308
31.337500 0.000006420549
31.362500 0.000009532133
31.387500 0.000006710037
31.412500 0.000010130269
31.437500 0.000007641477
31.462500 0.000005814683
31.487500 0.000004004370
31.512500 0.000003610355
31.537500 0.000002646708
31.562500 0.000002475734
31.587500 0.000002412447
31.612500 0.000002159390
31.637500 0.000002493798
31.662500 0.000004438484
31.687500 0.000003668770
31.712500 0.000006739384
31.737500 0.000005279253
31.762500 0.000005661319
31.787500 0.000002616976
31.812500 0.000003131326
31.837500 0.000001034275
31.862500 0.000001653015
31.887500 0.000001371980
31.912500 0.000000926932
31.937500 0.000001052238
31.962500 0.000000917755
31.987500 0.000001028662
32.012500 0.000000772587
32.037500 0.000000930193
32.062500 0.000000646871
32.087500 0.000000722787
32.112500 0.000000793969
32.137500 0.000000716381
32.162500 0.000000584168
32.187500 0.000000650873
32.212500 0.000000453666
32.237500 0.000000605764
32.262500 0.000000562584
32.287500 0.000000668085
32.312500 0.000000679963
32.337500 0.000000937900
32.362500 0.000000648415
32.387500 0.000000932822
32.412500 0.000000381567
32.437500 0.000000631367
32.462500 0.000000405211
32.487500 0.000000511956
32.512500 0.000000529741
32.537500 0.000000486024
32.562500 0.000000451208
32.587500 0.000000392597
32.612500 0.000000350836
32.637500 0.000000367983
32.662500 0.000000460544
32.687500 0.000000447016
32.712500 0.000000648620
32.737500 0.000000508616
32.762500 0.000000793550
32.787500 0.000000574170
32.812500 0.000000533195
32.837500 0.000000407863
32.862500 0.000000556681
32.887500 0.000000460369
32.912500 0.000000567423
32.937500 0.000000531461
32.962500 0.000000695531
32.987500 0.000000679663
33.012500 0.000000592588
33.037500 0.000000714650
33.062500 0.000000491140
33.087500 0.000000837074
33.112500 0.000000374809
33.137500 0.000001710963
33.162500 0.000002376106
33.187500 0.000000683486
33.212500 0.000001723272
33.237500 0.000001017175
33.262500 0.000000497799
33.287500 0.000000777680
33.312500 0.000000552241
33.337500 0.000000619022
33.362500 0.000000604437
33.387500 0.000000748489
33.412500 0.000000762604
33.437500 0.000000887052
33.462500 0.000000747494
33.487500 0.000000818596
33.512500 0.000001262330
33.537500 0.000001305059
33.562501 0.000002092267
33.587501 0.000002196710
33.612501 0.000001228128
33.637501 0.000001430939
33.662501 0.000001153718
33.687501 0.000001070934
33.712501 0.000002132178
33.737501 0.000002674018
33.762501 0.000000564860
33.787501 0.000001268009
33.812501 0.000000612067
33.837501 0.000000690128
33.862501 0.000000693523
33.887501 0.000000723871
33.912501 0.000000565161
33.937501 0.000000591881
33.962501 0.000000782393
33.987501 0.000000466838
34.012501 0.000000811262
34.037501 0.000000677763
34.062501 0.000000771501
34.087501 0.000000636108
34.112501 0.000000395280
34.137501 0.000000415282
34.162501 0.000000364606
34.187501 0.000000598330
34.212501 0.000000508839
34.237501 0.000000583620
34.262501 0.000000422589
34.287501 0.000000440786
34.312501 0.000000320451
34.337501 0.000000380263
34.362501 0.000000328273
34.387501 0.000000396999
34.412501 0.000000486944
34.437501 0.000000362852
34.462501 0.000000437067
34.487501 0.000000307146
34.512501 0.000000506198
34.537501 0.000000416975
34.562501 0.000000216676
34.587501 0.000000276265
34.612501 0.000000400479
34.637501 0.000000496018
34.662501 0.000000540885
34.687501 0.000000346181
34.712501 0.000000343033
34.737501 0.000000831845
34.762501 0.000000656226
34.787501 0.000000297418
34.812501 0.000000420593
34.837501 0.000000762796
34.862501 0.000001065888
34.887501 0.000000558711
34.912501 0.000000664757
34.937501 0.000000554181
34.962501 0.000001548444
34.987501 0.000000966535
35.012501 0.000000413673
35.037501 0.000000435801
35.062501 0.000001290053
35.087501 0.000002060973
35.112501 0.000000549995
35.137501 0.000000539312
35.162501 0.000000691148
35.187501 0.000003920147
35.212501 0.000002445079
35.237501 0.000000863860
35.262501 0.000001052920
35.287501 0.000000860987
35.312501 0.000014377200
35.337501 0.000002808822
35.362501 0.000003592856
35.387501 0.000005813602
35.412501 0.000061077227
35.437501 0.000005152287
35.462501 0.000001716579
35.487501 0.000000922965
35.512501 0.000000815575
35.537501 0.000000997069
35.562501 0.000001390777
35.587501 0.000000674195
35.612501 0.000001389509
35.637501 0.000001673626
35.662501 0.000003047538
35.687501 0.000003904320
35.712501 0.000006385130
35.737501 0.000003872972
35.762501 0.000003031917
35.787501 0.000001276158
35.812501 0.000000605345
35.837501 0.000000330810
35.862501 0.000000734420
35.887501 0.000000363269
35.912501 0.000000283184
35.937501 0.000000258604
35.962501 0.000000447053
35.987501 0.000000319564
36.012501 0.000000406171
36.037501 0.000000349875
36.062501 0.000000490428
36.087501 0.000000339093
36.112501 0.000000248819
36.137501 0.000000213812
36.162501 0.000000293258
36.187501 0.000000272933
36.212501 0.000000432632
36.237501 0.000000371285
36.262501 0.000000907023
36.287501 0.000000228025
36.312501 0.000000647945
36.337501 0.000000166901
36.362501 0.000000388637
36.387501 0.000000176055
36.412501 0.000000306318
36.437501 0.000000245534
36.462501 0.000000279927
36.487501 0.000000223313
36.512501 0.000000164939
36.537501 0.000000202528
36.562501 0.000000231326
36.587501 0.000000246617
36.612501 0.000000270809
36.637501 0.000000440966
36.662501 0.000000397740
36.687501 0.000000305333
36.712501 0.000000187457
36.737501 0.000000171573
36.762501 0.000000301216
36.787501 0.000000192658
36.812501 0.000000270987
36.837501 0.000000124108
36.862501 0.000000232569
36.887501 0.000000219576
36.912501 0.000000214844
36.937501 0.000000154094
36.962501 0.000000309762
36.987501 0.000000289929
37.012501 0.000000423775
37.037501 0.000000139897
37.062501 0.000000400797
37.087501 0.000000246088
37.112501 0.000000299020
37.137501 0.000000217994
37.162501 0.000000244844
37.187501 0.000000286582
37.212501 0.000000392625
37.237501 0.000000400914
37.262501 0.000000629808
37.287501 0.000000407271
37.312501 0.000000722282
37.337501 0.000000382333
37.362501 0.000000404086
37.387501 0.000000686922
37.412501 0.000000968756
37.437501 0.000000413182
37.462501 0.000000334154
37.487501 0.000000389593
37.512501 0.000002636337
37.537501 0.000003054014
37.562501 0.000000824251
37.587501 0.000000582442
37.612501 0.000000328437
37.637501 0.000002711484
37.662501 0.000002835865
37.687501 0.000000675003
37.712501 0.000000211937
37.737501 0.000000342004
37.762501 0.000000283604
37.787501 0.000000327203
37.812501 0.000000294231
37.837501 0.000000230350
37.862501 0.000000083016
37.887501 0.000000215836
37.912501 0.000000172251
37.937501 0.000000233311
37.962501 0.000000149569
37.987501 0.000000120237
38.012501 0.000000129491
38.037501 0.000000124499
38.062501 0.000000217725
38.087501 0.000000159305
38.112501 0.000000275313
38.137501 0.000000141830
38.162501 0.000000149477
38.187501 0.000000206243
38.212501 0.000000301637
38.237501 0.000000182824
38.262501 0.000000609227
38.287501 0.000000426856
38.312501 0.000000263760
38.337501 0.000000228534
38.362501 0.000000110640
38.387501 0.000000202803
38.412501 0.000000137324
38.437501 0.000000254046
38.462501 0.000000101983
38.487501 0.000000253895
38.512501 0.000000110910
38.537501 0.000000355752
38.562501 0.000000113534
38.587501 0.000000764986
38.612501 0.000000092788
38.637501 0.000001086632
38.662501 0.000000047540
38.687501 0.000000668227
38.712501 0.000000258333
38.737501 0.000000375336
38.762501 0.000000084597
38.787501 0.000000204515
38.812501 0.000000096482
38.837501 0.000000091875
38.862501 0.000000107200
38.887501 0.000000103410
38.912501 0.000000067181
38.937501 0.000000078956
38.962501 0.000000045451
38.987501 0.000000060599
39.012501 0.000000099227
39.037501 0.000000064448
39.062501 0.000000096459
39.087501 0.000000054769
39.112501 0.000000126955
39.137501 0.000000104784
39.162501 0.000000067662
39.187501 0.000000124013
39.212501 0.000000091848
39.237501 0.000000102351
39.262501 0.000000112580
39.287501 0.000000098258
39.312501 0.000000134459
39.337501 0.000000124000
39.362501 0.000000097185
39.387501 0.000000047290
39.412501 0.000000069763
39.437501 0.000000074196
39.462501 0.000000112515
39.487501 0.000000128336
39.512501 0.000000212060
39.537501 0.000000141541
39.562501 0.000000124429
39.587501 0.000000144572
39.612501 0.000000076101
39.637501 0.000000155639
39.662501 0.000000086035
39.687501 0.000000052719
39.712501 0.000000070166
39.737501 0.000000026511
39.762501 0.000000086093
39.787501 0.000000058045
39.812501 0.000000071305
39.837501 0.000000061004
39.862501 0.000000106831
39.887501 0.000000041556
39.912501 0.000000110878
39.937501 0.000000071062
39.962501 0.000000044647
39.987501 0.000000060096
