0.000000 1.000000000000
0.087500 0.405264272343
0.112500 0.164276283158
0.137500 0.066598629388
0.162500 0.000000028842
0.187500 0.000000003219
0.212500 0.000000000864
0.237500 0.019062551241
0.262500 0.013611704271
0.287500 0.000000003234
0.312500 0.000000134147
0.337500 0.000429469607
0.362500 0.000063655866
0.387500 0.002287786612
0.412500 0.003053877348
0.437500 0.000000002227
0.462500 0.000222987797
0.487500 0.000031473926
0.512500 0.000001142727
0.537500 0.000683997405
0.562500 0.000937050716
0.587500 0.000114128343
0.612500 0.000063062438
0.637500 0.000000597779
0.662500 0.000006186955
0.687500 0.000232646380
0.712500 0.000003621160
0.737500 0.000351916398
0.762500 0.000022132149
0.787500 0.000009895814
0.812500 0.000003972598
0.837500 0.000092194245
0.862500 0.000005571567
0.887500 0.000168774699
0.912500 0.000020364217
0.937500 0.000011014896
0.962500 0.000001950519
0.987500 0.000057606598
1.012500 0.000004515637
1.037500 0.000001585358
1.062500 0.000083814544
1.087500 0.000006385423
1.112500 0.000001441270
1.137500 0.000034498338
1.162500 0.000002218929
1.187500 0.000000590663
1.212500 0.000058438255
1.237500 0.000003907247
1.262500 0.000000508434
1.287500 0.000020845281
1.312500 0.000002722418
1.337500 0.000000890196
1.362500 0.000000800294
1.387500 0.000031261756
1.412500 0.000002497303
1.437500 0.000008100387
1.462500 0.000006217579
1.487500 0.000000715605
1.512500 0.000000398988
1.537500 0.000022392496
1.562500 0.000001724888
1.587500 0.000000669402
1.612500 0.000009034433
1.637500 0.000000378755
1.662500 0.000000304880
1.687500 0.000000187708
1.712500 0.000015690050
1.737500 0.000000359446
1.762500 0.000006884803
1.787500 0.000000327210
1.812500 0.000000225869
1.837500 0.000000254815
1.862500 0.000010330442
1.887500 0.000000756600
1.912500 0.000004753979
1.937500 0.000000246601
1.962500 0.000000237174
1.987500 0.000000165564
2.012500 0.000000165881
2.037500 0.000007675680
2.062500 0.000003568299
2.087500 0.000000215518
2.112500 0.000000228024
2.137500 0.000000174962
2.162500 0.000000103319
2.187500 0.000005497843
2.212500 0.000002852515
2.237500 0.000000449616
2.262500 0.000000203396
2.287500 0.000000140326
2.312500 0.000000142265
2.337500 0.000000145380
2.362500 0.000005983931
2.387500 0.000000365910
2.412500 0.000000156451
2.437500 0.000000179892
2.462500 0.000000174008
2.487500 0.000000146721
2.512500 0.000004876876
2.537500 0.000000460656
2.562500 0.000000214781
2.587500 0.000000214532
2.612500 0.000000164328
2.637500 0.000000135402
2.662500 0.000001270136
2.687500 0.000002931043
2.712500 0.000000245977
2.737500 0.000000226020
2.762500 0.000000159651
2.787500 0.000000174536
2.812500 0.000001114912
2.837500 0.000002009774
2.862500 0.000000369067
2.887500 0.000000200785
2.912500 0.000000177567
2.937500 0.000000179596
2.962500 0.000000538714
2.987500 0.000000569117
3.012500 0.000001816801
3.037500 0.000000219022
3.062500 0.000000211091
3.087500 0.000000188264
3.112500 0.000000168276
3.137500 0.000000847243
3.162500 0.000001438093
3.187500 0.000000346042
3.212500 0.000000242863
3.237500 0.000000213198
3.262500 0.000000320244
3.287500 0.000000759468
3.312500 0.000000262702
3.337500 0.000001294356
3.362500 0.000000277060
3.387500 0.000000251203
3.412500 0.000000266086
3.437500 0.000000658147
3.462500 0.000000278041
3.487500 0.000001117766
3.512500 0.000000286212
3.537500 0.000000304206
3.562500 0.000000245117
3.587500 0.000000556288
3.612500 0.000000308901
3.637500 0.000000247813
3.662500 0.000000958162
3.687500 0.000000293520
3.712500 0.000000252834
3.737500 0.000000580135
3.762500 0.000000315008
3.787500 0.000000247521
3.812500 0.000000868388
3.837500 0.000000357843
3.862500 0.000000300828
3.887500 0.000000561315
3.912500 0.000000345668
3.937500 0.000000277548
3.962500 0.000000298648
3.987500 0.000000770761
4.012500 0.000000350174
4.037500 0.000000546496
4.062500 0.000000326687
4.087500 0.000000311058
4.112500 0.000000344389
4.137500 0.000000721631
4.162500 0.000000346879
4.187500 0.000000536947
4.212500 0.000000367452
4.237500 0.000000312320
4.262500 0.000000331024
4.287500 0.000000331175
4.312500 0.000000693785
4.337500 0.000000524585
4.362500 0.000000360616
4.387500 0.000000342319
4.412500 0.000000354418
4.437500 0.000000371053
4.462500 0.000000656742
4.487500 0.000000418406
4.512500 0.000000515732
4.537500 0.000000446801
4.562500 0.000000373864
4.587500 0.000000403625
4.612500 0.000000431514
4.637500 0.000000622323
4.662500 0.000000566302
4.687500 0.000000362475
4.712500 0.000000369015
4.737500 0.000000361416
4.762500 0.000000375470
4.787500 0.000000576039
4.812500 0.000000508015
4.837500 0.000000391807
4.862500 0.000000389389
4.887500 0.000000397658
4.912500 0.000000393448
4.937500 0.000000387994
4.962500 0.000000724961
4.987500 0.000000419704
5.012500 0.000000454558
5.037500 0.000000425760
5.062500 0.000000445237
5.087500 0.000000452651
5.112500 0.000000682841
5.137500 0.000000466362
5.162500 0.000000449636
5.187500 0.000000453678
5.212500 0.000000448612
5.237500 0.000000442835
5.262500 0.000000565064
5.287500 0.000000578896
5.312500 0.000000459628
5.337500 0.000000435740
5.362500 0.000000458406
5.387500 0.000000468619
5.412500 0.000000526527
5.437500 0.000000588507
5.462500 0.000000468992
5.487500 0.000000492503
5.512500 0.000000464076
5.537500 0.000000493481
5.562500 0.000000560669
5.587500 0.000000496397
5.612500 0.000000621890
5.637500 0.000000512172
5.662500 0.000000531446
5.687500 0.000000510249
5.712500 0.000000575673
5.737500 0.000000524706
5.762500 0.000000605613
5.787500 0.000000547098
5.812500 0.000000525256
5.837500 0.000000512054
5.862500 0.000000544981
5.887500 0.000000529703
5.912500 0.000000546526
5.937500 0.000000627611
5.962500 0.000000550138
5.987500 0.000000581349
6.012500 0.000000563426
6.037500 0.000000609709
6.062500 0.000000597521
6.087500 0.000000641959
6.112500 0.000000593024
6.137500 0.000000562491
6.162500 0.000000575784
6.187500 0.000000639218
6.212500 0.000000604122
6.237500 0.000000597339
6.262500 0.000000673234
6.287500 0.000000621965
6.312500 0.000000636945
6.337500 0.000000684204
6.362500 0.000000634853
6.387500 0.000000655640
6.412500 0.000000741223
6.437500 0.000000688849
6.462500 0.000000661684
6.487500 0.000000693525
6.512500 0.000000675598
6.537500 0.000000685085
6.562500 0.000000698054
6.587500 0.000000743346
6.612500 0.000000679738
6.637500 0.000000716773
6.662500 0.000000731192
6.687500 0.000000703750
6.712500 0.000000745890
6.737500 0.000000791757
6.762500 0.000000735839
6.787500 0.000000734968
6.812500 0.000001055725
6.837500 0.000001288949
6.862500 0.000000806445
6.887500 0.000001555312
6.912500 0.000002194600
6.937500 0.000001114416
6.962500 0.000001277067
6.987500 0.000001345785
7.012500 0.000001005280
7.037500 0.000000809622
7.062500 0.000000823988
7.087500 0.000000825259
7.112500 0.000000847027
7.137500 0.000000797218
7.162500 0.000000794785
7.187500 0.000000810794
7.212500 0.000000787518
7.237500 0.000000856994
7.262500 0.000000812948
7.287500 0.000000777421
7.312500 0.000000807031
7.337500 0.000000756713
7.362500 0.000000786383
7.387500 0.000000868151
7.412500 0.000000789101
7.437500 0.000000815554
7.462500 0.000000833778
7.487500 0.000000865479
7.512500 0.000000837089
7.537500 0.000000880807
7.562500 0.000000916608
7.587500 0.000000855732
7.612500 0.000000894127
7.637500 0.000000933893
7.662500 0.000000844525
7.687500 0.000000855022
7.712500 0.000000905774
7.737500 0.000000846404
7.762500 0.000000857559
7.787500 0.000000857288
7.812500 0.000000865708
7.837500 0.000000862231
7.862500 0.000000878344
7.887500 0.000000905228
7.912500 0.000000870895
7.937500 0.000000921377
7.962500 0.000000876623
7.987500 0.000000904133
8.012500 0.000000923655
8.037500 0.000000872712
8.062500 0.000000900377
8.087500 0.000000899644
8.112500 0.000000902185
8.137500 0.000000872822
8.162500 0.000000905724
8.187500 0.000000908599
8.212500 0.000000929944
8.237500 0.000000917723
8.262500 0.000000939576
8.287500 0.000000917329
8.312500 0.000000965725
8.337500 0.000000940502
8.362500 0.000000942198
8.387500 0.000000959216
8.412500 0.000000932547
8.437500 0.000000943418
8.462500 0.000000960549
8.487500 0.000000951441
8.512500 0.000000950404
8.537500 0.000001002290
8.562500 0.000000971965
8.587500 0.000000997186
8.612500 0.000000960925
8.637500 0.000000970049
8.662500 0.000000981040
8.687500 0.000000960704
8.712500 0.000000992464
8.737500 0.000000968044
8.762500 0.000000992590
8.787500 0.000000996611
8.812500 0.000001008232
8.837500 0.000001003685
8.862500 0.000001037392
8.887500 0.000001012383
8.912500 0.000001053079
8.937500 0.000000986669
8.962500 0.000000983189
8.987500 0.000001015029
9.012500 0.000001015054
9.037500 0.000001013265
9.062500 0.000001029586
9.087500 0.000001043355
9.112500 0.000001050865
9.137500 0.000001075766
9.162500 0.000001039225
9.187500 0.000001102712
9.212500 0.000001064027
9.237500 0.000001086666
9.262500 0.000001078970
9.287500 0.000001093745
9.312500 0.000001079561
9.337500 0.000001115140
9.362500 0.000001184627
9.387500 0.000001128451
9.412500 0.000001153363
9.437500 0.000001337160
9.462500 0.000001205154
9.487500 0.000001106999
9.512500 0.000001183375
9.537500 0.000001161668
9.562500 0.000001112673
9.587500 0.000001127259
9.612500 0.000001137448
9.637500 0.000001132612
9.662500 0.000001145567
9.687500 0.000001180527
9.712500 0.000001145862
9.737500 0.000001154733
9.762500 0.000001145828
9.787500 0.000001172019
9.812500 0.000001148680
9.837500 0.000001169311
9.862500 0.000001151355
9.887500 0.000001147886
9.912500 0.000001188440
9.937500 0.000001150992
9.962500 0.000001172420
9.987500 0.000001193667
10.012500 0.000001171062
10.037500 0.000001195062
10.062500 0.000001199540
10.087500 0.000001189706
10.112500 0.000001179975
10.137500 0.000001205005
10.162500 0.000001204748
10.187500 0.000001331934
10.212500 0.000001549232
10.237500 0.000001324520
10.262500 0.000001452062
10.287500 0.000001795088
10.312500 0.000001440598
10.337500 0.000001283686
10.362500 0.000001403567
10.387500 0.000001295531
10.412500 0.000001222527
10.437500 0.000001257646
10.462500 0.000001250038
10.487500 0.000001307629
10.512500 0.000001238540
10.537500 0.000001339240
10.562500 0.000001232712
10.587500 0.000001291200
10.612500 0.000001272454
10.637500 0.000001276555
10.662500 0.000001250230
10.687500 0.000001262095
10.712500 0.000001275802
10.737500 0.000001256885
10.762500 0.000001272966
10.787500 0.000001261578
10.812500 0.000001275721
10.837500 0.000001273901
10.862500 0.000001265653
10.887500 0.000001278475
10.912500 0.000001289659
10.937500 0.000001280943
10.962500 0.000001269036
10.987500 0.000001285589
11.012500 0.000001286748
11.037500 0.000001331354
11.062500 0.000001363747
11.087500 0.000001318262
11.112500 0.000001320343
11.137500 0.000001324420
11.162500 0.000001315659
11.187500 0.000001429181
11.212500 0.000001441222
11.237500 0.000001457663
11.262500 0.000001414671
11.287500 0.000001379792
11.312500 0.000001429741
11.337500 0.000001367271
11.362500 0.000001395149
11.387500 0.000001356136
11.412500 0.000001330692
11.437500 0.000001386313
11.462500 0.000001386260
11.487500 0.000001363539
11.512500 0.000001572978
11.537500 0.000001424564
11.562500 0.000001360382
11.587500 0.000001463155
11.612500 0.000001406565
11.637500 0.000001344938
11.662500 0.000001496472
11.687500 0.000001391656
11.712500 0.000001372565
11.737500 0.000001470414
11.762500 0.000001449540
11.787500 0.000001398727
11.812500 0.000001514896
11.837500 0.000001456599
11.862500 0.000001522025
11.887500 0.000001593929
11.912500 0.000001589710
11.937500 0.000001601882
11.962500 0.000001760519
11.987500 0.000002253576
12.012500 0.000001526753
12.037500 0.000001587219
12.062500 0.000001495353
12.087500 0.000001484930
12.112500 0.000001439113
12.137500 0.000005509029
12.162500 0.000001663698
12.187500 0.000001450717
12.212500 0.000010806461
12.237500 0.000001629195
12.262500 0.000001486464
12.287500 0.000005465289
12.312500 0.000001932180
12.337500 0.000001702898
12.362500 0.000001653163
12.387500 0.000001510320
12.412500 0.000001759688
12.437500 0.000003653335
12.462500 0.000005396835
12.487500 0.000003676647
12.512500 0.000005563223
12.537500 0.000011721898
12.562500 0.000005943418
12.587500 0.000001852607
12.612500 0.000007643781
12.637500 0.000003282775
12.662500 0.000002080940
12.687500 0.000001718425
12.712500 0.000001627724
12.737500 0.000001649478
12.762500 0.000001740871
12.787500 0.000002025446
12.812500 0.000005154965
12.837500 0.000001670041
12.862500 0.000001587614
12.887500 0.000009931938
12.912500 0.000001769098
12.937500 0.000001742743
12.962500 0.000005150855
12.987500 0.000001693903
13.012500 0.000001805025
13.037500 0.000001740773
13.062500 0.000001640887
13.087500 0.000001710484
13.112500 0.000002043838
13.137500 0.000001579777
13.162500 0.000002117754
13.187500 0.000001828638
13.212500 0.000001665893
13.237500 0.000001756682
13.262500 0.000001993620
13.287500 0.000001731789
13.312500 0.000003156251
13.337500 0.000005194038
13.362500 0.000003526978
13.387500 0.000005288049
13.412500 0.000010300296
13.437500 0.000005488819
13.462500 0.000003584381
13.487500 0.000005119896
13.512500 0.000003371668
13.537500 0.000001835456
13.562500 0.000002078650
13.587500 0.000001961047
13.612500 0.000001768114
13.637500 0.000003006252
13.662500 0.000001980286
13.687500 0.000002664086
13.712500 0.000002914377
13.737500 0.000005206596
13.762500 0.000003725878
13.787500 0.000008786151
13.812500 0.000002953271
13.837500 0.000006773639
13.862500 0.000008160586
13.887500 0.000006633772
13.912500 0.000004690392
13.937500 0.000008795096
13.962500 0.000004670416
13.987500 0.000004230725
14.012500 0.000005142336
14.037500 0.000003395659
14.062500 0.000003183633
14.087500 0.000002509672
14.112500 0.000003270477
14.137500 0.000003155648
14.162500 0.000004213647
14.187500 0.000004314033
14.212500 0.000004562116
14.237500 0.000004880991
14.262500 0.000004271581
14.287500 0.000002444066
14.312500 0.000002457678
14.337500 0.000002951004
14.362500 0.000003382923
14.387500 0.000002127275
14.412500 0.000004105852
14.437500 0.000005650729
14.462500 0.000002626915
14.487500 0.000003450241
14.512500 0.000003660035
14.537500 0.000002627904
14.562500 0.000002153868
14.587500 0.000002000243
14.612500 0.000002495825
14.637500 0.000003788975
14.662500 0.000003207437
14.687500 0.000004701224
14.712500 0.000006172392
14.737500 0.000007109328
14.762500 0.000007257811
14.787500 0.000004902706
14.812500 0.000007768590
14.837500 0.000004537629
14.862500 0.000003425979
14.887500 0.000002597622
14.912500 0.000002703841
14.937500 0.000002257447
14.962500 0.000002109602
14.987500 0.000002488365
15.012500 0.000002618675
15.037500 0.000003244167
15.062500 0.000003115901
15.087500 0.000003796146
15.112500 0.000003121047
15.137500 0.000002875570
15.162500 0.000002296421
15.187500 0.000002090951
15.212500 0.000001959879
15.237500 0.000002057288
15.262500 0.000001749072
15.287500 0.000002179566
15.312500 0.000002003717
15.337500 0.000001843699
15.362500 0.000001746525
15.387500 0.000001847252
15.412500 0.000001716321
15.437500 0.000001698746
15.462500 0.000001679471
15.487500 0.000001656804
15.512500 0.000001659252
15.537500 0.000001639590
15.562500 0.000001712777
15.587500 0.000001593688
15.612500 0.000001744588
15.637500 0.000001749775
15.662500 0.000001657848
15.687500 0.000001679430
15.712500 0.000001855031
15.737500 0.000001800916
15.762500 0.000001829800
15.787500 0.000001658832
15.812500 0.000001947383
15.837500 0.000002007644
15.862500 0.000001952682
15.887500 0.000001799917
15.912500 0.000001865388
15.937500 0.000001831009
15.962500 0.000001898885
15.987500 0.000001719279
16.012500 0.000001806070
16.037500 0.000001637390
16.062500 0.000001625553
16.087500 0.000001592936
16.112500 0.000001581005
16.137500 0.000001579254
16.162500 0.000001557075
16.187500 0.000001586992
16.212500 0.000001600699
16.237500 0.000001570644
16.262500 0.000001639810
16.287500 0.000001573637
16.312500 0.000001602740
16.337500 0.000001622902
16.362500 0.000001587181
16.387500 0.000001625389
16.412500 0.000001611626
16.437500 0.000001801396
16.462500 0.000001678382
16.487500 0.000001909642
16.512500 0.000001808726
16.537500 0.000001724480
16.562500 0.000001751839
16.587500 0.000001723577
16.612500 0.000001690141
16.637500 0.000001643976
16.662500 0.000001695807
16.687500 0.000001710239
16.712500 0.000001666274
16.737500 0.000001668321
16.762500 0.000001705550
16.787500 0.000001734444
16.812500 0.000001708266
16.837500 0.000001671737
16.862500 0.000001850001
16.887500 0.000001728800
16.912500 0.000001652491
16.937500 0.000001730360
16.962500 0.000001647657
16.987500 0.000001574946
17.012500 0.000001579646
17.037500 0.000001586526
17.062500 0.000001588410
17.087500 0.000001572444
17.112500 0.000001545454
17.137500 0.000001598956
17.162500 0.000001541092
17.187500 0.000001590481
17.212500 0.000001579964
17.237500 0.000001577391
17.262500 0.000001575085
17.287500 0.000001597464
17.312500 0.000001606775
17.337500 0.000001580400
17.362500 0.000001657823
17.387500 0.000001615942
17.412500 0.000001616312
17.437500 0.000001614790
17.462500 0.000001602243
17.487500 0.000001545479
17.512500 0.000001552062
17.537500 0.000001551586
17.562500 0.000001551570
17.587500 0.000001615500
17.612500 0.000001558493
17.637500 0.000001588386
17.662500 0.000001664052
17.687500 0.000001639029
17.712500 0.000001604547
17.737500 0.000001683624
17.762500 0.000001624076
17.787500 0.000001583845
17.812500 0.000001590748
17.837500 0.000001597279
17.862500 0.000001647377
17.887500 0.000001572012
17.912500 0.000001775304
17.937500 0.000001547361
17.962500 0.000001813493
17.987500 0.000001830592
18.012500 0.000001749889
18.037500 0.000001606352
18.062500 0.000001732182
18.087500 0.000002265961
18.112500 0.000001523262
18.137500 0.000003436218
18.162500 0.000003336990
18.187500 0.000002307638
18.212500 0.000006033211
18.237500 0.000004044433
18.262500 0.000003439275
18.287500 0.000001578109
18.312500 0.000002289218
18.337500 0.000001771435
18.362500 0.000001662629
18.387500 0.000001672506
18.412500 0.000001908624
18.437500 0.000001783260
18.462500 0.000001640493
18.487500 0.000001785929
18.512500 0.000001760592
18.537500 0.000001661271
18.562500 0.000001630581
18.587500 0.000001647280
18.612500 0.000001577203
18.637500 0.000001584292
18.662500 0.000001536024
18.687500 0.000001612484
18.712500 0.000001553961
18.737500 0.000001572043
18.762500 0.000001614908
18.787500 0.000001565815
18.812500 0.000001540791
18.837500 0.000001589597
18.862500 0.000001559487
18.887500 0.000001589479
18.912500 0.000001589093
18.937500 0.000001566105
18.962500 0.000001615708
18.987500 0.000001632661
19.012500 0.000001693773
19.037500 0.000001642363
19.062500 0.000001738300
19.087500 0.000001988165
19.112500 0.000002010484
19.137500 0.000002708336
19.162500 0.000003490083
19.187500 0.000004225813
19.212500 0.000003013078
19.237500 0.000002739937
19.262500 0.000002893645
19.287500 0.000002029106
19.312500 0.000002021751
19.337500 0.000001814204
19.362500 0.000001689765
19.387500 0.000001743075
19.412500 0.000001657502
19.437500 0.000001687403
19.462500 0.000001688690
19.487500 0.000001657372
19.512500 0.000001641647
19.537500 0.000001624882
19.562500 0.000001630083
19.587500 0.000001550658
19.612500 0.000001545147
19.637500 0.000001563099
19.662500 0.000001535560
19.687500 0.000001524386
19.712500 0.000001530293
19.737500 0.000001498610
19.762500 0.000001537377
19.787500 0.000001530440
19.812500 0.000001535004
19.837500 0.000001639759
19.862500 0.000001524589
19.887500 0.000001680357
19.912500 0.000001573477
19.937500 0.000001568897
19.962500 0.000001562822
19.987500 0.000001482677
20.012500 0.000001521642
20.037500 0.000001492421
20.062500 0.000001500406
20.087500 0.000001513158
20.112500 0.000001475336
20.137500 0.000001574706
20.162500 0.000001475369
20.187500 0.000001519106
20.212500 0.000001499508
20.237500 0.000001497490
20.262500 0.000001597800
20.287500 0.000001530339
20.312500 0.000001677711
20.337500 0.000001580726
20.362500 0.000001564505
20.387500 0.000001578863
20.412500 0.000001495352
20.437500 0.000001511256
20.462500 0.000001503408
20.487500 0.000001542661
20.512500 0.000001481360
20.537500 0.000001496739
20.562500 0.000001516187
20.587500 0.000001503300
20.612500 0.000001487363
20.637500 0.000001498529
20.662500 0.000001512046
20.687500 0.000001478872
20.712500 0.000001484198
20.737500 0.000001475920
20.762500 0.000001501969
20.787500 0.000001489903
20.812500 0.000001504125
20.837500 0.000001488746
20.862500 0.000001483396
20.887500 0.000001510465
20.912500 0.000001474246
20.937500 0.000001476388
20.962500 0.000001469130
20.987500 0.000001526569
21.012500 0.000001519911
21.037500 0.000001521050
21.062500 0.000001527445
21.087500 0.000001534990
21.112500 0.000001503247
21.137500 0.000001530131
21.162500 0.000001492603
21.187500 0.000001509669
21.212500 0.000001538554
21.237500 0.000001485187
21.262500 0.000001460322
21.287500 0.000001508136
21.312500 0.000001500372
21.337500 0.000001486557
21.362500 0.000001492747
21.387500 0.000001500609
21.412500 0.000001467942
21.437500 0.000001522612
21.462500 0.000001531558
21.487500 0.000001549196
21.512500 0.000001587417
21.537500 0.000001613284
21.562500 0.000001716991
21.587500 0.000001628650
21.612500 0.000001855597
21.637500 0.000001573389
21.662500 0.000001528058
21.687500 0.000002731899
21.712500 0.000001493375
21.737500 0.000003549397
21.762500 0.000001463915
21.787500 0.000002799951
21.812500 0.000001497851
21.837500 0.000001812626
21.862500 0.000001523649
21.887500 0.000001545413
21.912500 0.000001679630
21.937500 0.000001565639
21.962500 0.000001680213
21.987500 0.000001522234
22.012500 0.000001565447
22.037500 0.000001492283
22.062500 0.000001597177
22.087500 0.000001505676
22.112500 0.000001565506
22.137500 0.000001654359
22.162500 0.000001739666
22.187500 0.000002138643
22.212500 0.000002192304
22.237500 0.000001745540
22.262500 0.000003069033
22.287500 0.000001913648
22.312500 0.000002193215
22.337500 0.000002166385
22.362500 0.000001807421
22.387500 0.000001885481
22.412500 0.000001836456
22.437500 0.000002521350
22.462500 0.000002679433
22.487500 0.000003323343
22.512500 0.000002712005
22.537500 0.000002913293
22.562500 0.000003786882
22.587500 0.000002893105
22.612500 0.000003031326
22.637500 0.000004176797
22.662500 0.000002254294
22.687500 0.000003413305
22.712500 0.000003526235
22.737500 0.000002968221
22.762500 0.000004409434
22.787500 0.000002412062
22.812500 0.000003631973
22.837500 0.000003213810
22.862500 0.000002614912
22.887500 0.000003349688
22.912500 0.000002538569
22.937500 0.000002561182
22.962500 0.000001982773
22.987500 0.000002119649
23.012500 0.000001777345
23.037500 0.000001655295
23.062500 0.000001797385
23.087500 0.000001803378
23.112500 0.000001738995
23.137500 0.000002043804
23.162500 0.000001985878
23.187500 0.000003100380
23.212500 0.000002657154
23.237500 0.000003886906
23.262500 0.000002628574
23.287500 0.000002554588
23.312500 0.000002792860
23.337500 0.000001847564
23.362500 0.000001818176
23.387500 0.000001960815
23.412500 0.000002057757
23.437500 0.000002381270
23.462500 0.000001567208
23.487500 0.000002631090
23.512500 0.000002331906
23.537500 0.000002059534
23.562500 0.000002000488
23.587500 0.000001811941
23.612500 0.000001716907
23.637500 0.000001777630
23.662500 0.000001521774
23.687500 0.000001540968
23.712500 0.000001465368
23.737500 0.000001575587
23.762500 0.000001450671
23.787500 0.000001504678
23.812500 0.000001412118
23.837500 0.000001407491
23.862500 0.000001408432
23.887500 0.000001463687
23.912500 0.000001650081
23.937500 0.000001430674
23.962500 0.000001622401
23.987500 0.000001468614
24.012500 0.000001431280
24.037500 0.000001404923
24.062500 0.000001651026
24.087500 0.000001414311
24.112500 0.000001506359
24.137500 0.000001433240
24.162500 0.000001381105
24.187500 0.000001404678
24.212500 0.000001379644
24.237500 0.000001712105
24.262500 0.000001552456
24.287500 0.000001419260
24.312500 0.000001426204
24.337500 0.000001422199
24.362500 0.000001431066
24.387500 0.000001909732
24.412500 0.000001638014
24.437500 0.000001439784
24.462500 0.000001390686
24.487500 0.000001417598
24.512500 0.000001410565
24.537500 0.000001425584
24.562500 0.000002543132
24.587500 0.000001520000
24.612500 0.000001453513
24.637500 0.000001567371
24.662500 0.000001467241
24.687500 0.000001524778
24.712500 0.000003686837
24.737500 0.000001499660
24.762500 0.000001471523
24.787500 0.000001508371
24.812500 0.000001489256
24.837500 0.000001418985
24.862500 0.000003407752
24.887500 0.000005997135
24.912500 0.000001434139
24.937500 0.000002423275
24.962500 0.000002872276
24.987500 0.000001393682
25.012500 0.000021841247
25.037500 0.000038911015
25.062500 0.000003281003
25.087500 0.000001652445
25.112500 0.000002057572
25.137500 0.000001491633
25.162500 0.000001502248
25.187500 0.000001567048
25.212500 0.000001665049
25.237500 0.000001607589
25.262500 0.000001626753
25.287500 0.000001539376
25.312500 0.000001467275
25.337500 0.000002017158
25.362500 0.000001504430
25.387500 0.000002568653
25.412500 0.000002918595
25.437500 0.000003930987
25.462500 0.000001670736
25.487500 0.000002999967
25.512500 0.000002638141
25.537500 0.000001685439
25.562500 0.000002110906
25.587500 0.000001610310
25.612500 0.000001758634
25.637500 0.000001916564
25.662500 0.000002403913
25.687500 0.000002553956
25.712500 0.000002538969
25.737500 0.000002800833
25.762500 0.000002842353
25.787500 0.000002874624
25.812500 0.000002946048
25.837500 0.000002620871
25.862500 0.000002419242
25.887500 0.000003008135
25.912500 0.000002207366
25.937500 0.000002469640
25.962500 0.000001920751
25.987500 0.000001945022
26.012500 0.000001787787
26.037500 0.000001796201
26.062500 0.000001936896
26.087500 0.000002075140
26.112500 0.000003002215
26.137500 0.000002981575
26.162500 0.000004193676
26.187500 0.000003273457
26.212500 0.000003760073
26.237500 0.000003441817
26.262500 0.000003312163
26.287500 0.000003290244
26.312500 0.000003329858
26.337500 0.000002694364
26.362500 0.000002645371
26.387500 0.000002218238
26.412500 0.000001804946
26.437500 0.000001712896
26.462500 0.000001689413
26.487500 0.000001559843
26.512500 0.000001654812
26.537500 0.000001572606
26.562500 0.000001550587
26.587500 0.000001529304
26.612500 0.000001524851
26.637500 0.000001523824
26.662500 0.000001533049
26.687500 0.000001528372
26.712500 0.000001507805
26.737500 0.000001613018
26.762500 0.000001507924
26.787500 0.000001620776
26.812500 0.000001554969
26.837500 0.000001556059
26.862500 0.000001525477
26.887500 0.000001591551
26.912500 0.000001593971
26.937500 0.000001531138
26.962500 0.000001518650
26.987500 0.000001527268
27.012500 0.000001534045
27.037500 0.000001530239
27.062500 0.000001565131
27.087500 0.000001543955
27.112500 0.000001498243
27.137500 0.000001561281
27.162500 0.000001584343
27.187500 0.000001624048
27.212500 0.000001521836
27.237500 0.000001582523
27.262500 0.000001618884
27.287500 0.000001528478
27.312500 0.000001615246
27.337500 0.000001511966
27.362500 0.000001600790
27.387500 0.000001499473
27.412500 0.000001661566
27.437500 0.000001535306
27.462500 0.000001544895
27.487500 0.000001519736
27.512500 0.000001516554
27.537500 0.000001547717
27.562500 0.000001587144
27.587500 0.000001555239
27.612500 0.000001530695
27.637500 0.000001542995
27.662500 0.000001513618
27.687500 0.000001632690
27.712500 0.000001718163
27.737500 0.000001596157
27.762500 0.000001573381
27.787500 0.000001479113
27.812500 0.000001547139
27.837500 0.000002199863
27.862500 0.000003080565
27.887500 0.000002283226
27.912500 0.000001550777
27.937500 0.000001702796
27.962500 0.000002018392
27.987500 0.000003127617
28.012500 0.000002165809
28.037500 0.000001646984
28.062500 0.000001636912
28.087500 0.000001534473
28.112500 0.000001506822
28.137500 0.000002086288
28.162500 0.000002954616
28.187500 0.000001470466
28.212500 0.000002166161
28.237500 0.000001510477
28.262500 0.000001695755
28.287500 0.000001535756
28.312500 0.000001530089
28.337500 0.000001977637
28.362500 0.000001665770
28.387500 0.000002998265
28.412500 0.000002065452
28.437500 0.000001681391
28.462500 0.000001623747
28.487500 0.000001601223
28.512500 0.000001596948
28.537500 0.000001769538
28.562500 0.000002104897
28.587500 0.000002137390
28.612500 0.000001912025
28.637500 0.000001853507
28.662500 0.000001574845
28.687500 0.000001504948
28.712500 0.000001518273
28.737500 0.000001572782
28.762500 0.000001707907
28.787500 0.000001593770
28.812500 0.000002365364
28.837500 0.000001460863
28.862500 0.000003028021
28.887500 0.000001682804
28.912500 0.000002919619
28.937500 0.000001893353
28.962500 0.000001984304
28.987500 0.000001616537
29.012500 0.000001708582
29.037500 0.000001557903
29.062500 0.000001469409
29.087500 0.000001577159
29.112500 0.000001455265
29.137500 0.000001436682
29.162500 0.000001432240
29.187500 0.000001416072
29.212500 0.000001453290
29.237500 0.000001458096
29.262500 0.000001541376
29.287500 0.000001499426
29.312500 0.000001641883
29.337500 0.000001508801
29.362500 0.000001662513
29.387500 0.000001495508
29.412500 0.000001558160
29.437500 0.000001454752
29.462500 0.000001431770
29.487500 0.000001433200
29.512500 0.000001374188
29.537500 0.000001418032
29.562500 0.000001380758
29.587500 0.000001393411
29.612500 0.000001415618
29.637500 0.000001430248
29.662500 0.000001391323
29.687500 0.000001472856
29.712500 0.000001430611
29.737500 0.000001381689
29.762500 0.000001367471
29.787500 0.000001359101
29.812500 0.000001367271
29.837500 0.000001376574
29.862500 0.000001374396
29.887500 0.000001376600
29.912500 0.000001351979
29.937500 0.000001349876
29.962500 0.000001348740
29.987500 0.000001340210
30.012500 0.000001367837
30.037500 0.000001337824
30.062500 0.000001353032
30.087500 0.000001330456
30.112500 0.000001313755
30.137500 0.000001306441
30.162500 0.000001315785
30.187500 0.000001319693
30.212500 0.000001311691
30.237500 0.000001327059
30.262500 0.000001322063
30.287500 0.000001350667
30.312500 0.000001323955
30.337500 0.000001339309
30.362500 0.000001338536
30.387500 0.000001339729
30.412500 0.000001331642
30.437500 0.000001333011
30.462500 0.000001335286
30.487500 0.000001348839
30.512500 0.000001393511
30.537500 0.000001378080
30.562500 0.000001434489
30.587500 0.000001400741
30.612500 0.000001338104
30.637500 0.000001381432
30.662500 0.000001391264
30.687500 0.000001368931
30.712500 0.000001361179
30.737500 0.000001322548
30.762500 0.000001356764
30.787500 0.000001395245
30.812500 0.000001517874
30.837500 0.000001377321
30.862500 0.000001575374
30.887500 0.000001757245
30.912500 0.000001724226
30.937500 0.000002560025
30.962500 0.000001943848
30.987500 0.000001862455
31.012500 0.000001670581
31.037500 0.000001473988
31.062500 0.000001661278
31.087500 0.000001446725
31.112500 0.000001901186
31.137500 0.000001719042
31.162500 0.000002555768
31.187500 0.000002495260
31.212500 0.000003157939
31.237500 0.000002722147
31.262500 0.000002752635
31.287500 0.000002319090
31.312500 0.000002478329
31.337500 0.000002638218
31.362500 0.000003484739
31.387500 0.000004525074
31.412500 0.000002783276
31.437500 0.000004269949
31.462500 0.000003331564
31.487500 0.000003915449
31.512500 0.000002974545
31.537500 0.000002870800
31.562500 0.000002222052
31.587500 0.000002014267
31.612500 0.000001881068
31.637500 0.000001619652
31.662500 0.000002224019
31.687500 0.000002681056
31.712500 0.000003165190
31.737500 0.000002401118
31.762500 0.000003998048
31.787500 0.000002681498
31.812500 0.000003067068
31.837500 0.000001951941
31.862500 0.000001728417
31.887500 0.000001555175
31.912500 0.000001465930
31.937500 0.000001326005
31.962500 0.000001372804
31.987500 0.000001322251
32.012500 0.000001310483
32.037500 0.000001306913
32.062500 0.000001261695
32.087500 0.000001271045
32.112500 0.000001264069
32.137500 0.000001257061
32.162500 0.000001219923
32.187500 0.000001222523
32.212500 0.000001189039
32.237500 0.000001217008
32.262500 0.000001206386
32.287500 0.000001182305
32.312500 0.000001200161
32.337500 0.000001204228
32.362500 0.000001199145
32.387500 0.000001193800
32.412500 0.000001213306
32.437500 0.000001186382
32.462500 0.000001195043
32.487500 0.000001182816
32.512500 0.000001170224
32.537500 0.000001191874
32.562500 0.000001181396
32.587500 0.000001187601
32.612500 0.000001187348
32.637500 0.000001184691
32.662500 0.000001190347
32.687500 0.000001233117
32.712500 0.000001208884
32.737500 0.000001292293
32.762500 0.000001243990
32.787500 0.000001407165
32.812500 0.000001218416
32.837500 0.000001355715
32.862500 0.000001233957
32.887500 0.000001229484
32.912500 0.000001248228
32.937500 0.000001216868
32.962500 0.000001208649
32.987500 0.000001302501
33.012500 0.000001231698
33.037500 0.000001283586
33.062500 0.000001361880
33.087500 0.000001186950
33.112500 0.000001719401
33.137500 0.000002124629
33.162500 0.000001213447
33.187500 0.000001855396
33.212500 0.000001439917
33.237500 0.000001180355
33.262500 0.000001419373
33.287500 0.000001279376
33.312500 0.000001304785
33.337500 0.000001263439
33.362500 0.000001293093
33.387500 0.000001313258
33.412500 0.000001303658
33.437500 0.000001408800
33.462500 0.000001553568
33.487500 0.000001700231
33.512500 0.000002129562
33.537500 0.000001661904
33.562501 0.000001571114
33.587501 0.000001352911
33.612501 0.000001249211
33.637501 0.000001392426
33.662501 0.000001217596
33.687501 0.000001353343
33.712501 0.000001524317
33.737501 0.000001656013
33.762501 0.000001990206
33.787501 0.000001638822
33.812501 0.000001613257
33.837501 0.000001332959
33.862501 0.000001220300
33.887501 0.000001178462
33.912501 0.000001170772
33.937501 0.000001204509
33.962501 0.000001195948
33.987501 0.000001176402
34.012501 0.000001175936
34.037501 0.000001225551
34.062501 0.000001155886
34.087501 0.000001133142
34.112501 0.000001109359
34.137501 0.000001172832
34.162501 0.000001190226
34.187501 0.000001178537
34.212501 0.000001133220
34.237501 0.000001180876
34.262501 0.000001224579
34.287501 0.000001211106
34.312501 0.000001148588
34.337501 0.000001169868
34.362501 0.000001121491
34.387501 0.000001328177
34.412501 0.000001132358
34.437501 0.000001225723
34.462501 0.000001111413
34.487501 0.000001241259
34.512501 0.000001260482
34.537501 0.000001238701
34.562501 0.000001109436
34.587501 0.000001136710
34.612501 0.000001496647
34.637501 0.000001205742
34.662501 0.000001299036
34.687501 0.000001131687
34.712501 0.000001373781
34.737501 0.000001421448
34.762501 0.000001341725
34.787501 0.000001132453
34.812501 0.000001131483
34.837501 0.000001842588
34.862501 0.000001433205
34.887501 0.000001152473
34.912501 0.000001135884
34.937501 0.000001660202
34.962501 0.000002209070
34.987501 0.000001197666
35.012501 0.000001195116
35.037501 0.000001162639
35.062501 0.000003042300
35.087501 0.000001925560
35.112501 0.000001229638
35.137501 0.000001227399
35.162501 0.000002698503
35.187501 0.000004913294
35.212501 0.000001433477
35.237501 0.000001469734
35.262501 0.000001433416
35.287501 0.000010331568
35.312501 0.000006655733
35.337501 0.000002806702
35.362501 0.000003796397
35.387501 0.000040758058
35.412501 0.000024407205
35.437501 0.000002000266
35.462501 0.000001438599
35.487501 0.000001288848
35.512501 0.000001556629
35.537501 0.000001512727
35.562501 0.000001468342
35.587501 0.000001618680
35.612501 0.000001866500
35.637501 0.000002534333
35.662501 0.000002997220
35.687501 0.000004201906
35.712501 0.000002912196
35.737501 0.000002475137
35.762501 0.000001612083
35.787501 0.000001210147
35.812501 0.000001154442
35.837501 0.000001336816
35.862501 0.000001157388
35.887501 0.000001119263
35.912501 0.000001125571
35.937501 0.000001183981
35.962501 0.000001098854
35.987501 0.000001079227
36.012501 0.000001063246
36.037501 0.000001104209
36.062501 0.000001056672
36.087501 0.000001055082
36.112501 0.000001070886
36.137501 0.000001042133
36.162501 0.000001071745
36.187501 0.000001014708
36.212501 0.000001069581
36.237501 0.000001046892
36.262501 0.000001065138
36.287501 0.000001068136
36.312501 0.000001059564
36.337501 0.000001083589
36.362501 0.000001045913
36.387501 0.000001054455
36.412501 0.000001053979
36.437501 0.000001049144
36.462501 0.000001049570
36.487501 0.000001048871
36.512501 0.000001027502
36.537501 0.000001046303
36.562501 0.000001064615
36.587501 0.000001099862
36.612501 0.000001155052
36.637501 0.000001136445
36.662501 0.000001047098
36.687501 0.000001034498
36.712501 0.000000999367
36.737501 0.000000989332
36.762501 0.000000980413
36.787501 0.000000990740
36.812501 0.000000976466
36.837501 0.000000988556
36.862501 0.000000967429
36.887501 0.000000987485
36.912501 0.000000985899
36.937501 0.000001000304
36.962501 0.000000971848
36.987501 0.000001037053
37.012501 0.000000957691
37.037501 0.000001083251
37.062501 0.000000929191
37.087501 0.000000944755
37.112501 0.000000928265
37.137501 0.000001007168
37.162501 0.000000971653
37.187501 0.000000912865
37.212501 0.000000956924
37.237501 0.000001019327
37.262501 0.000000976180
37.287501 0.000000933929
37.312501 0.000000886282
37.337501 0.000001036988
37.362501 0.000001245637
37.387501 0.000001068462
37.412501 0.000000850370
37.437501 0.000001520512
37.462501 0.000002432037
37.487501 0.000001438266
37.512501 0.000000916027
37.537501 0.000000890286
37.562501 0.000000969852
37.587501 0.000001187316
37.612501 0.000001027212
37.637501 0.000000821482
37.662501 0.000001451884
37.687501 0.000002411737
37.712501 0.000001466953
37.737501 0.000000812286
37.762501 0.000000863893
37.787501 0.000000787251
37.812501 0.000000816074
37.837501 0.000000774376
37.862501 0.000000791858
37.887501 0.000000777889
37.912501 0.000000763881
37.937501 0.000000761134
37.962501 0.000000749027
37.987501 0.000000763881
38.012501 0.000000740651
38.037501 0.000000752138
38.062501 0.000000719171
38.087501 0.000000759546
38.112501 0.000000726622
38.137501 0.000000764346
38.162501 0.000000717411
38.187501 0.000000785077
38.212501 0.000000754290
38.237501 0.000000836487
38.262501 0.000000832597
38.287501 0.000001062406
38.312501 0.000000725310
38.337501 0.000000944933
38.362501 0.000000650610
38.387501 0.000000700103
38.412501 0.000000646064
38.437501 0.000000657662
38.462501 0.000000655836
38.487501 0.000000629536
38.512501 0.000000627289
38.537501 0.000000627451
38.562501 0.000000677089
38.587501 0.000000598742
38.612501 0.000000701789
38.637501 0.000000595519
38.662501 0.000000645572
38.687501 0.000000592044
38.712501 0.000000598671
38.737501 0.000000577099
38.762501 0.000000577835
38.787501 0.000000577368
38.812501 0.000000563695
38.837501 0.000000570133
38.862501 0.000000553881
38.887501 0.000000547442
38.912501 0.000000529829
38.937501 0.000000540964
38.962501 0.000000515303
38.987501 0.000000529605
39.012501 0.000000530468
39.037501 0.000000514748
39.062501 0.000000517935
39.087501 0.000000494346
39.112501 0.000000489616
39.137501 0.000000485264
39.162501 0.000000465489
39.187501 0.000000488592
39.212501 0.000000464880
39.237501 0.000000480457
39.262501 0.000000475309
39.287501 0.000000476690
39.312501 0.000000444792
39.337501 0.000000456471
39.362501 0.000000458379
39.387501 0.000000453660
39.412501 0.000000458762
39.437501 0.000000459613
39.462501 0.000000455870
39.487501 0.000000431264
39.512501 0.000000431143
39.537501 0.000000384231
39.562501 0.000000405064
39.587501 0.000000380289
39.612501 0.000000401661
39.637501 0.000000386687
39.662501 0.000000403951
39.687501 0.000000391391
39.712501 0.000000376598
39.737501 0.000000408718
39.762501 0.000000378415
39.787501 0.000000408868
39.812501 0.000000382340
39.837501 0.000000377934
39.862501 0.000000388744
39.887501 0.000000362788
39.912501 0.000000385107
39.937501 0.000000352652
39.962501 0.000000361653
39.987501 0.000000336947
