0.000000000000000000e+00 2.556088975412331056e+05
8.749999999999999445e-02 2.141524109296576935e+05
1.125000000000000028e-01 1.508669786876642902e+05
1.375000000000000111e-01 9.003356786052860843e+04
1.625000000000000056e-01 4.616669008949236013e+04
1.875000000000000000e-01 2.111696636051457244e+04
2.124999999999999944e-01 9.593597477046845597e+03
2.374999999999999889e-01 5.210968839883479632e+03
2.625000000000000111e-01 3.512993388906560540e+03
2.874999999999999778e-01 2.444923473227048817e+03
3.125000000000000000e-01 1.553196856910290990e+03
3.375000000000000222e-01 9.475643431146946796e+02
3.624999999999999889e-01 6.728255265009494224e+02
3.875000000000000111e-01 5.932290575378503945e+02
4.124999999999999778e-01 5.390762088335110320e+02
4.375000000000000000e-01 4.355578319234296600e+02
4.625000000000000222e-01 3.095634952247197589e+02
4.874999999999999889e-01 2.178551120532681296e+02
5.124999999999999556e-01 1.817100128638666945e+02
5.374999999999999778e-01 1.777145987522976611e+02
5.625000000000000000e-01 1.696416904185987846e+02
5.875000000000000222e-01 1.408874721607637639e+02
6.125000000000000444e-01 1.010389823829577551e+02
6.374999999999999556e-01 6.890362382544911668e+01
6.624999999999999778e-01 5.404728292436449522e+01
6.875000000000000000e-01 5.262362043715929616e+01
7.125000000000000222e-01 5.462995884192967821e+01
7.375000000000000444e-01 5.228741875637475545e+01
7.624999999999999556e-01 4.423981126001282149e+01
7.874999999999999778e-01 3.457513336692852590e+01
8.125000000000000000e-01 2.815998755492904237e+01
8.375000000000000222e-01 2.636832174126407935e+01
8.625000000000000444e-01 2.674341981569276783e+01
8.874999999999999556e-01 2.591799873796603393e+01
9.124999999999999778e-01 2.258109317194924159e+01
9.375000000000000000e-01 1.801978621680709480e+01
9.625000000000000222e-01 1.431437621071247435e+01
9.875000000000000444e-01 1.246782767955086868e+01
1.012499999999999956e+00 1.212294353580777440e+01
1.037500000000000089e+00 1.231855819214959524e+01
1.062500000000000000e+00 1.213060458860076452e+01
1.087499999999999911e+00 1.115463722006044556e+01
1.112500000000000044e+00 9.741079822170814140e+00
1.137499999999999956e+00 8.616558664109883026e+00
1.162500000000000089e+00 8.181831335298866748e+00
1.187500000000000000e+00 8.196394095953966286e+00
1.212499999999999911e+00 8.035796801065799855e+00
1.237500000000000044e+00 7.279839521684031034e+00
1.262499999999999956e+00 6.063958987575135851e+00
1.287500000000000089e+00 4.868640577496941013e+00
1.312500000000000000e+00 4.109052074047919945e+00
1.337499999999999911e+00 3.933749106610804347e+00
1.362500000000000044e+00 4.170401853064087838e+00
1.387499999999999956e+00 4.395719938514546676e+00
1.412500000000000089e+00 4.250416867156574519e+00
1.437500000000000000e+00 3.751738301303729095e+00
1.462499999999999911e+00 3.232534520763135077e+00
1.487500000000000044e+00 2.987486753551367169e+00
1.512499999999999956e+00 3.009157920718563695e+00
1.537500000000000089e+00 3.036639837554361954e+00
1.562500000000000000e+00 2.841273989951305090e+00
1.587499999999999911e+00 2.433368738712470503e+00
1.612500000000000044e+00 2.002165262853720318e+00
1.637499999999999956e+00 1.744715664959407553e+00
1.662500000000000089e+00 1.753430183397243880e+00
1.687500000000000000e+00 1.954719287902813907e+00
1.712499999999999911e+00 2.129720029499161171e+00
1.737500000000000044e+00 2.081604997816630220e+00
1.762499999999999956e+00 1.812792681226830460e+00
1.787500000000000089e+00 1.512827099726016922e+00
1.812500000000000000e+00 1.372984126908714630e+00
1.837499999999999911e+00 1.416696322051091084e+00
1.862500000000000044e+00 1.494747945109307974e+00
1.887499999999999956e+00 1.439186327657981712e+00
1.912500000000000089e+00 1.217215569186671953e+00
1.937500000000000000e+00 9.459889089931312611e-01
1.962499999999999911e+00 7.882588460879353942e-01
1.987500000000000044e+00 8.264120009200901507e-01
2.012500000000000178e+00 9.946873163112575078e-01
2.037500000000000089e+00 1.122381879127590798e+00
2.062500000000000000e+00 1.079161512814702517e+00
2.087499999999999911e+00 8.938924075293019911e-01
2.112499999999999822e+00 7.199561696008924816e-01
2.137500000000000178e+00 6.833959953287346289e-01
2.162500000000000089e+00 7.711507005423201555e-01
2.187500000000000000e+00 8.556934586700275513e-01
2.212499999999999911e+00 8.214498325170256354e-01
2.237499999999999822e+00 6.682652673375010233e-01
2.262500000000000178e+00 5.004265746924161373e-01
2.287500000000000089e+00 4.294249312019940423e-01
2.312500000000000000e+00 4.858383063326082163e-01
2.337499999999999911e+00 6.001077122968988542e-01
2.362499999999999822e+00 6.603313090429002719e-01
2.387500000000000178e+00 6.094868094661023417e-01
2.412500000000000089e+00 4.960419605363656781e-01
2.437500000000000000e+00 4.223516844287379945e-01
2.462499999999999911e+00 4.445263560715120299e-01
2.487499999999999822e+00 5.236518725576598809e-01
2.512500000000000178e+00 5.677493658469559001e-01
2.537500000000000089e+00 5.207445641024867067e-01
2.562500000000000000e+00 4.116988188449948738e-01
2.587499999999999911e+00 3.204325198566367328e-01
2.612499999999999822e+00 3.053880023235666097e-01
2.637500000000000178e+00 3.619392365131048894e-01
2.662500000000000089e+00 4.326076169829244922e-01
2.687500000000000000e+00 4.541813127247344983e-01
2.712499999999999911e+00 4.098381576915773872e-01
2.737499999999999822e+00 3.409931260114815732e-01
2.762500000000000178e+00 3.048740984452267266e-01
2.787500000000000089e+00 3.205485732189095049e-01
2.812500000000000000e+00 3.559998573064221405e-01
2.837499999999999911e+00 3.630402623496652437e-01
2.862499999999999822e+00 3.234868020381888587e-01
2.887500000000000178e+00 2.625820636381328566e-01
2.912500000000000089e+00 2.221648517958617619e-01
2.937500000000000000e+00 2.253263709949966387e-01
2.962499999999999911e+00 2.621101243291906191e-01
2.987499999999999822e+00 2.996489334142836136e-01
3.012500000000000178e+00 3.068788879056496000e-01
3.037500000000000089e+00 2.791666810104476704e-01
3.062500000000000000e+00 2.423175094664496432e-01
3.087499999999999911e+00 2.288807871710572539e-01
3.112499999999999822e+00 2.480538658636882443e-01
3.137500000000000178e+00 2.782150025758202139e-01
3.162500000000000089e+00 2.885091606200335113e-01
3.187500000000000000e+00 2.682869405986947342e-01
3.212499999999999911e+00 2.350721348785995146e-01
3.237499999999999822e+00 2.152843931401856870e-01
3.262500000000000178e+00 2.207028347531833079e-01
3.287500000000000089e+00 2.423311132114293609e-01
3.312500000000000000e+00 2.608901099024100168e-01
3.337499999999999911e+00 2.618972207058983814e-01
3.362499999999999822e+00 2.460031286098319780e-01
3.387500000000000178e+00 2.277030820305323555e-01
3.412500000000000089e+00 2.218996802017850767e-01
3.437500000000000000e+00 2.304007046199693376e-01
3.462499999999999911e+00 2.414321868361229140e-01
3.487499999999999822e+00 2.413382112612550423e-01
3.512500000000000178e+00 2.269020912835112425e-01
3.537500000000000089e+00 2.071271449672391629e-01
3.562500000000000000e+00 1.939554444596550686e-01
3.587499999999999911e+00 1.927910370833327836e-01
3.612499999999999822e+00 2.009650140953800346e-01
3.637500000000000178e+00 2.113347754867051509e-01
3.662500000000000089e+00 2.165656145795338550e-01
3.687500000000000000e+00 2.138872008384723189e-01
3.712499999999999911e+00 2.072483749536765674e-01
3.737499999999999822e+00 2.034703563405201865e-01
3.762500000000000178e+00 2.060635392019990741e-01
3.787500000000000089e+00 2.126665127288498436e-01
3.812500000000000000e+00 2.172727358068841375e-01
3.837499999999999911e+00 2.154329215605698677e-01
3.862499999999999822e+00 2.077900390832317923e-01
3.887500000000000178e+00 1.988809552055760266e-01
3.912500000000000089e+00 1.938937776516239109e-01
3.937500000000000000e+00 1.961327764802941465e-01
3.962499999999999911e+00 2.044799957820757630e-01
3.987499999999999822e+00 2.128243710224031193e-01
4.012500000000000178e+00 2.147002956279960018e-01
4.037499999999999645e+00 2.095233987691014765e-01
4.062500000000000000e+00 2.032202059638073544e-01
4.087500000000000355e+00 2.023454513191632054e-01
4.112499999999999822e+00 2.077150947302166539e-01
4.137500000000000178e+00 2.137289905183124561e-01
4.162499999999999645e+00 2.138940012609512609e-01
4.187500000000000000e+00 2.067501535435238846e-01
4.212500000000000355e+00 1.969461613777128139e-01
4.237499999999999822e+00 1.916688201582252282e-01
4.262500000000000178e+00 1.952574890738038027e-01
4.287499999999999645e+00 2.052761906751096599e-01
4.312500000000000000e+00 2.137610904005191603e-01
4.337500000000000355e+00 2.141392740684444629e-01
4.362499999999999822e+00 2.075232615651366463e-01
4.387500000000000178e+00 2.014569752710640427e-01
4.412499999999999645e+00 2.024785801237416472e-01
4.437500000000000000e+00 2.104371337192470770e-01
4.462500000000000355e+00 2.194991278567834381e-01
4.487499999999999822e+00 2.237712191374896797e-01
4.512500000000000178e+00 2.218679840876087439e-01
4.537499999999999645e+00 2.171918890296276050e-01
4.562500000000000000e+00 2.148910915210210937e-01
4.587500000000000355e+00 2.178168503866075856e-01
4.612499999999999822e+00 2.238307834344931968e-01
4.637500000000000178e+00 2.270297138379980817e-01
4.662499999999999645e+00 2.230109524385000541e-01
4.687500000000000000e+00 2.134646692642160892e-01
4.712500000000000355e+00 2.049810566243898124e-01
4.737499999999999822e+00 2.030442290443924547e-01
4.762500000000000178e+00 2.072954476329784135e-01
4.787499999999999645e+00 2.123546351201485993e-01
4.812500000000000000e+00 2.130929769970885124e-01
4.837500000000000355e+00 2.091834425823873578e-01
4.862499999999999822e+00 2.049281133058206139e-01
4.887500000000000178e+00 2.052640600764810974e-01
4.912499999999999645e+00 2.117623051908203435e-01
4.937500000000000000e+00 2.213000608301007588e-01
4.962500000000000355e+00 2.283836435379677510e-01
4.987499999999999822e+00 2.298555710285177522e-01
5.012500000000000178e+00 2.277332664630828118e-01
5.037499999999999645e+00 2.269434606605753579e-01
5.062500000000000000e+00 2.303138400817040243e-01
5.087500000000000355e+00 2.359457411708824615e-01
5.112499999999999822e+00 2.392744961827594219e-01
5.137500000000000178e+00 2.376449409495783593e-01
5.162499999999999645e+00 2.328439740974557748e-01
5.187500000000000000e+00 2.292392242951741266e-01
5.212500000000000355e+00 2.298472514454270865e-01
5.237499999999999822e+00 2.339897943578879147e-01
5.262500000000000178e+00 2.380630978271122411e-01
5.287499999999999645e+00 2.386798082565518564e-01
5.312500000000000000e+00 2.357466010360454722e-01
5.337500000000000355e+00 2.325107155074490062e-01
5.362499999999999822e+00 2.324013890524450066e-01
5.387500000000000178e+00 2.358918904697240859e-01
5.412499999999999645e+00 2.403591561904382390e-01
5.437500000000000000e+00 2.427143179930469907e-01
5.462500000000000355e+00 2.422228983496738097e-01
5.487499999999999822e+00 2.409285120938291780e-01
5.512500000000000178e+00 2.415592107296829494e-01
5.537499999999999645e+00 2.451790060381879854e-01
5.562500000000000000e+00 2.506218486241824639e-01
5.587500000000000355e+00 2.556419949531654190e-01
5.612499999999999822e+00 2.585570773651439946e-01
5.637500000000000178e+00 2.593190070782531720e-01
5.662499999999999645e+00 2.593501104324111295e-01
5.687500000000000000e+00 2.601796857520429773e-01
5.712500000000000355e+00 2.620609331618890536e-01
5.737499999999999822e+00 2.638466655104171332e-01
5.762500000000000178e+00 2.641092621012446906e-01
5.787499999999999645e+00 2.624858206873426081e-01
5.812500000000000000e+00 2.601290083213981252e-01
5.837500000000000355e+00 2.589025360069755477e-01
5.862499999999999822e+00 2.600762494237402467e-01
5.887500000000000178e+00 2.635902739426384533e-01
5.912499999999999645e+00 2.682399063388881677e-01
5.937500000000000000e+00 2.725451664877293068e-01
5.962500000000000355e+00 2.758251250698963708e-01
5.987499999999999822e+00 2.785560273243193330e-01
6.012500000000000178e+00 2.815318678974326194e-01
6.037499999999999645e+00 2.847148220838768284e-01
6.062500000000000000e+00 2.871076412903240671e-01
6.087500000000000355e+00 2.878176733504687612e-01
6.112499999999999822e+00 2.872032156244474499e-01
6.137500000000000178e+00 2.867882671732310818e-01
6.162499999999999645e+00 2.879453405172455738e-01
6.187500000000000000e+00 2.908579788994938298e-01
6.212500000000000355e+00 2.948176992658109730e-01
6.237499999999999822e+00 2.990887859757764833e-01
6.262500000000000178e+00 3.032508012124757180e-01
6.287499999999999645e+00 3.071517978648631297e-01
6.312500000000000000e+00 3.109082067264691274e-01
6.337500000000000355e+00 3.148494065593250846e-01
6.362499999999999822e+00 3.191888057803203282e-01
6.387500000000000178e+00 3.235586491806988207e-01
6.412499999999999645e+00 3.269846972038357169e-01
6.437500000000000000e+00 3.287212361567863894e-01
6.462500000000000355e+00 3.291214859332107778e-01
6.487499999999999822e+00 3.294072352363430767e-01
6.512500000000000178e+00 3.306351341322599779e-01
6.537499999999999645e+00 3.329986540740363932e-01
6.562500000000000000e+00 3.359205040372805762e-01
6.587500000000000355e+00 3.386908679578856107e-01
6.612499999999999822e+00 3.411435294371853444e-01
6.637500000000000178e+00 3.437897577502669888e-01
6.662499999999999645e+00 3.474088172461796686e-01
6.687500000000000000e+00 3.528173678337543917e-01
6.712500000000000355e+00 3.613063768962038180e-01
6.737499999999999822e+00 3.754600126968135054e-01
6.762500000000000178e+00 3.990215100143621463e-01
6.787499999999999645e+00 4.348487481625633588e-01
6.812500000000000000e+00 4.829973743490467708e-01
6.837500000000000355e+00 5.406632393333977715e-01
6.862499999999999822e+00 6.010996690590959535e-01
6.887500000000000178e+00 6.509532732078142647e-01
6.912499999999999645e+00 6.738640829486187700e-01
6.937500000000000000e+00 6.619875077390359186e-01
6.962500000000000355e+00 6.219150469756700161e-01
6.987499999999999822e+00 5.677362581538988318e-01
7.012500000000000178e+00 5.122026889824573548e-01
7.037499999999999645e+00 4.644622070667128733e-01
7.062500000000000000e+00 4.298990097594664883e-01
7.087500000000000355e+00 4.089152895230221407e-01
7.112499999999999822e+00 3.977882794950423628e-01
7.137500000000000178e+00 3.921659144112640272e-01
7.162499999999999645e+00 3.895107186933891574e-01
7.187500000000000000e+00 3.887400472909172677e-01
7.212500000000000355e+00 3.888517242111454442e-01
7.237499999999999822e+00 3.885149688095934084e-01
7.262500000000000178e+00 3.869009181137627040e-01
7.287499999999999645e+00 3.844996260024672874e-01
7.312500000000000000e+00 3.828130497837819446e-01
7.337500000000000355e+00 3.831290876539736323e-01
7.362499999999999822e+00 3.855237814381152206e-01
7.387500000000000178e+00 3.890486693988407518e-01
7.412499999999999645e+00 3.928706459853864574e-01
7.437500000000000000e+00 3.969826626278333825e-01
7.462500000000000355e+00 4.017521883893788170e-01
7.487499999999999822e+00 4.071917335544942285e-01
7.512500000000000178e+00 4.128287704576554806e-01
7.537499999999999645e+00 4.179675800026344534e-01
7.562500000000000000e+00 4.219576697776571406e-01
7.587500000000000355e+00 4.243764071901640067e-01
7.612499999999999822e+00 4.250511539338573952e-01
7.637500000000000178e+00 4.240807830107078402e-01
7.662499999999999645e+00 4.219873824348925329e-01
7.687500000000000000e+00 4.195670711831841482e-01
7.712500000000000355e+00 4.173862856339742855e-01
7.737499999999999822e+00 4.156770376399762656e-01
7.762500000000000178e+00 4.146931798230210076e-01
7.787499999999999645e+00 4.148075524015392701e-01
7.812500000000000000e+00 4.162133750697871726e-01
7.837500000000000355e+00 4.187139693201854529e-01
7.862499999999999822e+00 4.217853911711207382e-01
7.887500000000000178e+00 4.248016923534317368e-01
7.912499999999999645e+00 4.273123910323181063e-01
7.937500000000000000e+00 4.291754661936845183e-01
7.962500000000000355e+00 4.304289023634471079e-01
7.987499999999999822e+00 4.310879962523547215e-01
8.012499999999999289e+00 4.311617469665108837e-01
8.037499999999999645e+00 4.308207349276591547e-01
8.062500000000000000e+00 4.303881722597170389e-01
8.087500000000000355e+00 4.301696920917840172e-01
8.112500000000000711e+00 4.304690279590513979e-01
8.137499999999999289e+00 4.316630248163994543e-01
8.162499999999999645e+00 4.339647368916692005e-01
8.187500000000000000e+00 4.371141240445038934e-01
8.212500000000000355e+00 4.405184540415322259e-01
8.237500000000000711e+00 4.437272875481355072e-01
8.262499999999999289e+00 4.466369600674026663e-01
8.287499999999999645e+00 4.492525318651920396e-01
8.312500000000000000e+00 4.514260093954691744e-01
8.337500000000000355e+00 4.529353583086084267e-01
8.362500000000000711e+00 4.537611826904586199e-01
8.387499999999999289e+00 4.542063672374240246e-01
8.412499999999999645e+00 4.547671980595727748e-01
8.437500000000000000e+00 4.559035581045753904e-01
8.462500000000000355e+00 4.578658787494337967e-01
8.487500000000000711e+00 4.606224811842407618e-01
8.512499999999999289e+00 4.637945458373610164e-01
8.537499999999999645e+00 4.666486370509879134e-01
8.562500000000000000e+00 4.684241566425291214e-01
8.587500000000000355e+00 4.688751570721004791e-01
8.612500000000000711e+00 4.684672506124923919e-01
8.637499999999999289e+00 4.679895281886936598e-01
8.662499999999999645e+00 4.680283575801057472e-01
8.687500000000000000e+00 4.687974439460987908e-01
8.712500000000000355e+00 4.703072114561537287e-01
8.737500000000000711e+00 4.725326542068077340e-01
8.762499999999999289e+00 4.754124263594898259e-01
8.787499999999999645e+00 4.787686677615192732e-01
8.812500000000000000e+00 4.822727686165989569e-01
8.837500000000000355e+00 4.854334350618791927e-01
8.862500000000000711e+00 4.875965596973225735e-01
8.887499999999999289e+00 4.881711872250804607e-01
8.912499999999999645e+00 4.871496924575501319e-01
8.937500000000000000e+00 4.854420784130850652e-01
8.962500000000000355e+00 4.844327133158077836e-01
8.987500000000000711e+00 4.850475029697375318e-01
9.012499999999999289e+00 4.873311787827556696e-01
9.037499999999999645e+00 4.908351145277142225e-01
9.062500000000000000e+00 4.950830462891953609e-01
9.087500000000000355e+00 4.996400607750505207e-01
9.112500000000000711e+00 5.040766207725216885e-01
9.137499999999999289e+00 5.080819824430653497e-01
9.162499999999999645e+00 5.115406479102596604e-01
9.187500000000000000e+00 5.144466462668479956e-01
9.212500000000000355e+00 5.168853936110325842e-01
9.237500000000000711e+00 5.191791728605048561e-01
9.262499999999999289e+00 5.219803006842236304e-01
9.287499999999999645e+00 5.261236149373675897e-01
9.312500000000000000e+00 5.322361519830860477e-01
9.337500000000000355e+00 5.403750514040488451e-01
9.362500000000000711e+00 5.500016167650888521e-01
9.387499999999999289e+00 5.599887119041565553e-01
9.412499999999999645e+00 5.683050128085569419e-01
9.437500000000000000e+00 5.723718303807309171e-01
9.462500000000000355e+00 5.709048473386397760e-01
9.487500000000000711e+00 5.653010418931848635e-01
9.512499999999999289e+00 5.584401849767390846e-01
9.537499999999999645e+00 5.525000077848980506e-01
9.562500000000000000e+00 5.483921378763239041e-01
9.587500000000000355e+00 5.464323703182312197e-01
9.612500000000000711e+00 5.466098100595631060e-01
9.637499999999999289e+00 5.483941542318252482e-01
9.662499999999999645e+00 5.507916477142247302e-01
9.687500000000000000e+00 5.528107184961833509e-01
9.712500000000000355e+00 5.539992542563898503e-01
9.737500000000000711e+00 5.545757450098494079e-01
9.762499999999999289e+00 5.549938178632759511e-01
9.787499999999999645e+00 5.554505746974278679e-01
9.812500000000000000e+00 5.558856903155281470e-01
9.837500000000000355e+00 5.563075034882101200e-01
9.862500000000000711e+00 5.569291875488465715e-01
9.887499999999999289e+00 5.579820660567367252e-01
9.912499999999999645e+00 5.595205192078928080e-01
9.937500000000000000e+00 5.614574372361654797e-01
9.962500000000000355e+00 5.636667860619518633e-01
9.987500000000000711e+00 5.659802129531894543e-01
1.001249999999999929e+01 5.681817191368200293e-01
1.003749999999999964e+01 5.701497846915977163e-01
1.006250000000000000e+01 5.722180057109798046e-01
1.008750000000000036e+01 5.756642220103940222e-01
1.011250000000000071e+01 5.828404973783987142e-01
1.013749999999999929e+01 5.962541426867286054e-01
1.016249999999999964e+01 6.166845670943585933e-01
1.018750000000000000e+01 6.419887773926628016e-01
1.021250000000000036e+01 6.680773318448707254e-01
1.023750000000000071e+01 6.905961318697906304e-01
1.026249999999999929e+01 7.050319788914461983e-01
1.028749999999999964e+01 7.070200413309160048e-01
1.031250000000000000e+01 6.953889182018125892e-01
1.033750000000000036e+01 6.744946833297549293e-01
1.036250000000000071e+01 6.515669409631159592e-01
1.038749999999999929e+01 6.321893433122032224e-01
1.041249999999999964e+01 6.188427080752860743e-01
1.043750000000000000e+01 6.118180426095579660e-01
1.046250000000000036e+01 6.098813104350289116e-01
1.048750000000000071e+01 6.107742002740316201e-01
1.051249999999999929e+01 6.122476812820548675e-01
1.053749999999999964e+01 6.129827025388199235e-01
1.056250000000000000e+01 6.127232190818709956e-01
1.058750000000000036e+01 6.117854588966338270e-01
1.061250000000000071e+01 6.105200609643349763e-01
1.063749999999999929e+01 6.091930456451446485e-01
1.066249999999999964e+01 6.081154200788125852e-01
1.068750000000000000e+01 6.075549294858209048e-01
1.071250000000000036e+01 6.075286291171164699e-01
1.073750000000000071e+01 6.078582274559307663e-01
1.076249999999999929e+01 6.083886399261284605e-01
1.078749999999999964e+01 6.090647980106141945e-01
1.081250000000000000e+01 6.098672345599899236e-01
1.083750000000000036e+01 6.107979115934671910e-01
1.086250000000000071e+01 6.118557100798329706e-01
1.088749999999999929e+01 6.129644652100735280e-01
1.091249999999999964e+01 6.140463509919319440e-01
1.093750000000000000e+01 6.153293130504329245e-01
1.096250000000000036e+01 6.174832186291848712e-01
1.098750000000000071e+01 6.211564292478652938e-01
1.101249999999999929e+01 6.261891667156758157e-01
1.103749999999999964e+01 6.313952397557871521e-01
1.106250000000000000e+01 6.354542392058939448e-01
1.108750000000000036e+01 6.382899438086889754e-01
1.111250000000000071e+01 6.415224000091476197e-01
1.113749999999999929e+01 6.472819774081344235e-01
1.116249999999999964e+01 6.562460427403683516e-01
1.118750000000000000e+01 6.666039312316798249e-01
1.121250000000000036e+01 6.750599143092802512e-01
1.123750000000000071e+01 6.791504362509219739e-01
1.126249999999999929e+01 6.787420929265527425e-01
1.128749999999999964e+01 6.754414648316262593e-01
1.131250000000000000e+01 6.709502820170948345e-01
1.133750000000000036e+01 6.662447475374557726e-01
1.136250000000000071e+01 6.620485735562343654e-01
1.138749999999999929e+01 6.594815742341025855e-01
1.141249999999999964e+01 6.599160789766573831e-01
1.143750000000000000e+01 6.641364330400323368e-01
1.146250000000000036e+01 6.714458442740752764e-01
1.148750000000000071e+01 6.793991514499373441e-01
1.151249999999999929e+01 6.848557239471861902e-01
1.153749999999999964e+01 6.861100237352069087e-01
1.156250000000000000e+01 6.840839362080297636e-01
1.158750000000000036e+01 6.811596645930186877e-01
1.161250000000000071e+01 6.791835546197952933e-01
1.163749999999999929e+01 6.786822969373697001e-01
1.166249999999999964e+01 6.793597635259762679e-01
1.168750000000000000e+01 6.809418044393023006e-01
1.171250000000000036e+01 6.835689903797097511e-01
1.173750000000000071e+01 6.874946633669067886e-01
1.176249999999999929e+01 6.928548522416249078e-01
1.178749999999999964e+01 6.999601972640003833e-01
1.181250000000000000e+01 7.094310097590690312e-01
1.183750000000000036e+01 7.219434267176043640e-01
1.186250000000000071e+01 7.381280449115210640e-01
1.188749999999999929e+01 7.587747486724276680e-01
1.191249999999999964e+01 7.840256469866053735e-01
1.193750000000000000e+01 8.106742523603904793e-01
1.196250000000000036e+01 8.303747134811626518e-01
1.198750000000000071e+01 8.351619828867310469e-01
1.201249999999999929e+01 8.292759947134848986e-01
1.203749999999999964e+01 8.356519894171585694e-01
1.206250000000000000e+01 8.874732916865779586e-01
1.208750000000000036e+01 1.006590653017611636e+00
1.211250000000000071e+01 1.187849743512986667e+00
1.213749999999999929e+01 1.405984638179038626e+00
1.216249999999999964e+01 1.628250515374610963e+00
1.218750000000000000e+01 1.806849172610647258e+00
1.221250000000000036e+01 1.880215141715531946e+00
1.223750000000000071e+01 1.818623721093106438e+00
1.226249999999999929e+01 1.656812215608769012e+00
1.228749999999999964e+01 1.457082028312555844e+00
1.231250000000000000e+01 1.264579129433017313e+00
1.233750000000000036e+01 1.116144811225394662e+00
1.236250000000000071e+01 1.059576724606913656e+00
1.238749999999999929e+01 1.137798907373200663e+00
1.241249999999999964e+01 1.360098813403461948e+00
1.243750000000000000e+01 1.696997138588342668e+00
1.246250000000000036e+01 2.098216001541890918e+00
1.248750000000000071e+01 2.499537635314093009e+00
1.251249999999999929e+01 2.810342035625255086e+00
1.253749999999999964e+01 2.931359938006286914e+00
1.256250000000000000e+01 2.823261696474848925e+00
1.258750000000000036e+01 2.540409438010077903e+00
1.261250000000000071e+01 2.174187167185286818e+00
1.263749999999999929e+01 1.791201804215875049e+00
1.266249999999999964e+01 1.439278984877054857e+00
1.268750000000000000e+01 1.169183224358107287e+00
1.271250000000000036e+01 1.020829510349120284e+00
1.273750000000000071e+01 1.002515405835520346e+00
1.276249999999999929e+01 1.090684189840549267e+00
1.278749999999999964e+01 1.244638286776812430e+00
1.281250000000000000e+01 1.426753886489541490e+00
1.283750000000000036e+01 1.610229248724079465e+00
1.286250000000000071e+01 1.759450114323493297e+00
1.288749999999999929e+01 1.820655684510446237e+00
1.291249999999999964e+01 1.762212634195449823e+00
1.293750000000000000e+01 1.609855662452875036e+00
1.296250000000000036e+01 1.418569832750602000e+00
1.298750000000000071e+01 1.229483949671601017e+00
1.301249999999999929e+01 1.067543598930915660e+00
1.303749999999999964e+01 9.519024243553324549e-01
1.306250000000000000e+01 8.894414837544126762e-01
1.308750000000000036e+01 8.691076105500765703e-01
1.311250000000000071e+01 8.709221514287726063e-01
1.313749999999999929e+01 8.781315044311652773e-01
1.316249999999999964e+01 8.826899877006513240e-01
1.318750000000000000e+01 8.875639471074637799e-01
1.321250000000000036e+01 9.079455111399312717e-01
1.323750000000000071e+01 9.695149298394831749e-01
1.326249999999999929e+01 1.100832630525676148e+00
1.328749999999999964e+01 1.319416149636309488e+00
1.331250000000000000e+01 1.620488425773578101e+00
1.333750000000000036e+01 1.976480526085443890e+00
1.336250000000000071e+01 2.336802901179837022e+00
1.338749999999999929e+01 2.620694265192785366e+00
1.341249999999999964e+01 2.735253651416310383e+00
1.343750000000000000e+01 2.635612047452028150e+00
1.346250000000000036e+01 2.364117542862558263e+00
1.348750000000000071e+01 2.014281277951200266e+00
1.351249999999999929e+01 1.669964534411881640e+00
1.353749999999999964e+01 1.385761049910557485e+00
1.356250000000000000e+01 1.193799534344944346e+00
1.358750000000000036e+01 1.103319057061022512e+00
1.361250000000000071e+01 1.100689938218386787e+00
1.363749999999999929e+01 1.166042581736074446e+00
1.366249999999999964e+01 1.292966077459266394e+00
1.368750000000000000e+01 1.488779519567342557e+00
1.371250000000000036e+01 1.752889000261371732e+00
1.373750000000000071e+01 2.057320800768360769e+00
1.376249999999999929e+01 2.354519058783355323e+00
1.378749999999999964e+01 2.608271743792279551e+00
1.381250000000000000e+01 2.811439113306775539e+00
1.383750000000000036e+01 2.967139154312842919e+00
1.386250000000000071e+01 3.063159588399630984e+00
1.388749999999999929e+01 3.078733807351275775e+00
1.391249999999999964e+01 3.005320920016050223e+00
1.393750000000000000e+01 2.848876516412589766e+00
1.396250000000000036e+01 2.626044365006265480e+00
1.398750000000000071e+01 2.366014081523644119e+00
1.401249999999999929e+01 2.104363330739190019e+00
1.403749999999999964e+01 1.873930771865029765e+00
1.406250000000000000e+01 1.704900213336020931e+00
1.408750000000000036e+01 1.623217680772213845e+00
1.411250000000000071e+01 1.637265668724359857e+00
1.413749999999999929e+01 1.727410721859411691e+00
1.416249999999999964e+01 1.850240212787922944e+00
1.418750000000000000e+01 1.952412850971734448e+00
1.421250000000000036e+01 1.986239594643944173e+00
1.423750000000000071e+01 1.927482859813843596e+00
1.426249999999999929e+01 1.791843734482817307e+00
1.428749999999999964e+01 1.633681776662185392e+00
1.431250000000000000e+01 1.516686124418145543e+00
1.433750000000000036e+01 1.478760467655924504e+00
1.436250000000000071e+01 1.520646549226619237e+00
1.438749999999999929e+01 1.613395037712439750e+00
1.441249999999999964e+01 1.707455488144926203e+00
1.443750000000000000e+01 1.750897246010098662e+00
1.446250000000000036e+01 1.718727173824582399e+00
1.448750000000000071e+01 1.623738627202394369e+00
1.451249999999999929e+01 1.498817950297752333e+00
1.453749999999999964e+01 1.381318965289764389e+00
1.456250000000000000e+01 1.312178336490945396e+00
1.458750000000000036e+01 1.329355348173782758e+00
1.461250000000000071e+01 1.452256666332988999e+00
1.463749999999999929e+01 1.676191266050421680e+00
1.466249999999999964e+01 1.978730804896073892e+00
1.468750000000000000e+01 2.319289865236322967e+00
1.471250000000000036e+01 2.634633769087356470e+00
1.473750000000000071e+01 2.853316455156757581e+00
1.476249999999999929e+01 2.926081760805206322e+00
1.478749999999999964e+01 2.840847171361025492e+00
1.481250000000000000e+01 2.615123390941311854e+00
1.483750000000000036e+01 2.290917072082261807e+00
1.486250000000000071e+01 1.934663827625398902e+00
1.488749999999999929e+01 1.618901572798564059e+00
1.491249999999999964e+01 1.391489542002637414e+00
1.493750000000000000e+01 1.264501953075304108e+00
1.496250000000000036e+01 1.227035970204205295e+00
1.498750000000000071e+01 1.258798750319670257e+00
1.501249999999999929e+01 1.333047279035897592e+00
1.503749999999999964e+01 1.416613858317090191e+00
1.506250000000000000e+01 1.474780959096858801e+00
1.508750000000000036e+01 1.480793695697751655e+00
1.511250000000000071e+01 1.426367621895906712e+00
1.513749999999999929e+01 1.325786420467460758e+00
1.516249999999999964e+01 1.208361981220739345e+00
1.518750000000000000e+01 1.103143093264857155e+00
1.521250000000000036e+01 1.026754948687953251e+00
1.523750000000000071e+01 9.808548136110546434e-01
1.526249999999999929e+01 9.566688018397834226e-01
1.528749999999999964e+01 9.415060300236126611e-01
1.531250000000000000e+01 9.250920601464320825e-01
1.533750000000000036e+01 9.039303953956668858e-01
1.536250000000000071e+01 8.805063904192860225e-01
1.538749999999999929e+01 8.585561064882436533e-01
1.541249999999999964e+01 8.398319548877507534e-01
1.543750000000000000e+01 8.245873120838305148e-01
1.546250000000000036e+01 8.129666752131325946e-01
1.548750000000000071e+01 8.051988949259161199e-01
1.551249999999999929e+01 8.012135042838385290e-01
1.553749999999999964e+01 8.006226346916054393e-01
1.556250000000000000e+01 8.028992122304969836e-01
1.558750000000000036e+01 8.073530591427356962e-01
1.561250000000000071e+01 8.131083385151631759e-01
1.563749999999999929e+01 8.196865411500362519e-01
1.566249999999999964e+01 8.275595473280851211e-01
1.568750000000000000e+01 8.372330497433404517e-01
1.571250000000000036e+01 8.479154985208058326e-01
1.573750000000000071e+01 8.584388995341796225e-01
1.576249999999999929e+01 8.693631321946047041e-01
1.578749999999999964e+01 8.821166362784247372e-01
1.581250000000000000e+01 8.954605812704966583e-01
1.583750000000000036e+01 9.048037375244212255e-01
1.586250000000000071e+01 9.064167704758863131e-01
1.588749999999999929e+01 9.010011933271597773e-01
1.591249999999999964e+01 8.919369919426370918e-01
1.593750000000000000e+01 8.811444154546690388e-01
1.596250000000000036e+01 8.679216676555571164e-01
1.598750000000000071e+01 8.510983531608176111e-01
1.601249999999999929e+01 8.311413676523924376e-01
1.603750000000000142e+01 8.103140335578621345e-01
1.606250000000000000e+01 7.915013766360845526e-01
1.608749999999999858e+01 7.768370419672180338e-01
1.611250000000000071e+01 7.670498022454823595e-01
1.613749999999999929e+01 7.617405779514802022e-01
1.616250000000000142e+01 7.599977159046673592e-01
1.618750000000000000e+01 7.607190699131605172e-01
1.621249999999999858e+01 7.627316979839249278e-01
1.623750000000000071e+01 7.650055983392674008e-01
1.626249999999999929e+01 7.669442938302155621e-01
1.628750000000000142e+01 7.685626681464546861e-01
1.631250000000000000e+01 7.704706144228868903e-01
1.633749999999999858e+01 7.737990467692066332e-01
1.636250000000000071e+01 7.800884805916454834e-01
1.638749999999999929e+01 7.907306600697576737e-01
1.641250000000000142e+01 8.057998687325174103e-01
1.643750000000000000e+01 8.231261318322611320e-01
1.646249999999999858e+01 8.386660186436321052e-01
1.648750000000000071e+01 8.482636185537961726e-01
1.651249999999999929e+01 8.498675898779588511e-01
1.653750000000000142e+01 8.445725565107031763e-01
1.656250000000000000e+01 8.355205260429976466e-01
1.658749999999999858e+01 8.258940599454789311e-01
1.661250000000000071e+01 8.178898766994869840e-01
1.663749999999999929e+01 8.126219743284422981e-01
1.666250000000000142e+01 8.101049112776208538e-01
1.668750000000000000e+01 8.096116240923962870e-01
1.671249999999999858e+01 8.105546462174821887e-01
1.673750000000000071e+01 8.128632833910821587e-01
1.676249999999999929e+01 8.164513209866512966e-01
1.678750000000000142e+01 8.208434422785477746e-01
1.681250000000000000e+01 8.252736060972468701e-01
1.683749999999999858e+01 8.285027105137976466e-01
1.686250000000000071e+01 8.286881334169797775e-01
1.688749999999999929e+01 8.243237857602980778e-01
1.691250000000000142e+01 8.154184341024447447e-01
1.693750000000000000e+01 8.033955927758291704e-01
1.696249999999999858e+01 7.902741048011604486e-01
1.698750000000000071e+01 7.781913178500814432e-01
1.701249999999999929e+01 7.688157826693461372e-01
1.703750000000000142e+01 7.625666077447672553e-01
1.706250000000000000e+01 7.586889345404357332e-01
1.708749999999999858e+01 7.562589498744216598e-01
1.711250000000000071e+01 7.548808652491095783e-01
1.713749999999999929e+01 7.545049232014345852e-01
1.716250000000000142e+01 7.550157070174683405e-01
1.718750000000000000e+01 7.561365667301742644e-01
1.721249999999999858e+01 7.576198165347827196e-01
1.723750000000000071e+01 7.594513385757146740e-01
1.726249999999999929e+01 7.618194572416452370e-01
1.728750000000000142e+01 7.648528238898530951e-01
1.731250000000000000e+01 7.683808356296497610e-01
1.733749999999999858e+01 7.718245520494719791e-01
1.736250000000000071e+01 7.742428595966994731e-01
1.738749999999999929e+01 7.746560724797348918e-01
1.741250000000000142e+01 7.725136313850247127e-01
1.743750000000000000e+01 7.679930032636985704e-01
1.746249999999999858e+01 7.620773899213127978e-01
1.748750000000000071e+01 7.564264460236499454e-01
1.751249999999999929e+01 7.527974147957401385e-01
1.753750000000000142e+01 7.521878496786689183e-01
1.756250000000000000e+01 7.544627084237264247e-01
1.758749999999999858e+01 7.588404540645259377e-01
1.761250000000000071e+01 7.645577567977082101e-01
1.763749999999999929e+01 7.708752104801748217e-01
1.766250000000000142e+01 7.767257216842649026e-01
1.768750000000000000e+01 7.808651268080670782e-01
1.771249999999999858e+01 7.824369382583249433e-01
1.773750000000000071e+01 7.813061940294234731e-01
1.776249999999999929e+01 7.782786929077862847e-01
1.778750000000000142e+01 7.751437773108598162e-01
1.781250000000000000e+01 7.740159903466736768e-01
1.783749999999999858e+01 7.762452421967516170e-01
1.786250000000000071e+01 7.820266526095710491e-01
1.788749999999999929e+01 7.909274515143340789e-01
1.791250000000000142e+01 8.023073339865111064e-01
1.793750000000000000e+01 8.150161757299109189e-01
1.796249999999999858e+01 8.271539287905755877e-01
1.798750000000000071e+01 8.381311697784814552e-01
1.801249999999999929e+01 8.525842534575505116e-01
1.803750000000000142e+01 8.816560837318474508e-01
1.806250000000000000e+01 9.394577548142559742e-01
1.808749999999999858e+01 1.036777891718226874e+00
1.811250000000000071e+01 1.175661199199374174e+00
1.813749999999999929e+01 1.346325486562277574e+00
1.816250000000000142e+01 1.525411801892420760e+00
1.818750000000000000e+01 1.672546622264762917e+00
1.821249999999999858e+01 1.734595153736699036e+00
1.823750000000000071e+01 1.674138450684894419e+00
1.826249999999999929e+01 1.505389598224154302e+00
1.828750000000000142e+01 1.292103118990433508e+00
1.831250000000000000e+01 1.102826543854392272e+00
1.833749999999999858e+01 9.719287507840407292e-01
1.836250000000000071e+01 8.981015054746885884e-01
1.838749999999999929e+01 8.637567598000445157e-01
1.841250000000000142e+01 8.500888598310141209e-01
1.843750000000000000e+01 8.435222589071265098e-01
1.846249999999999858e+01 8.373661350428335259e-01
1.848750000000000071e+01 8.295544683245670292e-01
1.851249999999999929e+01 8.195583209477224074e-01
1.853750000000000142e+01 8.074124302369034556e-01
1.856250000000000000e+01 7.942042004125645649e-01
1.858749999999999858e+01 7.816158949462003180e-01
1.861250000000000071e+01 7.710853714703292949e-01
1.863749999999999929e+01 7.634871728062964102e-01
1.866250000000000142e+01 7.590530838648990031e-01
1.868750000000000000e+01 7.572524739817233508e-01
1.871249999999999858e+01 7.569813247580112758e-01
1.873750000000000071e+01 7.570426701155011928e-01
1.876249999999999929e+01 7.566332254237544408e-01
1.878750000000000142e+01 7.557241200890482125e-01
1.881250000000000000e+01 7.550067494703763815e-01
1.883749999999999858e+01 7.552318589638696844e-01
1.886250000000000071e+01 7.566459428638451223e-01
1.888749999999999929e+01 7.592079865505028113e-01
1.891250000000000142e+01 7.631864100036339638e-01
1.893750000000000000e+01 7.693488101420997705e-01
1.896249999999999858e+01 7.787180265055062556e-01
1.898750000000000071e+01 7.929143032127350388e-01
1.901249999999999929e+01 8.156288362421633131e-01
1.903750000000000142e+01 8.542864638303977465e-01
1.906250000000000000e+01 9.197396134974178405e-01
1.908749999999999858e+01 1.021947986193303404e+00
1.911250000000000071e+01 1.160436493808085556e+00
1.913749999999999929e+01 1.313515703136463486e+00
1.916250000000000142e+01 1.439040650653203635e+00
1.918750000000000000e+01 1.495325582259969366e+00
1.921249999999999858e+01 1.467781703602016652e+00
1.923750000000000071e+01 1.374983362596115644e+00
1.926249999999999929e+01 1.250804695093101326e+00
1.928750000000000142e+01 1.124851341990356524e+00
1.931250000000000000e+01 1.015795315449859793e+00
1.933749999999999858e+01 9.324768292446661277e-01
1.936250000000000071e+01 8.757850573529961657e-01
1.938749999999999929e+01 8.410704311468595318e-01
1.941250000000000142e+01 8.213805550763282337e-01
1.943750000000000000e+01 8.101448546663050365e-01
1.946249999999999858e+01 8.024622689685447785e-01
1.948750000000000071e+01 7.953859999954768778e-01
1.951249999999999929e+01 7.875668375713724689e-01
1.953750000000000142e+01 7.786663297395906014e-01
1.956250000000000000e+01 7.690434408129394050e-01
1.958749999999999858e+01 7.596059985399544745e-01
1.961250000000000071e+01 7.513708564725074535e-01
1.963749999999999929e+01 7.448149367225462836e-01
1.966250000000000142e+01 7.397899703052598364e-01
1.968750000000000000e+01 7.361207518645597192e-01
1.971249999999999858e+01 7.340619874250075005e-01
1.973750000000000071e+01 7.341788615062250223e-01
1.976249999999999929e+01 7.368888900432619682e-01
1.978750000000000142e+01 7.420480479987201505e-01
1.981250000000000000e+01 7.487481161765960902e-01
1.983749999999999858e+01 7.553925144455003737e-01
1.986250000000000071e+01 7.600706087273760847e-01
1.988749999999999929e+01 7.611298282984397812e-01
1.991250000000000142e+01 7.578517497469985376e-01
1.993750000000000000e+01 7.509318856288987876e-01
1.996249999999999858e+01 7.422682499282610147e-01
1.998750000000000071e+01 7.340750918471909969e-01
2.001249999999999929e+01 7.279304648898924368e-01
2.003750000000000142e+01 7.243694967087209724e-01
2.006250000000000000e+01 7.231024312395377684e-01
2.008749999999999858e+01 7.234141110381142603e-01
2.011250000000000071e+01 7.244045345534537717e-01
2.013749999999999929e+01 7.252994480053276405e-01
2.016250000000000142e+01 7.260362854476015704e-01
2.018750000000000000e+01 7.275834363916173775e-01
2.021249999999999858e+01 7.313323918566255744e-01
2.023750000000000071e+01 7.378906600228647417e-01
2.026249999999999929e+01 7.462474712884330508e-01
2.028750000000000142e+01 7.539520273725752730e-01
2.031250000000000000e+01 7.582609771700936641e-01
2.033749999999999858e+01 7.576178388492262883e-01
2.036250000000000071e+01 7.524675292750089284e-01
2.038749999999999929e+01 7.448573349990698089e-01
2.041250000000000142e+01 7.372453522133817216e-01
2.043750000000000000e+01 7.313290371111784705e-01
2.046249999999999858e+01 7.274640412180588545e-01
2.048750000000000071e+01 7.250278415058282189e-01
2.051249999999999929e+01 7.233355838150834494e-01
2.053750000000000142e+01 7.220941000663630982e-01
2.056250000000000000e+01 7.211677479204683383e-01
2.058749999999999858e+01 7.203510468997961214e-01
2.061250000000000071e+01 7.194638681774188083e-01
2.063749999999999929e+01 7.183976375224736532e-01
2.066250000000000142e+01 7.171161055224548608e-01
2.068750000000000000e+01 7.158204670095518196e-01
2.071249999999999858e+01 7.149772423670486265e-01
2.073750000000000071e+01 7.149387243577014495e-01
2.076249999999999929e+01 7.155491635904622783e-01
2.078750000000000142e+01 7.162581678833863652e-01
2.081250000000000000e+01 7.165764964437455475e-01
2.083749999999999858e+01 7.163488047151703730e-01
2.086250000000000071e+01 7.156812085127713940e-01
2.088749999999999929e+01 7.148718524296053811e-01
2.091250000000000142e+01 7.145329906477242421e-01
2.093750000000000000e+01 7.154956569509005604e-01
2.096249999999999858e+01 7.181866282764868270e-01
2.098750000000000071e+01 7.220738956608919734e-01
2.101249999999999929e+01 7.259395293941632854e-01
2.103750000000000142e+01 7.287034496839626119e-01
2.106250000000000000e+01 7.299267783423450950e-01
2.108749999999999858e+01 7.297528049166045472e-01
2.111250000000000071e+01 7.286605464918591846e-01
2.113749999999999929e+01 7.272064036841843215e-01
2.116250000000000142e+01 7.256968535115830843e-01
2.118750000000000000e+01 7.240030592419139932e-01
2.121249999999999858e+01 7.218756603173082098e-01
2.123750000000000071e+01 7.195400424893199087e-01
2.126249999999999929e+01 7.177028024836066278e-01
2.128750000000000142e+01 7.168231000207373471e-01
2.131250000000000000e+01 7.166853965138036964e-01
2.133749999999999858e+01 7.168893876200183035e-01
2.136250000000000071e+01 7.175426664232649188e-01
2.138749999999999929e+01 7.193681085671543851e-01
2.141250000000000142e+01 7.232889637927841786e-01
2.143750000000000000e+01 7.299287628699626662e-01
2.146249999999999858e+01 7.394422291406513859e-01
2.148750000000000071e+01 7.516540127505259017e-01
2.151249999999999929e+01 7.660161338533355568e-01
2.153750000000000142e+01 7.815317810771207352e-01
2.156250000000000000e+01 7.971941723873567920e-01
2.158749999999999858e+01 8.140671961156160652e-01
2.161250000000000071e+01 8.373115429669750753e-01
2.163749999999999929e+01 8.746883525883404342e-01
2.166250000000000142e+01 9.294076480091425507e-01
2.168750000000000000e+01 9.928683400742055465e-01
2.171249999999999858e+01 1.045583840484611393e+00
2.173750000000000071e+01 1.067327868547658820e+00
2.176249999999999929e+01 1.048849568913361008e+00
2.178750000000000142e+01 9.966282734696151335e-01
2.181250000000000000e+01 9.284023591421146637e-01
2.183749999999999858e+01 8.638353682868649130e-01
2.186250000000000071e+01 8.161793864769490980e-01
2.188749999999999929e+01 7.885139824631951511e-01
2.191250000000000142e+01 7.755846658290151963e-01
2.193750000000000000e+01 7.692050569145407746e-01
2.196249999999999858e+01 7.633676506503044301e-01
2.198750000000000071e+01 7.565004808532054259e-01
2.201249999999999929e+01 7.503373973135787356e-01
2.203750000000000142e+01 7.477715012698475938e-01
2.206250000000000000e+01 7.516695215057949131e-01
2.208749999999999858e+01 7.652364043146153705e-01
2.211250000000000071e+01 7.919030694687139160e-01
2.213749999999999929e+01 8.331525656914955391e-01
2.216250000000000142e+01 8.860373642740868583e-01
2.218750000000000000e+01 9.434809960593169009e-01
2.221249999999999858e+01 9.968735152950748413e-01
2.223750000000000071e+01 1.037439163487166249e+00
2.226249999999999929e+01 1.057004026500726779e+00
2.228750000000000142e+01 1.052059171570248086e+00
2.231250000000000000e+01 1.028500683470850996e+00
2.233749999999999858e+01 1.001259829593765582e+00
2.236250000000000071e+01 9.895730464159397943e-01
2.238749999999999929e+01 1.010679294294146047e+00
2.241250000000000142e+01 1.071718010516100161e+00
2.243750000000000000e+01 1.163537073748658557e+00
2.246249999999999858e+01 1.264505638530024623e+00
2.248750000000000071e+01 1.354302491170988443e+00
2.251249999999999929e+01 1.424731339798948504e+00
2.253750000000000142e+01 1.477532996047972391e+00
2.256250000000000000e+01 1.515706404214932856e+00
2.258749999999999858e+01 1.539939456237783055e+00
2.261250000000000071e+01 1.551177977482724568e+00
2.263749999999999929e+01 1.553882740140788865e+00
2.266250000000000142e+01 1.557106092527654972e+00
2.268750000000000000e+01 1.569290924600311055e+00
2.271249999999999858e+01 1.588976835506727969e+00
2.273750000000000071e+01 1.603679645294311396e+00
2.276249999999999929e+01 1.600531048552928270e+00
2.278750000000000142e+01 1.576513504721220205e+00
2.281250000000000000e+01 1.537148345028849228e+00
2.283749999999999858e+01 1.487887249184106198e+00
2.286250000000000071e+01 1.428976842076626008e+00
2.288749999999999929e+01 1.357039404470719468e+00
2.291250000000000142e+01 1.270285078880875940e+00
2.293750000000000000e+01 1.173294044979286355e+00
2.296249999999999858e+01 1.076717300923248244e+00
2.298750000000000071e+01 9.923569688364475283e-01
2.301249999999999929e+01 9.288860238352797394e-01
2.303750000000000142e+01 8.909600212674737563e-01
2.306250000000000000e+01 8.804257164546644976e-01
2.308749999999999858e+01 8.985754681570752300e-01
2.311250000000000071e+01 9.479981490295739111e-01
2.313749999999999929e+01 1.030145087857433417e+00
2.316250000000000142e+01 1.137871993073872323e+00
2.318750000000000000e+01 1.249753923232770569e+00
2.321249999999999858e+01 1.334551579883239247e+00
2.323750000000000071e+01 1.366074454586051701e+00
2.326249999999999929e+01 1.337441072588763991e+00
2.328750000000000142e+01 1.262966237114404811e+00
2.331250000000000000e+01 1.168441096971277293e+00
2.333749999999999858e+01 1.080547944039554675e+00
2.336250000000000071e+01 1.019313328950593567e+00
2.338749999999999929e+01 9.918888441378084231e-01
2.341250000000000142e+01 9.918162204036727880e-01
2.343750000000000000e+01 1.006505300917562629e+00
2.346249999999999858e+01 1.024198936809682436e+00
2.348750000000000071e+01 1.034080516094515456e+00
2.351249999999999929e+01 1.026193257430374928e+00
2.353750000000000142e+01 9.968537176915459597e-01
2.356250000000000000e+01 9.519664818509607773e-01
2.358749999999999858e+01 9.021032752402333710e-01
2.361250000000000071e+01 8.552088814098457448e-01
2.363749999999999929e+01 8.144774108551244840e-01
2.366250000000000142e+01 7.808649425759063289e-01
2.368750000000000000e+01 7.550835074749977505e-01
2.371249999999999858e+01 7.368789943891195238e-01
2.373750000000000071e+01 7.241099924871933213e-01
2.376249999999999929e+01 7.139139695737666269e-01
2.378750000000000142e+01 7.050332763386037982e-01
2.381250000000000000e+01 6.987887754305044385e-01
2.383749999999999858e+01 6.977307153469158862e-01
2.386250000000000071e+01 7.029671498712751765e-01
2.388749999999999929e+01 7.123014127816111873e-01
2.391250000000000142e+01 7.210786749814406260e-01
2.393750000000000000e+01 7.252120781999917831e-01
2.396249999999999858e+01 7.237661682994864787e-01
2.398750000000000071e+01 7.191880526456073675e-01
2.401249999999999929e+01 7.151184905714983442e-01
2.403750000000000142e+01 7.132418930818189562e-01
2.406250000000000000e+01 7.119337584849113609e-01
2.408749999999999858e+01 7.084208031164134223e-01
2.411250000000000071e+01 7.021420293814149005e-01
2.413749999999999929e+01 6.958744655423032555e-01
2.416250000000000142e+01 6.939542961263021059e-01
2.418750000000000000e+01 6.988938463762154329e-01
2.421249999999999858e+01 7.084944390908090028e-01
2.423750000000000071e+01 7.166206055080139858e-01
2.426249999999999929e+01 7.185991296686282670e-01
2.428750000000000142e+01 7.163742367980988623e-01
2.431250000000000000e+01 7.172084832781552288e-01
2.433749999999999858e+01 7.262818273373288225e-01
2.436250000000000071e+01 7.403746204135568387e-01
2.438749999999999929e+01 7.494286225817119451e-01
2.441250000000000142e+01 7.458569181435696915e-01
2.443750000000000000e+01 7.327970639855756474e-01
2.446249999999999858e+01 7.229774491947400517e-01
2.448750000000000071e+01 7.292612165678754588e-01
2.451249999999999929e+01 7.543082720036666800e-01
2.453750000000000142e+01 7.864313100543530721e-01
2.456250000000000000e+01 8.074842603787097950e-01
2.458749999999999858e+01 8.098862556101429355e-01
2.461250000000000071e+01 8.067418252312164029e-01
2.463749999999999929e+01 8.211846854112019312e-01
2.466250000000000142e+01 8.623466272579638492e-01
2.468750000000000000e+01 9.110165091784709901e-01
2.471249999999999858e+01 9.333098435636496548e-01
2.473750000000000071e+01 9.156055106859023462e-01
2.476249999999999929e+01 8.862324714927247715e-01
2.478750000000000142e+01 8.995511490712702063e-01
2.481250000000000000e+01 9.952924831442787612e-01
2.483749999999999858e+01 1.163557833723420698e+00
2.486250000000000071e+01 1.349147569647486389e+00
2.488749999999999929e+01 1.522274772254252229e+00
2.491250000000000142e+01 1.779210677248567185e+00
2.493750000000000000e+01 2.356840441167899591e+00
2.496249999999999858e+01 3.449281256270146034e+00
2.498750000000000071e+01 4.894617959247955064e+00
2.501249999999999929e+01 6.063622299698945284e+00
2.503750000000000142e+01 6.250836159855818863e+00
2.506250000000000000e+01 5.297758598331305357e+00
2.508749999999999858e+01 3.743906698745598671e+00
2.511250000000000071e+01 2.321638030401349528e+00
2.513749999999999929e+01 1.412271572575586998e+00
2.516250000000000142e+01 9.792234797377543654e-01
2.518750000000000000e+01 8.220655553839746332e-01
2.521249999999999858e+01 7.792903464822606985e-01
2.523750000000000071e+01 7.723968643445623394e-01
2.526249999999999929e+01 7.776517152661256427e-01
2.528750000000000142e+01 7.967412806696005934e-01
2.531250000000000000e+01 8.396544564039135627e-01
2.533749999999999858e+01 9.157293028995719952e-01
2.536250000000000071e+01 1.023770751999008466e+00
2.538749999999999929e+01 1.143811422146209233e+00
2.541250000000000142e+01 1.240525185845986478e+00
2.543750000000000000e+01 1.283535669887253317e+00
2.546249999999999858e+01 1.266947228026168215e+00
2.548750000000000071e+01 1.206842362072384045e+00
2.551249999999999929e+01 1.125084564358873163e+00
2.553750000000000142e+01 1.041610866265351820e+00
2.556250000000000000e+01 9.759137194887125277e-01
2.558749999999999858e+01 9.452822064065515839e-01
2.561250000000000071e+01 9.582731181661034991e-01
2.563749999999999929e+01 1.010221204633809267e+00
2.566250000000000142e+01 1.085230589897231646e+00
2.568750000000000000e+01 1.164396637220102004e+00
2.571249999999999858e+01 1.233890665987743107e+00
2.573750000000000071e+01 1.286764263609385228e+00
2.576249999999999929e+01 1.319523108788579258e+00
2.578750000000000142e+01 1.330350556729730016e+00
2.581250000000000000e+01 1.320723304346659965e+00
2.583749999999999858e+01 1.295738309983259562e+00
2.586250000000000071e+01 1.260015299058014682e+00
2.588749999999999929e+01 1.213774770594102659e+00
2.591250000000000142e+01 1.155451026469771936e+00
2.593750000000000000e+01 1.088154308347711652e+00
2.596249999999999858e+01 1.022272427366508918e+00
2.598750000000000071e+01 9.724791495709395051e-01
2.601249999999999929e+01 9.537897075749837139e-01
2.603750000000000142e+01 9.789395970649273915e-01
2.606250000000000000e+01 1.055161521488384713e+00
2.608749999999999858e+01 1.178593943997487292e+00
2.611250000000000071e+01 1.329851124996065614e+00
2.613749999999999929e+01 1.477378594008507795e+00
2.616250000000000142e+01 1.590251695034171409e+00
2.618750000000000000e+01 1.652328841505234180e+00
2.621249999999999858e+01 1.666238792368769595e+00
2.623750000000000071e+01 1.644948990465902039e+00
2.626249999999999929e+01 1.599740210308460586e+00
2.628750000000000142e+01 1.534219810519928728e+00
2.631250000000000000e+01 1.446875552121835273e+00
2.633749999999999858e+01 1.338065693181643701e+00
2.636250000000000071e+01 1.214920654495736496e+00
2.638749999999999929e+01 1.090744059165714930e+00
2.641250000000000142e+01 9.804008835187030257e-01
2.643750000000000000e+01 8.944699570756724505e-01
2.646249999999999858e+01 8.355218500834740158e-01
2.648750000000000071e+01 7.988017737186732248e-01
2.651249999999999929e+01 7.764448182451924030e-01
2.653750000000000142e+01 7.617119648576682334e-01
2.656250000000000000e+01 7.509306868018513770e-01
2.658749999999999858e+01 7.430316889927282009e-01
2.661250000000000071e+01 7.379903002123927580e-01
2.663749999999999929e+01 7.356799368162506569e-01
2.666250000000000142e+01 7.357213299888615277e-01
2.668750000000000000e+01 7.377026550899241641e-01
2.671249999999999858e+01 7.410853919563020753e-01
2.673750000000000071e+01 7.449569340394665007e-01
2.676249999999999929e+01 7.481687113588695315e-01
2.678750000000000142e+01 7.498895751617417060e-01
2.681250000000000000e+01 7.501406814981742555e-01
2.683749999999999858e+01 7.497172923358854657e-01
2.686250000000000071e+01 7.492782020395396536e-01
2.688749999999999929e+01 7.484760321916190673e-01
2.691250000000000142e+01 7.464167501254024284e-01
2.693750000000000000e+01 7.430536803121801093e-01
2.696249999999999858e+01 7.396335970426994866e-01
2.698750000000000071e+01 7.375910206427140903e-01
2.701249999999999929e+01 7.373135189274594437e-01
2.703750000000000142e+01 7.381281279929203798e-01
2.706250000000000000e+01 7.392846649370427015e-01
2.708749999999999858e+01 7.408589300769590213e-01
2.711250000000000071e+01 7.435519243703175851e-01
2.713749999999999929e+01 7.474990123556305432e-01
2.716250000000000142e+01 7.516353824994366217e-01
2.718750000000000000e+01 7.546126946110764955e-01
2.721249999999999858e+01 7.560325944094130612e-01
2.723750000000000071e+01 7.563153481847580961e-01
2.726249999999999929e+01 7.557956843912396749e-01
2.728750000000000142e+01 7.545580980605481880e-01
2.731250000000000000e+01 7.529599561088106130e-01
2.733749999999999858e+01 7.517262326464486666e-01
2.736250000000000071e+01 7.513100424992189552e-01
2.738749999999999929e+01 7.512027439655728500e-01
2.741250000000000142e+01 7.501323801392565382e-01
2.743750000000000000e+01 7.473382072232223061e-01
2.746249999999999858e+01 7.436529622455592126e-01
2.748750000000000071e+01 7.409872438088802582e-01
2.751249999999999929e+01 7.405998845999959279e-01
2.753750000000000142e+01 7.419972399889384063e-01
2.756250000000000000e+01 7.436317347696395075e-01
2.758749999999999858e+01 7.447221221875690578e-01
2.761250000000000071e+01 7.463635885986974472e-01
2.763749999999999929e+01 7.505495243139759243e-01
2.766250000000000142e+01 7.577707046383171940e-01
2.768750000000000000e+01 7.657714301383444777e-01
2.771249999999999858e+01 7.721004296606400752e-01
2.773750000000000071e+01 7.795560604012985451e-01
2.776249999999999929e+01 7.989665113365878035e-01
2.778750000000000142e+01 8.428947122967394012e-01
2.781250000000000000e+01 9.111061148250250152e-01
2.783749999999999858e+01 9.816714483983497441e-01
2.786250000000000071e+01 1.023917034034653728e+00
2.788749999999999929e+01 1.027104514318030626e+00
2.791250000000000142e+01 1.012449011880682814e+00
2.793750000000000000e+01 1.009146687560807054e+00
2.796249999999999858e+01 1.020399312919168411e+00
2.798750000000000071e+01 1.021004481975942513e+00
2.801249999999999929e+01 9.890295440555925133e-01
2.803750000000000142e+01 9.326044554786490082e-01
2.806250000000000000e+01 8.836038450146219692e-01
2.808749999999999858e+01 8.699388899245870110e-01
2.811250000000000071e+01 8.941461931655498852e-01
2.813749999999999929e+01 9.324442116921092261e-01
2.816250000000000142e+01 9.530831304130916726e-01
2.818750000000000000e+01 9.398769563245332748e-01
2.821249999999999858e+01 9.006917059200285625e-01
2.823750000000000071e+01 8.566461037050581151e-01
2.826249999999999929e+01 8.274416564835239685e-01
2.828750000000000142e+01 8.250921673366640174e-01
2.831250000000000000e+01 8.525796404325327593e-01
2.833749999999999858e+01 9.012688963640820283e-01
2.836250000000000071e+01 9.497037860658426034e-01
2.838749999999999929e+01 9.718860848613259940e-01
2.841250000000000142e+01 9.548265426811978207e-01
2.843750000000000000e+01 9.098665712494679036e-01
2.846249999999999858e+01 8.643861518396758203e-01
2.848750000000000071e+01 8.419192554535381845e-01
2.851249999999999929e+01 8.491926256357109626e-01
2.853750000000000142e+01 8.759401697794636510e-01
2.856250000000000000e+01 9.025629035520451593e-01
2.858749999999999858e+01 9.109352908957313311e-01
2.861250000000000071e+01 8.938675678172882666e-01
2.863749999999999929e+01 8.577983224975196386e-01
2.866250000000000142e+01 8.176697185692980430e-01
2.868750000000000000e+01 7.886228595440675226e-01
2.871249999999999858e+01 7.801230170604490644e-01
2.873750000000000071e+01 7.945922862822646371e-01
2.876249999999999929e+01 8.294587339133725479e-01
2.878750000000000142e+01 8.794129906555101517e-01
2.881250000000000000e+01 9.372511842310311536e-01
2.883749999999999858e+01 9.934962663039708097e-01
2.886250000000000071e+01 1.036306382021416450e+00
2.888749999999999929e+01 1.053711510925117167e+00
2.891250000000000142e+01 1.038652269744217982e+00
2.893750000000000000e+01 9.938758627615171815e-01
2.896249999999999858e+01 9.319412678498038005e-01
2.898750000000000071e+01 8.687559176458283794e-01
2.901249999999999929e+01 8.155578777387619827e-01
2.903750000000000142e+01 7.758729506979948898e-01
2.906250000000000000e+01 7.478924274205560607e-01
2.908749999999999858e+01 7.280350490144190667e-01
2.911250000000000071e+01 7.134687152728953485e-01
2.913749999999999929e+01 7.031622154413547099e-01
2.916250000000000142e+01 6.976563064911949219e-01
2.918750000000000000e+01 6.976894678772567193e-01
2.921249999999999858e+01 7.031574260306225899e-01
2.923750000000000071e+01 7.128063182712844892e-01
2.926249999999999929e+01 7.245244992485982971e-01
2.928750000000000142e+01 7.357822500432591450e-01
2.931250000000000000e+01 7.441061528666985669e-01
2.933749999999999858e+01 7.475447347882278049e-01
2.936250000000000071e+01 7.450877583845991747e-01
2.938749999999999929e+01 7.369881242518430131e-01
2.941250000000000142e+01 7.247811803920033435e-01
2.943750000000000000e+01 7.108379127457153945e-01
2.946249999999999858e+01 6.975765736676914353e-01
2.948750000000000071e+01 6.867519106354391667e-01
2.951249999999999929e+01 6.791798627036979008e-01
2.953750000000000142e+01 6.749117149059248311e-01
2.956250000000000000e+01 6.735651960506547908e-01
2.958749999999999858e+01 6.744981662425878488e-01
2.961250000000000071e+01 6.768293174376822652e-01
2.963749999999999929e+01 6.794280355017505713e-01
2.966250000000000142e+01 6.809648108643513442e-01
2.968750000000000000e+01 6.801465405584046220e-01
2.971249999999999858e+01 6.764165624915975394e-01
2.973750000000000071e+01 6.706528436896106449e-01
2.976249999999999929e+01 6.648318457590520758e-01
2.978750000000000142e+01 6.606732949738542970e-01
2.981250000000000000e+01 6.585579557772649473e-01
2.983749999999999858e+01 6.576207262806740284e-01
2.986250000000000071e+01 6.566573997028846144e-01
2.988749999999999929e+01 6.549904607772861764e-01
2.991250000000000142e+01 6.527597310891976035e-01
2.993750000000000000e+01 6.505944685525906213e-01
2.996249999999999858e+01 6.489978648967404951e-01
2.998750000000000071e+01 6.479240824649019626e-01
3.001249999999999929e+01 6.468160543974919019e-01
3.003750000000000142e+01 6.450197690653349802e-01
3.006250000000000000e+01 6.422569933653334839e-01
3.008749999999999858e+01 6.388613043938777825e-01
3.011250000000000071e+01 6.356314123060041732e-01
3.013749999999999929e+01 6.333707182248181633e-01
3.016250000000000142e+01 6.324476691330918054e-01
3.018750000000000000e+01 6.327480405739909219e-01
3.021249999999999858e+01 6.339419493146845053e-01
3.023750000000000071e+01 6.356718284575548772e-01
3.026249999999999929e+01 6.375468228058136511e-01
3.028750000000000142e+01 6.391794904167571456e-01
3.031250000000000000e+01 6.403442479606832327e-01
3.033749999999999858e+01 6.410376462744562520e-01
3.036250000000000071e+01 6.413977055229622692e-01
3.038749999999999929e+01 6.416971385234038205e-01
3.041250000000000142e+01 6.424618134387580781e-01
3.043750000000000000e+01 6.444289259244921908e-01
3.046249999999999858e+01 6.481534087539749800e-01
3.048750000000000071e+01 6.534738859590720761e-01
3.051249999999999929e+01 6.592718830312860323e-01
3.053750000000000142e+01 6.638478212875371653e-01
3.056250000000000000e+01 6.658632841282667858e-01
3.058749999999999858e+01 6.652503725309667493e-01
3.061250000000000071e+01 6.631592441813664029e-01
3.063749999999999929e+01 6.608099468542434352e-01
3.066250000000000142e+01 6.586167813833279094e-01
3.068750000000000000e+01 6.567492327151329690e-01
3.071249999999999858e+01 6.563067829955828714e-01
3.073750000000000071e+01 6.593980115432289679e-01
3.076249999999999929e+01 6.679589678855349932e-01
3.078750000000000142e+01 6.831649082840607345e-01
3.081250000000000000e+01 7.064556813344851083e-01
3.083749999999999858e+01 7.404802698622303669e-01
3.086250000000000071e+01 7.870176049117869610e-01
3.088749999999999929e+01 8.419706444140516721e-01
3.091250000000000142e+01 8.922525947222906817e-01
3.093750000000000000e+01 9.202935562015057691e-01
3.096249999999999858e+01 9.156341754887117323e-01
3.098750000000000071e+01 8.836582088936095758e-01
3.101249999999999929e+01 8.427454579230468923e-01
3.103750000000000142e+01 8.134631421082643143e-01
3.106250000000000000e+01 8.104559072472899972e-01
3.108749999999999858e+01 8.409630922613843262e-01
3.111250000000000071e+01 9.058240717766379291e-01
3.113749999999999929e+01 9.984481629113850509e-01
3.116250000000000142e+01 1.102880615980977641e+00
3.118750000000000000e+01 1.196159675522036281e+00
3.121249999999999858e+01 1.257834474142685011e+00
3.123750000000000071e+01 1.282725570197561726e+00
3.126249999999999929e+01 1.287304451594614152e+00
3.128750000000000142e+01 1.302902421178665504e+00
3.131250000000000000e+01 1.356726335233681358e+00
3.133749999999999858e+01 1.452045485087807286e+00
3.136250000000000071e+01 1.563878398576239892e+00
3.138749999999999929e+01 1.656781241834023977e+00
3.141250000000000142e+01 1.708153427733998253e+00
3.143750000000000000e+01 1.713364503315598419e+00
3.146249999999999858e+01 1.674054709591559664e+00
3.148750000000000071e+01 1.591010205214990147e+00
3.151249999999999929e+01 1.469747559436613837e+00
3.153750000000000142e+01 1.326968730313303091e+00
3.156250000000000000e+01 1.188822855558350877e+00
3.158749999999999858e+01 1.083494800832837557e+00
3.161250000000000071e+01 1.033515413941465066e+00
3.163749999999999929e+01 1.048287259049045073e+00
3.166250000000000142e+01 1.118426087465659080e+00
3.168750000000000000e+01 1.217720448724586735e+00
3.171249999999999858e+01 1.313605063533532125e+00
3.173750000000000071e+01 1.377241749323151687e+00
3.176249999999999929e+01 1.387165955532053019e+00
3.178750000000000142e+01 1.332984381647393857e+00
3.181250000000000000e+01 1.222128711817421109e+00
3.183749999999999858e+01 1.080465500945454016e+00
3.186250000000000071e+01 9.406225182319268852e-01
3.188749999999999929e+01 8.264050460568994616e-01
3.191250000000000142e+01 7.456982162362930655e-01
3.193750000000000000e+01 6.942569652574328565e-01
3.196249999999999858e+01 6.633219781755866906e-01
3.198750000000000071e+01 6.446723756313508247e-01
3.201250000000000284e+01 6.325012078048695141e-01
3.203750000000000142e+01 6.234834011677485854e-01
3.206250000000000000e+01 6.161434498892390810e-01
3.208749999999999858e+01 6.097822069813521040e-01
3.211249999999999716e+01 6.038197187767561092e-01
3.213750000000000284e+01 5.978205254711597139e-01
3.216250000000000142e+01 5.918607346924467105e-01
3.218750000000000000e+01 5.865017899112763278e-01
3.221249999999999858e+01 5.822810601999744984e-01
3.223749999999999716e+01 5.792943902809146728e-01
3.226250000000000284e+01 5.773149465515482470e-01
3.228750000000000142e+01 5.761365307019705728e-01
3.231250000000000000e+01 5.756278847332584325e-01
3.233749999999999858e+01 5.755527738854185893e-01
3.236249999999999716e+01 5.755377363280130831e-01
3.238750000000000284e+01 5.752172578185104079e-01
3.241250000000000142e+01 5.743540281445616014e-01
3.243750000000000000e+01 5.729300475552349114e-01
3.246249999999999858e+01 5.712140683034481192e-01
3.248749999999999716e+01 5.696812729464455494e-01
3.251250000000000284e+01 5.687482999755660851e-01
3.253750000000000142e+01 5.685425479896525358e-01
3.256250000000000000e+01 5.689461347242528166e-01
3.258749999999999858e+01 5.699102940519005234e-01
3.261249999999999716e+01 5.717115221092236022e-01
3.263750000000000284e+01 5.749104164085503399e-01
3.266250000000000142e+01 5.800292824291120031e-01
3.268750000000000000e+01 5.872320597670581677e-01
3.271249999999999858e+01 5.961042973616669238e-01
3.273749999999999716e+01 6.054647639165360307e-01
3.276250000000000284e+01 6.133835403062148917e-01
3.278750000000000142e+01 6.178204286775156318e-01
3.281250000000000000e+01 6.177058736031685315e-01
3.283749999999999858e+01 6.135838074522669272e-01
3.286249999999999716e+01 6.073084667189975194e-01
3.288750000000000284e+01 6.011858884227057054e-01
3.291250000000000142e+01 5.971602970096736573e-01
3.293750000000000000e+01 5.963432812314944931e-01
3.296249999999999858e+01 5.990196341341331721e-01
3.298749999999999716e+01 6.053127352783616022e-01
3.301250000000000284e+01 6.163786213342625775e-01
3.303750000000000142e+01 6.352187065150436407e-01
3.306250000000000000e+01 6.648235034099797547e-01
3.308749999999999858e+01 7.031943479383282458e-01
3.311249999999999716e+01 7.400461629271763986e-01
3.313750000000000284e+01 7.614532988082307607e-01
3.316250000000000142e+01 7.596845202882667181e-01
3.318750000000000000e+01 7.378526733637950086e-01
3.321249999999999858e+01 7.060377412294711608e-01
3.323749999999999716e+01 6.748258160633620051e-01
3.326250000000000284e+01 6.508817147890062493e-01
3.328750000000000142e+01 6.357423279199286847e-01
3.331250000000000000e+01 6.279794625852438417e-01
3.333749999999999858e+01 6.264416834120811739e-01
3.336249999999999716e+01 6.318431137837002831e-01
3.338750000000000284e+01 6.464952668620829179e-01
3.341250000000000142e+01 6.729444577074599199e-01
3.343750000000000000e+01 7.111615480021262758e-01
3.346249999999999858e+01 7.548001863759952190e-01
3.348749999999999716e+01 7.903784675875279442e-01
3.351250000000000284e+01 8.030738865448470154e-01
3.353750000000000142e+01 7.866774909369873559e-01
3.356250099999999748e+01 7.487917033377048392e-01
3.358750100000000316e+01 7.058318218041026437e-01
3.361250100000000174e+01 6.732300624898222008e-01
3.363750100000000032e+01 6.597717590780256547e-01
3.366250099999999890e+01 6.679324266225586948e-01
3.368750099999999748e+01 6.951379764108722714e-01
3.371250100000000316e+01 7.328087806089168543e-01
3.373750100000000174e+01 7.663537487334585174e-01
3.376250100000000032e+01 7.802810089859136822e-01
3.378750099999999890e+01 7.665038496506668686e-01
3.381250099999999748e+01 7.289956288963692632e-01
3.383750100000000316e+01 6.807114827890935471e-01
3.386250100000000174e+01 6.358035072677719057e-01
3.388750100000000032e+01 6.030639930497464496e-01
3.391250099999999890e+01 5.839849722831602641e-01
3.393750099999999748e+01 5.750442883387968385e-01
3.396250100000000316e+01 5.714528638053375520e-01
3.398750100000000174e+01 5.695997896265464489e-01
3.401250100000000032e+01 5.674131589687729793e-01
3.403750099999999890e+01 5.639794436053662263e-01
3.406250099999999748e+01 5.596867523162982749e-01
3.408750100000000316e+01 5.561675859701145086e-01
3.411250100000000174e+01 5.550396000336936808e-01
3.413750100000000032e+01 5.563973933344674716e-01
3.416250099999999890e+01 5.589470710209649695e-01
3.418750099999999748e+01 5.615871848808645650e-01
3.421250100000000316e+01 5.641870430599442710e-01
3.423750100000000174e+01 5.666890029489244363e-01
3.426250100000000032e+01 5.683079046832640868e-01
3.428750099999999890e+01 5.684365247753416783e-01
3.431250099999999748e+01 5.679011589531369752e-01
3.433750100000000316e+01 5.683510365392658858e-01
3.436250100000000174e+01 5.702557257362537158e-01
3.438750100000000032e+01 5.723369745707066469e-01
3.441250099999999890e+01 5.734164838469031356e-01
3.443750099999999748e+01 5.740665818750436689e-01
3.446250100000000316e+01 5.756338049259408507e-01
3.448750100000000174e+01 5.781399104719001647e-01
3.451250100000000032e+01 5.805116227303783738e-01
3.453750099999999890e+01 5.829813323903563216e-01
3.456250099999999748e+01 5.875962986841355429e-01
3.458750100000000316e+01 5.951813145222439871e-01
3.461250100000000174e+01 6.032963393882263547e-01
3.463750100000000032e+01 6.091102282930649370e-01
3.466250099999999890e+01 6.131122731513758417e-01
3.468750099999999748e+01 6.177533108273466356e-01
3.471250100000000316e+01 6.231822938646863763e-01
3.473750100000000174e+01 6.274171418943229606e-01
3.476250100000000032e+01 6.310277502886549872e-01
3.478750099999999890e+01 6.379602986708897694e-01
3.481250099999999748e+01 6.494673628388037967e-01
3.483750100000000316e+01 6.609242441706368876e-01
3.486250100000000174e+01 6.691666272831119366e-01
3.488750100000000032e+01 6.793265579923450925e-01
3.491250099999999890e+01 6.976996660862592181e-01
3.493750099999999748e+01 7.201593782230173435e-01
3.496250100000000316e+01 7.373120360174563181e-01
3.498750100000000174e+01 7.514788851865742414e-01
3.501250100000000032e+01 7.768559745424156171e-01
3.503750099999999890e+01 8.183466530798009231e-01
3.506250099999999748e+01 8.630560875470669746e-01
3.508750100000000316e+01 9.039122313943482867e-01
3.511250100000000174e+01 9.583307553959418135e-01
3.513750100000000032e+01 1.045157365632973789e+00
3.516250099999999890e+01 1.153180050464987616e+00
3.518750099999999748e+01 1.265233577679083066e+00
3.521250100000000316e+01 1.414828642697373073e+00
3.523750100000000174e+01 1.683742240370017518e+00
3.526250100000000032e+01 2.133193687512341619e+00
3.528750099999999890e+01 2.793591972731829465e+00
3.531250099999999748e+01 3.732722394938418287e+00
3.533750100000000316e+01 4.986762543635069100e+00
3.536250100000000174e+01 6.285357530118371727e+00
3.538750100000000032e+01 6.983537001049960224e+00
3.541250099999999890e+01 6.541303412766485081e+00
3.543750099999999748e+01 5.087326781972085321e+00
3.546250100000000316e+01 3.336204332250230831e+00
3.548750100000000174e+01 1.965954639963437778e+00
3.551250100000000032e+01 1.198663676456049210e+00
3.553750099999999890e+01 8.954751293722936767e-01
3.556250099999999748e+01 8.446817883217325740e-01
3.558750100000000316e+01 9.143648157738879512e-01
3.561250100000000174e+01 1.045082450422952336e+00
3.563750100000000032e+01 1.196133839276069422e+00
3.566250099999999890e+01 1.315831816692570433e+00
3.568750099999999748e+01 1.352069721430900984e+00
3.571250100000000316e+01 1.282113816015484797e+00
3.573750100000000174e+01 1.129056566381688276e+00
3.576250100000000032e+01 9.471431800586156413e-01
3.578750099999999890e+01 7.884687172300958169e-01
3.581250099999999748e+01 6.784989349279290094e-01
3.583750100000000316e+01 6.145914865977026853e-01
3.586250100000000174e+01 5.807307903224047108e-01
3.588750100000000032e+01 5.622344403965819915e-01
3.591250099999999890e+01 5.506988004453545749e-01
3.593750099999999748e+01 5.420413734796025729e-01
3.596250100000000316e+01 5.343542603036575134e-01
3.598750100000000174e+01 5.273612915117475985e-01
3.601250100000000032e+01 5.215679380393889453e-01
3.603750099999999890e+01 5.171491490177281269e-01
3.606250099999999748e+01 5.137439017581497680e-01
3.608750100000000316e+01 5.109644325257346464e-01
3.611250100000000174e+01 5.086406981950428730e-01
3.613750100000000032e+01 5.067601770521884541e-01
3.616250099999999890e+01 5.054724828802892311e-01
3.618750099999999748e+01 5.050607835277416413e-01
3.621250100000000316e+01 5.056641463313369389e-01
3.623750100000000174e+01 5.070310553984246349e-01
3.626250100000000032e+01 5.086008764482070621e-01
3.628750099999999890e+01 5.097792753126867416e-01
3.631250099999999748e+01 5.101439530705333958e-01
3.633750100000000316e+01 5.095749931765812812e-01
3.636250100000000174e+01 5.083095913418704814e-01
3.638750100000000032e+01 5.067921024800684515e-01
3.641250099999999890e+01 5.053703635361481705e-01
3.643750099999999748e+01 5.041739231194503068e-01
3.646250100000000316e+01 5.033708911091978599e-01
3.648750100000000174e+01 5.035258737793038009e-01
3.651250100000000032e+01 5.055754713831684954e-01
3.653750099999999890e+01 5.101517170455535100e-01
3.656250099999999748e+01 5.165706785866280848e-01
3.658750100000000316e+01 5.223903910852760735e-01
3.661250100000000174e+01 5.243625730588975520e-01
3.663750100000000032e+01 5.204809568883945747e-01
3.666250099999999890e+01 5.114459493467050644e-01
3.668750099999999748e+01 5.001285732662152927e-01
3.671250100000000316e+01 4.896219211886539968e-01
3.673750100000000174e+01 4.817081988319082964e-01
3.676250100000000032e+01 4.766355554080366486e-01
3.678750099999999890e+01 4.737536043218971704e-01
3.681250099999999748e+01 4.722631750671929529e-01
3.683750100000000316e+01 4.716805772312371303e-01
3.686250100000000174e+01 4.718635380379454514e-01
3.688750100000000032e+01 4.727658017745042240e-01
3.691250099999999890e+01 4.742334797375471478e-01
3.693750099999999748e+01 4.760019807140347115e-01
3.696250100000000316e+01 4.776604580662103805e-01
3.698750100000000174e+01 4.784716042993278906e-01
3.701250100000000032e+01 4.774371179695197087e-01
3.703750099999999890e+01 4.740481706963318165e-01
3.706250099999999748e+01 4.691796229736996393e-01
3.708750100000000316e+01 4.647823162947934406e-01
3.711250100000000174e+01 4.622476391319619848e-01
3.713750100000000032e+01 4.614126450061052376e-01
3.716250099999999890e+01 4.614474142557213332e-01
3.718750099999999748e+01 4.620159061269496492e-01
3.721250100000000316e+01 4.630171034355950455e-01
3.723750100000000174e+01 4.641756930445187779e-01
3.726250100000000032e+01 4.661446252070795548e-01
3.728750099999999890e+01 4.714870696587920573e-01
3.731250099999999748e+01 4.831724263679298970e-01
3.733750100000000316e+01 5.026206087290755464e-01
3.736250100000000174e+01 5.312565062270985239e-01
3.738750100000000032e+01 5.722844961727995283e-01
3.741250099999999890e+01 6.243264494161664402e-01
3.743750099999999748e+01 6.712276056421071502e-01
3.746250100000000316e+01 6.868863342460100885e-01
3.748750100000000174e+01 6.585646637533797421e-01
3.751250100000000032e+01 6.021448587790454443e-01
3.753750099999999890e+01 5.489646481407781664e-01
3.756250099999999748e+01 5.213051514162272415e-01
3.758750100000000316e+01 5.246354114437986604e-01
3.761250100000000174e+01 5.557627701710100565e-01
3.763750100000000032e+01 6.055617435028779472e-01
3.766250099999999890e+01 6.524441789712284168e-01
3.768750099999999748e+01 6.665152759380836844e-01
3.771250100000000316e+01 6.317870894910856405e-01
3.773750100000000174e+01 5.618397564526025345e-01
3.776250100000000032e+01 4.876676177540232304e-01
3.778750099999999890e+01 4.324593050247251269e-01
3.781250099999999748e+01 4.006616512171739530e-01
3.783750100000000316e+01 3.851017813269470014e-01
3.786250100000000174e+01 3.774777487254187269e-01
3.788750100000000032e+01 3.728342436361448131e-01
3.791250099999999890e+01 3.692163985791868108e-01
3.793750099999999748e+01 3.661560680436891646e-01
3.796250100000000316e+01 3.635615598601098508e-01
3.798750100000000174e+01 3.613141808005602140e-01
3.801250100000000032e+01 3.593335631898553761e-01
3.803750099999999890e+01 3.577450064152586373e-01
3.806250099999999748e+01 3.568190832756414910e-01
3.808750100000000316e+01 3.567706576198939050e-01
3.811250100000000174e+01 3.577652142907909449e-01
3.813750100000000032e+01 3.602158783246335316e-01
3.816250099999999890e+01 3.649307878067158395e-01
3.818750099999999748e+01 3.727879428645631821e-01
3.821250100000000316e+01 3.838289434546477974e-01
3.823750100000000174e+01 3.961432073106403440e-01
3.826250100000000032e+01 4.055623847777009017e-01
3.828750099999999890e+01 4.073146767464126405e-01
3.831250099999999748e+01 3.989729989089019768e-01
3.833750100000000316e+01 3.821809011837339898e-01
3.836250100000000174e+01 3.616691992149279056e-01
3.838750100000000032e+01 3.425675320700097837e-01
3.841250099999999890e+01 3.279882947131789184e-01
3.843750099999999748e+01 3.183262332876399814e-01
3.846250100000000316e+01 3.123859767135833687e-01
3.848750100000000174e+01 3.089573445248297578e-01
3.851250100000000032e+01 3.073959169851962492e-01
3.853750099999999890e+01 3.071832736025626454e-01
3.856250099999999748e+01 3.074570665722943241e-01
3.858750100000000316e+01 3.071464665290096208e-01
3.861250100000000174e+01 3.053983274035211304e-01
3.863750100000000032e+01 3.019352711133377887e-01
3.866250099999999890e+01 2.971182996868086401e-01
3.868750099999999748e+01 2.917163014640550278e-01
3.871250100000000316e+01 2.865258713238529320e-01
3.873750100000000174e+01 2.820661029420578059e-01
3.876250100000000032e+01 2.784427785599077332e-01
3.878750099999999890e+01 2.753992162002465993e-01
3.881250099999999748e+01 2.725121181187278863e-01
3.883750100000000316e+01 2.694239943036258467e-01
3.886250100000000174e+01 2.660241348787165117e-01
3.888750100000000032e+01 2.624898780918238916e-01
3.891250099999999890e+01 2.591715985239162467e-01
3.893750099999999748e+01 2.563678460622756949e-01
3.896250100000000316e+01 2.541360240658118164e-01
3.898750100000000174e+01 2.522139178897437328e-01
3.901250100000000032e+01 2.501161943079908134e-01
3.903750099999999890e+01 2.474098913318892867e-01
3.906250099999999748e+01 2.439908049544106949e-01
3.908750100000000316e+01 2.401487673323314809e-01
3.911250100000000174e+01 2.363989912798493132e-01
3.913750100000000032e+01 2.332309340357183736e-01
3.916250099999999890e+01 2.309070702090251226e-01
3.918750099999999748e+01 2.293774634055810169e-01
3.921250100000000316e+01 2.283123085870698288e-01
3.923750100000000174e+01 2.272350450833700575e-01
3.926250100000000032e+01 2.257526670181061457e-01
3.928750099999999890e+01 2.238291523999454413e-01
3.931250099999999748e+01 2.218562653084791281e-01
3.933750100000000316e+01 2.203351164303899989e-01
3.936250100000000174e+01 2.194356370670206835e-01
3.938750100000000032e+01 2.188387995808039888e-01
3.941250099999999890e+01 2.179003063329741918e-01
3.943750099999999748e+01 2.159245817941277679e-01
3.946250100000000316e+01 2.124692285114669066e-01
3.948750100000000174e+01 2.076268194871124795e-01
3.951250100000000032e+01 2.020998925206336505e-01
3.953750099999999890e+01 1.969299301429426885e-01
3.956250099999999748e+01 1.929915585907357178e-01
3.958750100000000316e+01 1.905955684142041084e-01
3.961250100000000174e+01 1.894549936368068455e-01
3.963750100000000032e+01 1.889855570024346343e-01
3.966250099999999890e+01 1.886962404079015054e-01
3.968750099999999748e+01 1.884162062670394489e-01
3.971250100000000316e+01 1.882060435867488057e-01
3.973750100000000174e+01 1.880589148248665299e-01
3.976250100000000032e+01 1.877446912041983718e-01
3.978750099999999890e+01 1.869658451583695591e-01
3.981250099999999748e+01 1.856147774279654494e-01
3.983750100000000316e+01 1.838133469460876412e-01
3.986250100000000174e+01 1.817184446573856249e-01
3.988750100000000032e+01 1.793501206333396880e-01
3.991250099999999890e+01 1.766559386914005880e-01
3.993750099999999748e+01 1.737601152228861467e-01
3.996250100000000316e+01 1.711492735647555941e-01
3.998750100000000174e+01 1.695602770463158215e-01
