0.000000 1.000000000000
0.032500 0.492710879568
0.042500 0.233271692537
0.052500 0.107447565283
0.062500 0.029084232930
0.067500 0.009307097883
0.072500 0.000013517054
0.077500 0.004190183285
0.087500 0.002095418668
0.092500 0.011445108017
0.097500 0.014272184335
0.102500 0.007851023376
0.107500 0.001287193135
0.112500 0.004213851615
0.117500 0.003804206798
0.122500 0.001814186228
0.127500 0.001966967775
0.132500 0.001221036257
0.137500 0.000162578882
0.142500 0.000245423346
0.147500 0.000000397779
0.152500 0.003395600426
0.157500 0.001135806906
0.162500 0.000527860652
0.167500 0.000707140447
0.172500 0.000292090263
0.177500 0.000445368464
0.182500 0.000710280560
0.187500 0.000643012617
0.192500 0.000235395942
0.197500 0.000154343949
0.202500 0.000054284447
0.207500 0.000021386006
0.212500 0.002277312800
0.217500 0.000203265626
0.222500 0.000214074173
0.227500 0.000173748364
0.232500 0.000076061250
0.237500 0.000173186674
0.242500 0.000193332293
0.247500 0.000170368123
0.252500 0.000163992962
0.257500 0.000033252586
0.262500 0.000027954103
0.267500 0.000019825845
0.272500 0.000515291018
0.277500 0.000055882715
0.282500 0.000048650951
0.287500 0.000069462600
0.292500 0.000082787048
0.297500 0.000058341471
0.302500 0.000026904922
0.307500 0.000120726171
0.312500 0.000102628247
0.317500 0.000078851851
0.322500 0.000063634057
0.327500 0.000014828115
0.332500 0.000268154821
0.337500 0.000052038542
0.342500 0.000037352853
0.347500 0.000091984642
0.352500 0.000082494327
0.357500 0.000063473806
0.362500 0.000079029013
0.367500 0.000018839824
0.372500 0.000047047137
0.377500 0.000071857006
0.382500 0.000034623016
0.387500 0.000023865039
0.392500 0.000087578773
0.397500 0.000010247046
0.402500 0.000004510262
0.407500 0.000005061010
0.412500 0.000004237399
0.417500 0.000011398897
0.422500 0.000023774301
0.427500 0.000006621613
0.432500 0.000021136715
0.437500 0.000016144328
0.442500 0.000026044669
0.447500 0.000023268018
0.452500 0.000092616874
0.457500 0.000017057022
0.462500 0.000018522273
0.467500 0.000012294249
0.472500 0.000012797849
0.477500 0.000009219899
0.482500 0.000009881490
0.487500 0.000006581738
0.492500 0.000002772613
0.497500 0.000002756258
0.502500 0.000004786621
0.507500 0.000004108289
0.512500 0.000075311702
0.517500 0.000010604773
0.522500 0.000005201868
0.527500 0.000014181343
0.532500 0.000010579685
0.537500 0.000006733601
0.542500 0.000007343881
0.547500 0.000010200105
0.552500 0.000007791661
0.557500 0.000008927985
0.562500 0.000002059651
0.567500 0.000003811349
0.572500 0.000013191124
0.577500 0.000002101083
0.582500 0.000002100914
0.587500 0.000004470848
0.592500 0.000004072887
0.597500 0.000007262079
0.602500 0.000017881421
0.607500 0.000006618941
0.612500 0.000002162667
0.617500 0.000010681934
0.622500 0.000007250687
0.627500 0.000007389722
0.632500 0.000039791150
0.637500 0.000004816724
0.642500 0.000002457083
0.647500 0.000001320156
0.652500 0.000001740436
0.657500 0.000001436489
0.662500 0.000002084499
0.667500 0.000001722840
0.672500 0.000002751029
0.677500 0.000003441452
0.682500 0.000005414062
0.687500 0.000002965025
0.692500 0.000016625651
0.697500 0.000002273916
0.702500 0.000002297734
0.707500 0.000001084230
0.712500 0.000002286838
0.717500 0.000001114792
0.722500 0.000005206413
0.727500 0.000001694542
0.732500 0.000001328625
0.737500 0.000001811973
0.742500 0.000002818255
0.747500 0.000003805639
0.752500 0.000009999661
0.757500 0.000002087587
0.762500 0.000002288189
0.767500 0.000001706540
0.772500 0.000002174587
0.777500 0.000001644680
0.782500 0.000008048117
0.787500 0.000001932573
0.792500 0.000001697811
0.797500 0.000001898201
0.802500 0.000003187173
0.807500 0.000003728582
0.812500 0.000019857690
0.817500 0.000004676687
0.822500 0.000001725617
0.827500 0.000002042677
0.832500 0.000003968630
0.837500 0.000003514247
0.842500 0.000002185426
0.847500 0.000002470002
0.852500 0.000001342221
0.857500 0.000001586473
0.862500 0.000002292404
0.867500 0.000001579157
0.872500 0.000007290011
0.877500 0.000002089104
0.882500 0.000004772376
0.887500 0.000001602036
0.892500 0.000003723082
0.897500 0.000001982771
0.902500 0.000005938581
0.907500 0.000003073776
0.912500 0.000003304633
0.917500 0.000001859078
0.922500 0.000003036171
0.927500 0.000004133976
0.932500 0.000007817866
0.937500 0.000003260968
0.942500 0.000001766315
0.947500 0.000003032800
0.952500 0.000004101961
0.957500 0.000003810722
0.962500 0.000004777180
0.967500 0.000006496281
0.972500 0.000004498838
0.977500 0.000001617047
0.982500 0.000002736628
0.987500 0.000001892105
0.992500 0.000004961103
0.997500 0.000003735197
1.002500 0.000001922287
1.007500 0.000001945785
1.012500 0.000002298439
1.017500 0.000002813496
1.022500 0.000014827350
1.027500 0.000002258850
1.032500 0.000001618279
1.037500 0.000001824644
1.042500 0.000001524458
1.047500 0.000001594232
1.052500 0.000023898227
1.057500 0.000002515327
1.062500 0.000001512148
1.067500 0.000001449346
1.072500 0.000001062508
1.077500 0.000004087514
1.082500 0.000006283002
1.087500 0.000001531345
1.092500 0.000001587691
1.097500 0.000002128701
1.102500 0.000002193873
1.107500 0.000004392026
1.112500 0.000011281480
1.117500 0.000002715411
1.122500 0.000002341912
1.127500 0.000001977929
1.132500 0.000004209403
1.137500 0.000002578782
1.142500 0.000009169791
1.147500 0.000002945608
1.152500 0.000001695412
1.157500 0.000001161184
1.162500 0.000002600540
1.167500 0.000002086253
1.172500 0.000001993335
1.177500 0.000001314049
1.182500 0.000001559752
1.187500 0.000001229061
1.192500 0.000002069235
1.197500 0.000001363068
1.202500 0.000003923997
1.207500 0.000001826234
1.212500 0.000001868900
1.217500 0.000001349379
1.222500 0.000001287049
1.227500 0.000000998100
1.232500 0.000002710445
1.237500 0.000001333934
1.242500 0.000001135531
1.247500 0.000001727348
1.252500 0.000001150852
1.257500 0.000002397228
1.262500 0.000006856280
1.267500 0.000002237994
1.272500 0.000002354774
1.277500 0.000002383775
1.282500 0.000002786470
1.287500 0.000002384996
1.292500 0.000008362273
1.297500 0.000003997624
1.302500 0.000003301447
1.307500 0.000002645410
1.312500 0.000001320408
1.317500 0.000003257472
1.322500 0.000003805124
1.327500 0.000004197341
1.332500 0.000002468852
1.337500 0.000002711990
1.342500 0.000005085096
1.347500 0.000002373665
1.352500 0.000006601039
1.357500 0.000006206618
1.362500 0.000004875401
1.367500 0.000005588000
1.372500 0.000005283668
1.377500 0.000002871128
1.382500 0.000006410400
1.387500 0.000007640936
1.392500 0.000002730551
1.397500 0.000005361202
1.402500 0.000003892412
1.407500 0.000002060830
1.412500 0.000004221943
1.417500 0.000003582746
1.422500 0.000002118209
1.427500 0.000004871639
1.432500 0.000002187348
1.437500 0.000002569792
1.442500 0.000003570568
1.447500 0.000003506770
1.452500 0.000004235416
1.457500 0.000003574856
1.462500 0.000001758179
1.467500 0.000002555714
1.472500 0.000005328461
1.477500 0.000004915192
1.482500 0.000004002060
1.487500 0.000003737347
1.492500 0.000001667906
1.497500 0.000004002096
1.502500 0.000006718064
1.507500 0.000005509025
1.512500 0.000004080880
1.517500 0.000004791677
1.522500 0.000003417412
1.527500 0.000005055324
1.532500 0.000002893208
1.537500 0.000002755845
1.542500 0.000005525132
1.547500 0.000002686562
1.552500 0.000002415203
1.557500 0.000001952495
1.562500 0.000003221802
1.567500 0.000003012705
1.572500 0.000004208979
1.577500 0.000002641212
1.582500 0.000002448258
1.587500 0.000002224807
1.592500 0.000003497581
1.597500 0.000003038194
1.602500 0.000006904669
1.607500 0.000003713294
1.612500 0.000002169008
1.617500 0.000003917023
1.622500 0.000003430459
1.627500 0.000005848645
1.632500 0.000007959605
1.637500 0.000002697466
1.642500 0.000002060738
1.647500 0.000003145233
1.652500 0.000002945980
1.657500 0.000005635012
1.662500 0.000007413283
1.667500 0.000003531002
1.672500 0.000003092132
1.677500 0.000003406506
1.682500 0.000002286907
1.687500 0.000002375043
1.692500 0.000002943851
1.697500 0.000007422409
1.702500 0.000002982522
1.707500 0.000002672897
1.712500 0.000002022901
1.717500 0.000003477832
1.722500 0.000002207767
1.727500 0.000004655645
1.732500 0.000002683929
1.737500 0.000003338097
1.742500 0.000001816339
1.747500 0.000004052884
1.752500 0.000002423405
1.757500 0.000003547042
1.762500 0.000003630360
1.767500 0.000003452762
1.772500 0.000002879113
1.777500 0.000002742899
1.782500 0.000003432936
1.787500 0.000003240987
1.792500 0.000003219774
1.797500 0.000002934684
1.802500 0.000002684659
1.807500 0.000003466951
1.812500 0.000002585647
1.817500 0.000002952366
1.822500 0.000004432226
1.827500 0.000003712011
1.832500 0.000002670921
1.837500 0.000002553616
1.842500 0.000002252894
1.847500 0.000003619160
1.852500 0.000003230563
1.857500 0.000002147626
1.862500 0.000001499798
1.867500 0.000002596280
1.872500 0.000002233366
1.877500 0.000001364353
1.882500 0.000003873465
1.887500 0.000002076259
1.892500 0.000002597968
1.897500 0.000003744537
1.902500 0.000002224166
1.907500 0.000001798760
1.912500 0.000006056913
1.917500 0.000002856669
1.922500 0.000002536758
1.927500 0.000002530354
1.932500 0.000002607209
1.937500 0.000003586002
1.942500 0.000005200110
1.947500 0.000002763433
1.952500 0.000004257527
1.957500 0.000003672435
1.962500 0.000002730565
1.967500 0.000002088038
1.972500 0.000003998761
1.977500 0.000003909890
1.982500 0.000003986465
1.987500 0.000002730774
1.992500 0.000002389265
1.997500 0.000002097632
2.002500 0.000004361519
2.007500 0.000003091497
2.012500 0.000002598278
2.017500 0.000003351940
2.022500 0.000003763864
2.027500 0.000002380296
2.032500 0.000002910564
2.037500 0.000002198422
2.042500 0.000002843061
2.047500 0.000003498388
2.052500 0.000002054811
2.057500 0.000002258165
2.062500 0.000002488836
2.067500 0.000003295646
2.072500 0.000003487557
2.077500 0.000007992793
2.082500 0.000002947218
2.087500 0.000003243514
2.092500 0.000004458545
2.097500 0.000003979015
2.102500 0.000003250134
2.107500 0.000005623161
2.112500 0.000003852469
2.117500 0.000004212553
2.122500 0.000002740059
2.127500 0.000003314509
2.132500 0.000003379821
2.137500 0.000003287531
2.142500 0.000003144138
2.147500 0.000002969255
2.152500 0.000002886537
2.157500 0.000005301018
2.162500 0.000003706185
2.167500 0.000004356300
2.172500 0.000003280347
2.177500 0.000004165899
2.182500 0.000005129628
2.187500 0.000005004636
2.192500 0.000004541724
2.197500 0.000004608121
2.202500 0.000004299347
2.207500 0.000002641184
2.212500 0.000004051606
2.217500 0.000005815927
2.222500 0.000004845394
2.227500 0.000005318120
2.232500 0.000003937214
2.237500 0.000004401490
2.242500 0.000005688095
2.247500 0.000007329311
2.252500 0.000008287539
2.257500 0.000008653941
2.262500 0.000006310000
2.267500 0.000010558782
2.272500 0.000006740049
2.277500 0.000006519604
2.282500 0.000009077400
2.287500 0.000010898788
2.292500 0.000011277311
2.297500 0.000009127717
2.302500 0.000007770980
2.307500 0.000009441942
2.312500 0.000012900295
2.317500 0.000016381708
2.322500 0.000014312940
2.327500 0.000010682532
2.332500 0.000014516199
2.337500 0.000012407060
2.342500 0.000014458064
2.347500 0.000010945165
2.352500 0.000014742975
2.357500 0.000015099888
2.362500 0.000018419893
2.367500 0.000013853924
2.372500 0.000018622729
2.377500 0.000082033218
2.382500 0.000022776355
2.387500 0.000016359574
2.392500 0.000023491247
2.397500 0.000020350655
2.402500 0.000021233032
2.407500 0.000187585397
2.412500 0.000025433859
2.417500 0.000028168462
2.422500 0.000029010115
2.427500 0.000025443704
2.432500 0.000029912832
2.437500 0.000095499579
2.442500 0.000032867457
2.447500 0.000029606330
2.452500 0.000035827548
2.457500 0.000023926015
2.462500 0.000034566721
2.467500 0.000023781848
2.472500 0.000031811736
2.477500 0.000017406553
2.482500 0.000041781040
2.487500 0.000024019267
2.492500 0.000034404251
2.497500 0.000033402413
2.502500 0.000030799748
2.507500 0.000027158608
2.512500 0.000034430485
2.517500 0.000025822645
2.522500 0.000032329437
2.527500 0.000030109816
2.532500 0.000031832216
2.537500 0.000033430874
2.542500 0.000024477493
2.547500 0.000030728134
2.552500 0.000025112226
2.557500 0.000039118373
2.562500 0.000031857887
2.567500 0.000035271844
2.572500 0.000027002376
2.577500 0.000041594300
2.582500 0.000035339154
2.587500 0.000043723489
2.592500 0.000042783678
2.597500 0.000039465129
2.602500 0.000040774107
2.607500 0.000047063947
2.612500 0.000044356263
2.617500 0.000046913064
2.622500 0.000059810757
2.627500 0.000047552701
2.632500 0.000043710388
2.637500 0.000061047055
2.642500 0.000045890409
2.647500 0.000070895139
2.652500 0.000082333472
2.657500 0.000041118423
2.662500 0.000040842906
2.667500 0.000077906062
2.672500 0.000043104594
2.677500 0.000073094760
2.682500 0.000076521880
2.687500 0.000059585120
2.692500 0.000043789700
2.697500 0.000037794430
2.702500 0.000049166810
2.707500 0.000067150699
2.712500 0.000070447949
2.717500 0.000058977585
2.722500 0.000041881160
2.727500 0.000042368548
2.732500 0.000061462020
2.737500 0.000064465572
2.742500 0.000059247300
2.747500 0.000071326083
2.752500 0.000052347245
2.757500 0.000067712345
2.762500 0.000081404828
2.767500 0.000097312854
2.772500 0.000085745982
2.777500 0.000112441753
2.782500 0.000082348948
2.787500 0.000102535628
2.792500 0.000128210425
2.797500 0.000104086233
2.802500 0.000079311967
2.807500 0.000193052339
2.812500 0.000127432458
2.817500 0.000112638469
2.822500 0.000118049872
2.827500 0.000092192099
2.832500 0.000105875784
2.837500 0.000156227884
2.842500 0.000090787447
2.847500 0.000092187869
2.852500 0.000087027401
2.857500 0.000080303778
2.862500 0.000081317309
2.867500 0.000081839015
2.872500 0.000084618534
2.877500 0.000061904960
2.882500 0.000082649973
2.887500 0.000080242468
2.892500 0.000086832484
2.897500 0.000088057195
2.902500 0.000079580940
2.907500 0.000084269302
2.912500 0.000067669713
2.917500 0.000076867834
2.922500 0.000073238938
2.927500 0.000069952696
2.932500 0.000060270420
2.937500 0.000050349055
2.942500 0.000057826703
2.947500 0.000043921930
2.952500 0.000041571870
2.957500 0.000038005692
2.962500 0.000038101853
2.967500 0.000037981270
2.972500 0.000040827908
2.977500 0.000035734010
2.982500 0.000036508770
2.987500 0.000028308751
2.992500 0.000041468787
2.997500 0.000044993506
3.002500 0.000034426616
3.007500 0.000039089865
3.012500 0.000035724915
3.017500 0.000039804106
3.022500 0.000032605152
3.027500 0.000026899430
3.032500 0.000029132750
3.037500 0.000034652929
3.042500 0.000024527101
3.047500 0.000027294123
3.052500 0.000030047972
3.057500 0.000031264096
3.062500 0.000031596073
3.067500 0.000027287287
3.072500 0.000035206493
3.077500 0.000036487932
3.082500 0.000042930614
3.087500 0.000039690032
3.092500 0.000037939288
3.097500 0.000046022821
3.102500 0.000042265866
3.107500 0.000042452402
3.112500 0.000030715484
3.117500 0.000027741881
3.122500 0.000030594761
3.127500 0.000030897217
3.132500 0.000025794911
3.137500 0.000022492953
3.142500 0.000020180715
3.147500 0.000024014659
3.152500 0.000014007120
3.157500 0.000018743983
3.162500 0.000020034306
3.167500 0.000021098797
3.172500 0.000020981751
3.177500 0.000018995692
3.182500 0.000016783338
3.187500 0.000019520384
3.192500 0.000023482300
3.197500 0.000017608416
3.202500 0.000020714099
3.207500 0.000018510018
3.212500 0.000022222977
3.217500 0.000018270821
3.222500 0.000017782029
3.227500 0.000016454998
3.232500 0.000021264592
3.237500 0.000023989591
3.242500 0.000014889434
3.247500 0.000016209735
3.252500 0.000016061741
3.257500 0.000023129534
3.262500 0.000015902102
3.267500 0.000016509374
3.272500 0.000016656598
3.277500 0.000015681155
3.282500 0.000015160718
3.287500 0.000013110182
3.292500 0.000015142690
3.297500 0.000016656904
3.302500 0.000018523273
3.307500 0.000013054249
3.312500 0.000013812607
3.317500 0.000012573190
3.322500 0.000017657305
3.327500 0.000013428252
3.332500 0.000014110252
3.337500 0.000013193040
3.342500 0.000012986110
3.347500 0.000013840962
3.352500 0.000011333078
3.357500 0.000013393945
3.362500 0.000011036462
3.367500 0.000016549287
3.372500 0.000013647810
3.377500 0.000009956638
3.382500 0.000010329445
3.387500 0.000013871325
3.392500 0.000013497629
3.397500 0.000010883373
3.402500 0.000010973883
3.407500 0.000010637167
3.412500 0.000011737392
3.417500 0.000009964579
3.422500 0.000009455093
3.427500 0.000007886253
3.432500 0.000011492321
3.437500 0.000007998553
3.442500 0.000006312222
3.447500 0.000005838265
3.452500 0.000006104507
3.457500 0.000007015159
3.462500 0.000008741730
3.467500 0.000005377178
3.472500 0.000005293016
3.477500 0.000006023648
3.482500 0.000006423022
3.487500 0.000005517923
3.492500 0.000006274931
3.497500 0.000006594128
3.502500 0.000006400623
3.507500 0.000005879773
3.512500 0.000005836255
3.517500 0.000005579442
3.522500 0.000006479251
3.527500 0.000006956846
3.532500 0.000005257442
3.537500 0.000006056870
3.542500 0.000006508463
3.547500 0.000006456616
3.552500 0.000006651715
3.557500 0.000007406355
3.562500 0.000007655028
3.567500 0.000007048074
3.572500 0.000006520001
3.577500 0.000008136668
3.582500 0.000006997892
3.587500 0.000007675332
3.592500 0.000006785386
3.597500 0.000006677980
3.602500 0.000006595889
3.607500 0.000006960395
3.612500 0.000006628795
3.617500 0.000005608357
3.622500 0.000005867481
3.627500 0.000006075455
3.632500 0.000006310640
3.637500 0.000006862688
3.642500 0.000006878670
3.647500 0.000005592708
3.652500 0.000007262173
3.657500 0.000007244801
3.662500 0.000007036421
3.667500 0.000007181013
3.672500 0.000007838321
3.677500 0.000008470778
3.682500 0.000008339754
3.687500 0.000008448079
3.692500 0.000006787194
3.697500 0.000009859778
3.702500 0.000009928035
3.707500 0.000007607148
3.712500 0.000007178047
3.717500 0.000008335261
3.722500 0.000009455599
3.727500 0.000008213621
3.732500 0.000012520329
3.737500 0.000008440036
3.742500 0.000009563505
3.747500 0.000008666908
3.752500 0.000008929993
3.757500 0.000008493496
3.762500 0.000019053663
3.767500 0.000011302779
3.772500 0.000009985850
3.777500 0.000010613109
3.782500 0.000008513258
3.787500 0.000008750784
3.792500 0.000014616195
3.797500 0.000012502464
3.802500 0.000009693858
3.807500 0.000009836872
3.812500 0.000008842319
3.817500 0.000010653194
3.822500 0.000010749522
3.827500 0.000010647462
3.832500 0.000010934118
3.837500 0.000011144357
3.842500 0.000010394260
3.847500 0.000010585593
3.852500 0.000009339398
3.857500 0.000009691898
3.862500 0.000012175531
3.867500 0.000010629162
3.872500 0.000012500257
3.877500 0.000010415712
3.882500 0.000010349315
3.887500 0.000010553904
3.892500 0.000014677920
3.897500 0.000012178870
3.902500 0.000010361908
3.907500 0.000011696522
3.912500 0.000011528062
3.917500 0.000012045104
3.922500 0.000011633130
3.927500 0.000010691981
3.932500 0.000010675018
3.937500 0.000012183876
3.942500 0.000011543347
3.947500 0.000014925773
3.952500 0.000011230603
3.957500 0.000014102704
3.962500 0.000013030222
3.967500 0.000013645829
3.972500 0.000011572720
3.977500 0.000011525007
3.982500 0.000012344504
3.987500 0.000012559717
3.992500 0.000010986866
3.997500 0.000011465211
4.002500 0.000011404769
4.007500 0.000010924397
4.012500 0.000012010535
4.017500 0.000010053930
4.022500 0.000010334609
4.027500 0.000009838816
4.032500 0.000013572147
4.037500 0.000009998540
4.042500 0.000012015216
4.047500 0.000009851111
4.052500 0.000011759593
4.057500 0.000011943629
4.062500 0.000014558363
4.067500 0.000013517555
4.072500 0.000011869513
4.077500 0.000010618793
4.082500 0.000014911499
4.087500 0.000013374518
4.092500 0.000012700100
4.097500 0.000010520856
4.102500 0.000012486078
4.107500 0.000011821318
4.112500 0.000010862259
4.117500 0.000011958575
4.122500 0.000010914234
4.127500 0.000010097742
4.132500 0.000012659558
4.137500 0.000011911179
4.142500 0.000013915326
4.147500 0.000010644871
4.152500 0.000011724969
4.157500 0.000011412729
4.162500 0.000014265766
4.167500 0.000012790062
4.172500 0.000010368218
4.177500 0.000012426259
4.182500 0.000011309643
4.187500 0.000010983043
4.192500 0.000012253903
4.197500 0.000011589137
4.202500 0.000011236566
4.207500 0.000012065568
4.212500 0.000013509562
4.217500 0.000015121549
4.222500 0.000014554275
4.227500 0.000013644776
4.232500 0.000013251500
4.237500 0.000018922304
4.242500 0.000019858372
4.247500 0.000014786943
4.252500 0.000017835925
4.257500 0.000013421939
4.262500 0.000019760484
4.267500 0.000019786313
4.272500 0.000014740830
4.277500 0.000015057726
4.282500 0.000019183927
4.287500 0.000016356469
4.292500 0.000018390477
4.297500 0.000014347829
4.302500 0.000016360761
4.307500 0.000011789266
4.312500 0.000014343443
4.317500 0.000015917090
4.322500 0.000015685178
4.327500 0.000014962492
4.332500 0.000017769116
4.337500 0.000015891468
4.342500 0.000020969373
4.347500 0.000021983980
4.352500 0.000024330714
4.357500 0.000021682283
4.362500 0.000032380496
4.367500 0.000020748256
4.372500 0.000020838078
4.377500 0.000033782836
4.382500 0.000028949292
4.387500 0.000018818639
4.392500 0.000025801358
4.397500 0.000018285175
4.402500 0.000021925183
4.407500 0.000027247155
4.412500 0.000031069977
4.417500 0.000024277056
4.422500 0.000044838947
4.427500 0.000020685386
4.432500 0.000053876043
4.437500 0.000079725859
4.442500 0.000072141851
4.447500 0.000060648643
4.452500 0.000051216619
4.457500 0.000058358846
4.462500 0.000083121710
4.467500 0.000130074636
4.472500 0.000127845433
4.477500 0.000040074420
4.482500 0.000090482853
4.487500 0.000095411999
4.492500 0.000132289109
4.497500 0.000144219508
4.502500 0.000074476116
4.507500 0.000128183245
4.512500 0.000136038432
4.517500 0.000061169955
4.522500 0.000154186582
4.527500 0.000035828615
4.532500 0.000129048547
4.537500 0.000073294711
4.542500 0.000048188665
4.547500 0.000069728407
4.552500 0.000050483202
4.557500 0.000046729208
4.562500 0.000078465881
4.567500 0.000034458094
4.572500 0.000032161141
4.577500 0.000045560365
4.582500 0.000030162487
4.587500 0.000048812036
4.592500 0.000049341759
4.597500 0.000035002630
4.602500 0.000049188815
4.607500 0.000025785051
4.612500 0.000022339386
4.617500 0.000032799786
4.622500 0.000039552112
4.627500 0.000025858302
4.632500 0.000023684175
4.637500 0.000019081600
4.642500 0.000018552274
4.647500 0.000029008433
4.652500 0.000020168977
4.657500 0.000021219880
4.662500 0.000030010859
4.667500 0.000018685949
4.672500 0.000020996915
4.677500 0.000021979995
4.682500 0.000016262002
4.687500 0.000021453098
4.692500 0.000019871411
4.697500 0.000017734003
4.702500 0.000020450866
4.707500 0.000019246901
4.712500 0.000019979598
4.717500 0.000019519611
4.722500 0.000034229154
4.727500 0.000021626431
4.732500 0.000019263059
4.737500 0.000018636337
4.742500 0.000019005008
4.747500 0.000018828297
4.752500 0.000019475163
4.757500 0.000019118797
4.762500 0.000016057174
4.767500 0.000016605549
4.772500 0.000017573970
4.777500 0.000017105034
4.782500 0.000150427130
4.787500 0.000031635957
4.792500 0.000018897592
4.797500 0.000019816168
4.802500 0.000017672159
4.807500 0.000018730846
4.812500 0.000350026427
4.817500 0.000052082162
4.822500 0.000020072077
4.827500 0.000019017220
4.832500 0.000014426802
4.837500 0.000015878132
4.842500 0.000149420112
4.847500 0.000029431167
4.852500 0.000017256716
4.857500 0.000018275172
4.862500 0.000017299732
4.867500 0.000018379425
4.872500 0.000019693625
4.877500 0.000019300078
4.882500 0.000020651227
4.887500 0.000018085329
4.892500 0.000020206106
4.897500 0.000019527247
4.902500 0.000025704168
4.907500 0.000029675769
4.912500 0.000017405363
4.917500 0.000018780798
4.922500 0.000017591222
4.927500 0.000016623743
4.932500 0.000019858579
4.937500 0.000019752861
4.942500 0.000016806374
4.947500 0.000016995370
4.952500 0.000020119679
4.957500 0.000017431694
4.962500 0.000016024262
4.967500 0.000023995978
4.972500 0.000017547830
4.977500 0.000017145872
4.982500 0.000018049220
4.987500 0.000015310712
4.992500 0.000018189475
4.997500 0.000018305100
5.002500 0.000012971862
5.007500 0.000014938375
5.012500 0.000013388840
5.017500 0.000016877253
5.022500 0.000016200446
5.027500 0.000016248501
5.032500 0.000014063683
5.037500 0.000017799872
5.042500 0.000013257683
5.047500 0.000013466002
5.052500 0.000016038713
5.057500 0.000015876955
5.062500 0.000014963529
5.067500 0.000016760311
5.072500 0.000014126015
5.077500 0.000015314461
5.082500 0.000018706078
5.087500 0.000017124147
5.092500 0.000016089131
5.097500 0.000015653804
5.102500 0.000015250729
5.107500 0.000016176090
5.112500 0.000013247060
5.117500 0.000016246183
5.122500 0.000013878434
5.127500 0.000013832446
5.132500 0.000014856481
5.137500 0.000017233525
5.142500 0.000017445295
5.147500 0.000020727395
5.152500 0.000023379811
5.157500 0.000020977231
5.162500 0.000022921195
5.167500 0.000023291592
5.172500 0.000022130441
5.177500 0.000027354044
5.182500 0.000030326336
5.187500 0.000019875098
5.192500 0.000025583798
5.197500 0.000021066290
5.202500 0.000018153478
5.207500 0.000027702402
5.212500 0.000029076849
5.217500 0.000021053181
5.222500 0.000027614344
5.227500 0.000027547047
5.232500 0.000030367010
5.237500 0.000033420801
5.242500 0.000029439435
5.247500 0.000032891376
5.252500 0.000029675977
5.257500 0.000028603547
5.262500 0.000033475897
5.267500 0.000027562071
5.272500 0.000020757762
5.277500 0.000032182053
5.282500 0.000023057010
5.287500 0.000023220718
5.292500 0.000023563936
5.297500 0.000023016017
5.302500 0.000024863945
5.307500 0.000025179439
5.312500 0.000024959596
5.317500 0.000021524541
5.322500 0.000021666678
5.327500 0.000019169334
5.332500 0.000023912471
5.337500 0.000021845404
5.342500 0.000018586877
5.347500 0.000018195174
5.352500 0.000016275839
5.357500 0.000016141639
5.362500 0.000016436304
5.367500 0.000014277796
5.372500 0.000017401724
5.377500 0.000013087087
5.382500 0.000014757622
5.387500 0.000014773028
5.392500 0.000015470081
5.397500 0.000014651465
5.402500 0.000019170616
5.407500 0.000014961815
5.412500 0.000016131787
5.417500 0.000017161822
5.422500 0.000016710834
5.427500 0.000017230408
5.432500 0.000019718643
5.437500 0.000016660995
5.442500 0.000018072673
5.447500 0.000019455860
5.452500 0.000019143102
5.457500 0.000019967611
5.462500 0.000020706364
5.467500 0.000022752563
5.472500 0.000020431964
5.477500 0.000024200687
5.482500 0.000024203325
5.487500 0.000028750354
5.492500 0.000024274500
5.497500 0.000029291502
5.502500 0.000027353401
5.507500 0.000025189877
5.512500 0.000027856301
5.517500 0.000022272824
5.522500 0.000026605934
5.527500 0.000026121714
5.532500 0.000022994952
5.537500 0.000024749694
5.542500 0.000024517204
5.547500 0.000029187573
5.552500 0.000027240668
5.557500 0.000028891511
5.562500 0.000028340542
5.567500 0.000028028110
5.572500 0.000035780113
5.577500 0.000034348189
5.582500 0.000028986804
5.587500 0.000038916380
5.592500 0.000027217454
5.597500 0.000030225901
5.602500 0.000029499427
5.607500 0.000023784975
5.612500 0.000033262780
5.617500 0.000029172100
5.622500 0.000031962213
5.627500 0.000026497780
5.632500 0.000022559624
5.637500 0.000023475390
5.642500 0.000025821515
5.647500 0.000023815723
5.652500 0.000022951769
5.657500 0.000023452152
5.662500 0.000019664445
5.667500 0.000019472971
5.672500 0.000019841409
5.677500 0.000018333957
5.682500 0.000021179785
5.687500 0.000017931282
5.692500 0.000019747832
5.697500 0.000019011701
5.702500 0.000021361723
5.707500 0.000021552937
5.712500 0.000019993766
5.717500 0.000025552734
5.722500 0.000021702947
5.727500 0.000026537882
5.732500 0.000024461286
5.737500 0.000020183608
5.742500 0.000026990886
5.747500 0.000023058501
5.752500 0.000025616971
5.757500 0.000020773943
5.762500 0.000023258104
5.767500 0.000021299927
5.772500 0.000022752109
5.777500 0.000025606811
5.782500 0.000022545440
5.787500 0.000024277155
5.792500 0.000020500813
5.797500 0.000023222227
5.802500 0.000023148664
5.807500 0.000024609664
5.812500 0.000024386349
5.817500 0.000022414556
5.822500 0.000022798415
5.827500 0.000024790215
5.832500 0.000021017306
5.837500 0.000032851902
5.842500 0.000024096509
5.847500 0.000019483560
5.852500 0.000023737556
5.857500 0.000023339789
5.862500 0.000021603988
5.867500 0.000047128202
5.872500 0.000023696570
5.877500 0.000025311515
5.882500 0.000026113999
5.887500 0.000024083104
5.892500 0.000025252624
5.897500 0.000032594547
5.902500 0.000025860413
5.907500 0.000024710697
5.912500 0.000026411799
5.917500 0.000023069167
5.922500 0.000021757027
5.927500 0.000020059701
5.932500 0.000023006593
5.937500 0.000021580701
5.942500 0.000019296118
5.947500 0.000019260763
5.952500 0.000017488277
5.957500 0.000019782665
5.962500 0.000018746382
5.967500 0.000018897067
5.972500 0.000018915420
5.977500 0.000019439121
5.982500 0.000018924678
5.987500 0.000017796586
5.992500 0.000019061508
5.997500 0.000017108649
6.002500 0.000018469057
6.007500 0.000019037853
6.012500 0.000016131999
6.017500 0.000018788178
6.022500 0.000016335484
6.027500 0.000016532497
6.032500 0.000018064639
6.037500 0.000016803828
6.042500 0.000016593713
6.047500 0.000017890039
6.052500 0.000016027283
6.057500 0.000016784666
6.062500 0.000022183447
6.067500 0.000015853907
6.072500 0.000021521620
6.077500 0.000016420528
6.082500 0.000016327988
6.087500 0.000017482253
6.092500 0.000016856104
6.097500 0.000016127701
6.102500 0.000021897892
6.107500 0.000014461364
6.112500 0.000015773765
6.117500 0.000016636248
6.122500 0.000017286550
6.127500 0.000015621446
6.132500 0.000030153352
6.137500 0.000014461473
6.142500 0.000020136150
6.147500 0.000014774649
6.152500 0.000030459050
6.157500 0.000019472999
6.162500 0.000020122319
6.167500 0.000025583209
6.172500 0.000020432326
6.177500 0.000021080715
6.182500 0.000021188756
6.187500 0.000023772290
6.192500 0.000018775338
6.197500 0.000021163977
6.202500 0.000020015699
6.207500 0.000018042346
6.212500 0.000018681986
6.217500 0.000018538492
6.222500 0.000019292259
6.227500 0.000019443039
6.232500 0.000019297666
6.237500 0.000017587817
6.242500 0.000019263281
6.247500 0.000019190893
6.252500 0.000020305743
6.257500 0.000022673748
6.262500 0.000019008903
6.267500 0.000021226538
6.272500 0.000017518418
6.277500 0.000019999163
6.282500 0.000021776339
6.287500 0.000023160442
6.292500 0.000020745180
6.297500 0.000020202843
6.302500 0.000018125305
6.307500 0.000021362269
6.312500 0.000020531346
6.317500 0.000024778468
6.322500 0.000018917405
6.327500 0.000024064970
6.332500 0.000021623182
6.337500 0.000023074510
6.342500 0.000026413555
6.347500 0.000025723075
6.352500 0.000028500421
6.357500 0.000024343975
6.362500 0.000028359738
6.367500 0.000026187427
6.372500 0.000024639382
6.377500 0.000029038583
6.382500 0.000025004139
6.387500 0.000024577449
6.392500 0.000023863528
6.397500 0.000023366109
6.402500 0.000024917970
6.407500 0.000022586176
6.412500 0.000021992430
6.417500 0.000023341831
6.422500 0.000020453560
6.427500 0.000021604435
6.432500 0.000021347907
6.437500 0.000023671940
6.442500 0.000018635141
6.447500 0.000022405112
6.452500 0.000019587285
6.457500 0.000019699247
6.462500 0.000019621071
6.467500 0.000023572351
6.472500 0.000020540713
6.477500 0.000021018895
6.482500 0.000021364098
6.487500 0.000023637167
6.492500 0.000022226129
6.497500 0.000023055639
6.502500 0.000023746689
6.507500 0.000030711020
6.512500 0.000022823817
6.517500 0.000025594838
6.522500 0.000025206024
6.527500 0.000033389647
6.532500 0.000031060978
6.537500 0.000027715820
6.542500 0.000031774924
6.547500 0.000054339744
6.552500 0.000029690283
6.557500 0.000037555119
6.562500 0.000042975727
6.567500 0.000061393631
6.572500 0.000036239758
6.577500 0.000031178435
6.582500 0.000037190678
6.587500 0.000043139981
6.592500 0.000050990652
6.597500 0.000029593664
6.602500 0.000034990271
6.607500 0.000031571561
6.612500 0.000053500227
6.617500 0.000025727524
6.622500 0.000033490160
6.627500 0.000027475803
6.632500 0.000048276477
6.637500 0.000025043778
6.642500 0.000021593934
6.647500 0.000027810190
6.652500 0.000039435458
6.657500 0.000026082143
6.662500 0.000020473223
6.667500 0.000020863408
6.672500 0.000024501723
6.677500 0.000029679467
6.682500 0.000020234408
6.687500 0.000021345963
6.692500 0.000022281117
6.697500 0.000021306925
6.702500 0.000021736202
6.707500 0.000018981911
6.712500 0.000022258638
6.717500 0.000021585468
6.722500 0.000018960018
6.727500 0.000021387831
6.732500 0.000019964669
6.737500 0.000020697999
6.742500 0.000020769592
6.747500 0.000019045242
6.752500 0.000021619764
6.757500 0.000020342164
6.762500 0.000020097752
6.767500 0.000021823521
6.772500 0.000022403822
6.777500 0.000020103522
6.782500 0.000020919159
6.787500 0.000019868354
6.792500 0.000019862160
6.797500 0.000021778032
6.802500 0.000021432186
6.807500 0.000021274672
6.812500 0.000020394749
6.817500 0.000024511632
6.822500 0.000020116527
6.827500 0.000019431390
6.832500 0.000022956895
6.837500 0.000021177059
6.842500 0.000021670359
6.847500 0.000022057942
6.852500 0.000019555354
6.857500 0.000021732264
6.862500 0.000020335553
6.867500 0.000020167115
6.872500 0.000022093465
6.877500 0.000019537657
6.882500 0.000020763792
6.887500 0.000022505566
6.892500 0.000024040869
6.897500 0.000022100812
6.902500 0.000024856030
6.907500 0.000022763462
6.912500 0.000024916240
6.917500 0.000025991316
6.922500 0.000029277425
6.927500 0.000024375090
6.932500 0.000026597969
6.937500 0.000027533974
6.942500 0.000024830961
6.947500 0.000023295601
6.952500 0.000024216907
6.957500 0.000023096522
6.962500 0.000025626072
6.967500 0.000022524713
6.972500 0.000022528795
6.977500 0.000021582359
6.982500 0.000021285049
6.987500 0.000023124717
6.992500 0.000021793307
6.997500 0.000021270572
7.002500 0.000023008714
7.007500 0.000021330079
7.012500 0.000021530392
7.017500 0.000019770538
7.022500 0.000018372931
7.027500 0.000020037039
7.032500 0.000018968415
7.037500 0.000018510050
7.042500 0.000017608192
7.047500 0.000019592189
7.052500 0.000018225114
7.057500 0.000019045095
7.062500 0.000017220788
7.067500 0.000018836420
7.072500 0.000020138069
7.077500 0.000020024519
7.082500 0.000019267373
7.087500 0.000018240323
7.092500 0.000021007322
7.097500 0.000022312477
7.102500 0.000020202129
7.107500 0.000021399818
7.112500 0.000020610770
7.117500 0.000021491444
7.122500 0.000022540223
7.127500 0.000023815539
7.132500 0.000019590537
7.137500 0.000023304504
7.142500 0.000020124524
7.147500 0.000022610729
7.152500 0.000020783484
7.157500 0.000021154375
7.162500 0.000021354630
7.167500 0.000024931656
7.172500 0.000018940203
7.177500 0.000021389035
7.182500 0.000024296738
7.187500 0.000024092648
7.192500 0.000026906851
7.197500 0.000025886461
7.202500 0.000023602294
7.207500 0.000023243814
7.212500 0.000034017113
7.217500 0.000020568627
7.222500 0.000037395235
7.227500 0.000039136785
7.232500 0.000018973389
7.237500 0.000032037930
7.242500 0.000044175009
7.247500 0.000035465325
7.252500 0.000035398152
7.257500 0.000030115731
7.262500 0.000018481753
7.267500 0.000036334502
7.272500 0.000048264506
7.277500 0.000024661500
7.282500 0.000020160789
7.287500 0.000025313311
7.292500 0.000023726021
7.297500 0.000025081426
7.302500 0.000020269051
7.307500 0.000023446730
7.312500 0.000021581794
7.317500 0.000024094545
7.322500 0.000023370660
7.327500 0.000022590326
7.332500 0.000023240058
7.337500 0.000026149793
7.342500 0.000026020873
7.347500 0.000029170633
7.352500 0.000031181204
7.357500 0.000029372224
7.362500 0.000031225766
7.367500 0.000031287434
7.372500 0.000032772802
7.377500 0.000037911119
7.382500 0.000031859236
7.387500 0.000028935542
7.392500 0.000030007155
7.397500 0.000028961429
7.402500 0.000029396516
7.407500 0.000030179522
7.412500 0.000028571799
7.417500 0.000023516797
7.422500 0.000023046648
7.427500 0.000023093818
7.432500 0.000023352090
7.437500 0.000021086444
7.442500 0.000022917989
7.447500 0.000020038422
7.452500 0.000019823607
7.457500 0.000019240279
7.462500 0.000019468053
7.467500 0.000018922245
7.472500 0.000021359933
7.477500 0.000018976724
7.482500 0.000018881923
7.487500 0.000017806708
7.492500 0.000021575621
7.497500 0.000018249778
7.502500 0.000019802439
7.507500 0.000018843881
7.512500 0.000018203475
7.517500 0.000019953980
7.522500 0.000022402087
7.527500 0.000019089352
7.532500 0.000018750382
7.537500 0.000019444467
7.542500 0.000019719379
7.547500 0.000020024156
7.552500 0.000021954219
7.557500 0.000019086279
7.562500 0.000019724627
7.567500 0.000019700985
7.572500 0.000019908525
7.577500 0.000020933614
7.582500 0.000021792394
7.587500 0.000023318115
7.592500 0.000020330991
7.597500 0.000024134432
7.602500 0.000021765100
7.607500 0.000024375113
7.612500 0.000022300730
7.617500 0.000024258583
7.622500 0.000024671824
7.627500 0.000022422671
7.632500 0.000025876134
7.637500 0.000022561972
7.642500 0.000022965984
7.647500 0.000021926402
7.652500 0.000020222947
7.657500 0.000020059661
7.662500 0.000025490353
7.667500 0.000020428337
7.672500 0.000020850379
7.677500 0.000019652330
7.682500 0.000019709269
7.687500 0.000018115862
7.692500 0.000021652957
7.697500 0.000018840651
7.702500 0.000018618009
7.707500 0.000017904096
7.712500 0.000018429342
7.717500 0.000019169269
7.722500 0.000022316622
7.727500 0.000017760132
7.732500 0.000019774183
7.737500 0.000019794778
7.742500 0.000021332700
7.747500 0.000021385801
7.752500 0.000020902412
7.757500 0.000026401414
7.762500 0.000022735933
7.767500 0.000021930991
7.772500 0.000025963600
7.777500 0.000023828853
7.782500 0.000022623370
7.787500 0.000024768598
7.792500 0.000023256263
7.797500 0.000029683977
7.802500 0.000022331725
7.807500 0.000019912343
7.812500 0.000024514717
7.817500 0.000023991464
7.822500 0.000023001860
7.827500 0.000020782594
7.832500 0.000021747167
7.837500 0.000025497171
7.842500 0.000020668205
7.847500 0.000020632363
7.852500 0.000022599561
7.857500 0.000020500958
7.862500 0.000020609164
7.867500 0.000021001898
7.872500 0.000021933488
7.877500 0.000021079740
7.882500 0.000020540433
7.887500 0.000019082805
7.892500 0.000019416833
7.897500 0.000018387459
7.902500 0.000018308907
7.907500 0.000018192348
7.912500 0.000017703052
7.917500 0.000016732317
7.922500 0.000016440644
7.927500 0.000016524884
7.932500 0.000016255461
7.937500 0.000014600247
7.942500 0.000017953632
7.947500 0.000015106498
7.952500 0.000015123766
7.957500 0.000014649788
7.962500 0.000015225241
7.967500 0.000015729612
7.972500 0.000016782464
7.977500 0.000015288988
7.982500 0.000015236144
7.987500 0.000015324523
7.992500 0.000015837474
7.997500 0.000015777439
