0.000000 1.000000000000
0.087500 0.405271667561
0.112500 0.164363100990
0.137500 0.131704371681
0.162500 0.000000000515
0.187500 0.000000001072
0.212500 0.000000000982
0.237500 0.022508072521
0.262500 0.008786734300
0.287500 0.013586263676
0.312500 0.001057406961
0.337500 0.000135929854
0.362500 0.000206724573
0.387500 0.000379453933
0.412500 0.003260363955
0.437500 0.000339818896
0.462500 0.000122899978
0.487500 0.001621247721
0.512500 0.000023765129
0.537500 0.000128137291
0.562500 0.000980730467
0.587500 0.000280838131
0.612500 0.000031578794
0.637500 0.000072879139
0.662500 0.000453370986
0.687500 0.000043769457
0.712500 0.000034154908
0.737500 0.000514900837
0.762500 0.000009576181
0.787500 0.000033414428
0.812500 0.000002365341
0.837500 0.000005132806
0.862500 0.000196907963
0.887500 0.000204909747
0.912500 0.000020541687
0.937500 0.000016719254
0.962500 0.000003746844
0.987500 0.000003586523
1.012500 0.000002304098
1.037500 0.000055553604
1.062500 0.000134633096
1.087500 0.000013433886
1.112500 0.000001351160
1.137500 0.000003540642
1.162500 0.000001665788
1.187500 0.000000928179
1.212500 0.000068178866
1.237500 0.000050139133
1.262500 0.000005695520
1.287500 0.000001709884
1.312500 0.000001650788
1.337500 0.000000415713
1.362500 0.000000819229
1.387500 0.000040448702
1.412500 0.000003062088
1.437500 0.000024829814
1.462500 0.000002096975
1.487500 0.000001127523
1.512500 0.000000256636
1.537500 0.000026549143
1.562500 0.000001907480
1.587500 0.000000365672
1.612500 0.000015758159
1.637500 0.000002429238
1.662500 0.000000466846
1.687500 0.000000312255
1.712500 0.000019496009
1.737500 0.000000936341
1.762500 0.000000582196
1.787500 0.000000362286
1.812500 0.000009907275
1.837500 0.000000823453
1.862500 0.000013548503
1.887500 0.000000967133
1.912500 0.000000377419
1.937500 0.000000319178
1.962500 0.000000259906
1.987500 0.000000207925
2.012500 0.000007345531
2.037500 0.000008971085
2.062500 0.000000540424
2.087500 0.000000364748
2.112500 0.000000199917
2.137500 0.000000235328
2.162500 0.000000134172
2.187500 0.000011173005
2.212500 0.000000856563
2.237500 0.000000425625
2.262500 0.000000235450
2.287500 0.000000205316
2.312500 0.000000185624
2.337500 0.000000135974
2.362500 0.000005372640
2.387500 0.000004051429
2.412500 0.000000269891
2.437500 0.000000209290
2.462500 0.000000236893
2.487500 0.000000170747
2.512500 0.000004089642
2.537500 0.000000388913
2.562500 0.000000225107
2.587500 0.000002794051
2.612500 0.000000245230
2.637500 0.000000168999
2.662500 0.000000180610
2.687500 0.000003280955
2.712500 0.000000190262
2.737500 0.000000224863
2.762500 0.000001976725
2.787500 0.000000336422
2.812500 0.000000167033
2.837500 0.000002660070
2.862500 0.000000380174
2.887500 0.000000202830
2.912500 0.000000194211
2.937500 0.000000164306
2.962500 0.000001668722
2.987500 0.000000199744
3.012500 0.000002106029
3.037500 0.000000264885
3.062500 0.000000182983
3.087500 0.000000217122
3.112500 0.000000191921
3.137500 0.000000776002
3.162500 0.000002343411
3.187500 0.000000416343
3.212500 0.000000276331
3.237500 0.000000233017
3.262500 0.000000356059
3.287500 0.000000275883
3.312500 0.000000261769
3.337500 0.000002365808
3.362500 0.000000332507
3.387500 0.000000267537
3.412500 0.000000249451
3.437500 0.000000214165
3.462500 0.000000304730
3.487500 0.000001233357
3.512500 0.000000291356
3.537500 0.000001025562
3.562500 0.000000275505
3.587500 0.000000230180
3.612500 0.000000314604
3.637500 0.000000241836
3.662500 0.000001155115
3.687500 0.000000295563
3.712500 0.000000795404
3.737500 0.000000319416
3.762500 0.000000316317
3.787500 0.000000260155
3.812500 0.000000999486
3.837500 0.000000343369
3.862500 0.000000309443
3.887500 0.000000300278
3.912500 0.000000792492
3.937500 0.000000304289
3.962500 0.000000312430
3.987500 0.000000888769
4.012500 0.000000330500
4.037500 0.000000280109
4.062500 0.000000301739
4.087500 0.000000296420
4.112500 0.000000794417
4.137500 0.000000800095
4.162500 0.000000345138
4.187500 0.000000310759
4.212500 0.000000343825
4.237500 0.000000313707
4.262500 0.000000316864
4.287500 0.000000639017
4.312500 0.000000844899
4.337500 0.000000326635
4.362500 0.000000335355
4.387500 0.000000341185
4.412500 0.000000317291
4.437500 0.000000359335
4.462500 0.000000738544
4.487500 0.000000664384
4.512500 0.000000343498
4.537500 0.000000476485
4.562500 0.000000354124
4.587500 0.000000403305
4.612500 0.000000442231
4.637500 0.000000733598
4.662500 0.000000444854
4.687500 0.000000595698
4.712500 0.000000415828
4.737500 0.000000405721
4.762500 0.000000387548
4.787500 0.000000645674
4.812500 0.000000428488
4.837500 0.000000412787
4.862500 0.000000606240
4.887500 0.000000406787
4.912500 0.000000386294
4.937500 0.000000388031
4.962500 0.000000652664
4.987500 0.000000405639
5.012500 0.000000413660
5.037500 0.000000406726
5.062500 0.000000598737
5.087500 0.000000443021
5.112500 0.000000624291
5.137500 0.000000467464
5.162500 0.000000526388
5.187500 0.000000454911
5.212500 0.000000446676
5.237500 0.000000584935
5.262500 0.000000489997
5.287500 0.000000612716
5.312500 0.000000485972
5.337500 0.000000797859
5.362500 0.000000499915
5.387500 0.000000486215
5.412500 0.000000482073
5.437500 0.000002038284
5.462500 0.000000548469
5.487500 0.000000499244
5.512500 0.000000494077
5.537500 0.000000818145
5.562500 0.000000517707
5.587500 0.000000505640
5.612500 0.000000649539
5.637500 0.000000625263
5.662500 0.000000519582
5.687500 0.000000523346
5.712500 0.000000533518
5.737500 0.000000562484
5.762500 0.000000671495
5.787500 0.000000559746
5.812500 0.000000623658
5.837500 0.000000571624
5.862500 0.000000567223
5.887500 0.000000555695
5.912500 0.000000602263
5.937500 0.000000703845
5.962500 0.000000584653
5.987500 0.000000598210
6.012500 0.000000652817
6.037500 0.000000598623
6.062500 0.000000612321
6.087500 0.000000664440
6.112500 0.000000593685
6.137500 0.000000586014
6.162500 0.000000586462
6.187500 0.000000584410
6.212500 0.000000660611
6.237500 0.000000613558
6.262500 0.000000674544
6.287500 0.000000626687
6.312500 0.000000636444
6.337500 0.000000626020
6.362500 0.000000638746
6.387500 0.000000701370
6.412500 0.000000723123
6.437500 0.000000681520
6.462500 0.000000631056
6.487500 0.000000670303
6.512500 0.000000640117
6.537500 0.000000673333
6.562500 0.000000641521
6.587500 0.000000795550
6.612500 0.000000662486
6.637500 0.000000668137
6.662500 0.000000692045
6.687500 0.000000692499
6.712500 0.000000676860
6.737500 0.000000759919
6.762500 0.000000723612
6.787500 0.000000748662
6.812500 0.000000749550
6.837500 0.000000834111
6.862500 0.000000761867
6.887500 0.000000785589
6.912500 0.000001053890
6.937500 0.000000823222
6.962500 0.000000789148
6.987500 0.000000808899
7.012500 0.000000772923
7.037500 0.000000697600
7.062500 0.000000790483
7.087500 0.000000734005
7.112500 0.000000705979
7.137500 0.000000757703
7.162500 0.000000790875
7.187500 0.000000771127
7.212500 0.000000753796
7.237500 0.000000832923
7.262500 0.000000818465
7.287500 0.000000775211
7.312500 0.000000865876
7.337500 0.000000834812
7.362500 0.000000772985
7.387500 0.000000860726
7.412500 0.000000795749
7.437500 0.000000824993
7.462500 0.000000817961
7.487500 0.000000849629
7.512500 0.000000840474
7.537500 0.000000857429
7.562500 0.000000860289
7.587500 0.000000809289
7.612500 0.000000833437
7.637500 0.000000860545
7.662500 0.000000845270
7.687500 0.000000833905
7.712500 0.000000871237
7.737500 0.000000878850
7.762500 0.000000840470
7.787500 0.000000854792
7.812500 0.000000852515
7.837500 0.000000858288
7.862500 0.000000884810
7.887500 0.000000881587
7.912500 0.000000907567
7.937500 0.000000913258
7.962500 0.000000850872
7.987500 0.000000894371
8.012500 0.000000927870
8.037500 0.000000965265
8.062500 0.000000932616
8.087500 0.000000924182
8.112500 0.000000944617
8.137500 0.000000915891
8.162500 0.000000904464
8.187500 0.000001012506
8.212500 0.000001337560
8.237500 0.000001061490
8.262500 0.000001262183
8.287500 0.000001763020
8.312500 0.000001010702
8.337500 0.000001273883
8.362500 0.000001104619
8.387500 0.000001353522
8.412500 0.000001065717
8.437500 0.000000969206
8.462500 0.000000975231
8.487500 0.000000972220
8.512500 0.000000944543
8.537500 0.000001041773
8.562500 0.000000991962
8.587500 0.000001085544
8.612500 0.000000999342
8.637500 0.000001000246
8.662500 0.000001016059
8.687500 0.000001017149
8.712500 0.000001016951
8.737500 0.000001007044
8.762500 0.000001024265
8.787500 0.000001032270
8.812500 0.000001040639
8.837500 0.000001032928
8.862500 0.000001059322
8.887500 0.000001065515
8.912500 0.000001042828
8.937500 0.000001020510
8.962500 0.000001064007
8.987500 0.000001039101
9.012500 0.000001026188
9.037500 0.000001030007
9.062500 0.000001044470
9.087500 0.000001063808
9.112500 0.000001039603
9.137500 0.000001057229
9.162500 0.000001115794
9.187500 0.000001085922
9.212500 0.000001077413
9.237500 0.000001091870
9.262500 0.000001109583
9.287500 0.000001092901
9.312500 0.000001112584
9.337500 0.000001140348
9.362500 0.000001389968
9.387500 0.000001159649
9.412500 0.000001226048
9.437500 0.000001463550
9.462500 0.000001263505
9.487500 0.000001144596
9.512500 0.000001235289
9.537500 0.000001509408
9.562500 0.000001132831
9.587500 0.000001157317
9.612500 0.000001135311
9.637500 0.000001139427
9.662500 0.000001123792
9.687500 0.000001115603
9.712500 0.000001141045
9.737500 0.000004130893
9.762500 0.000001180998
9.787500 0.000001155721
9.812500 0.000001154471
9.837500 0.000008126870
9.862500 0.000001248766
9.887500 0.000001163067
9.912500 0.000001218768
9.937500 0.000004325392
9.962500 0.000001208167
9.987500 0.000001206614
10.012500 0.000001211543
10.037500 0.000001177725
10.062500 0.000001228053
10.087500 0.000001174759
10.112500 0.000001484936
10.137500 0.000001184205
10.162500 0.000001174528
10.187500 0.000001353139
10.212500 0.000001564848
10.237500 0.000001326529
10.262500 0.000001471783
10.287500 0.000001882962
10.312500 0.000001615332
10.337500 0.000001291439
10.362500 0.000001442569
10.387500 0.000001293851
10.412500 0.000001220860
10.437500 0.000001222153
10.462500 0.000001202251
10.487500 0.000001299917
10.512500 0.000001244085
10.537500 0.000001241169
10.562500 0.000001241194
10.587500 0.000001267640
10.612500 0.000001242538
10.637500 0.000001221124
10.662500 0.000001250487
10.687500 0.000001280598
10.712500 0.000001274199
10.737500 0.000001284493
10.762500 0.000001286032
10.787500 0.000001294909
10.812500 0.000001270683
10.837500 0.000001288164
10.862500 0.000001360152
10.887500 0.000001344650
10.912500 0.000001301642
10.937500 0.000001318468
10.962500 0.000001311455
10.987500 0.000001275253
11.012500 0.000001280793
11.037500 0.000001275667
11.062500 0.000001312656
11.087500 0.000001333084
11.112500 0.000001292938
11.137500 0.000001311332
11.162500 0.000001313595
11.187500 0.000001349335
11.212500 0.000001319050
11.237500 0.000001388818
11.262500 0.000001344860
11.287500 0.000001381989
11.312500 0.000001474178
11.337500 0.000001357800
11.362500 0.000001381049
11.387500 0.000001462100
11.412500 0.000001413600
11.437500 0.000001423067
11.462500 0.000001392503
11.487500 0.000001450568
11.512500 0.000001443609
11.537500 0.000001512813
11.562500 0.000001504301
11.587500 0.000001403705
11.612500 0.000001401161
11.637500 0.000001378857
11.662500 0.000002092885
11.687500 0.000001469048
11.712500 0.000002575602
11.737500 0.000002825110
11.762500 0.000002009010
11.787500 0.000004263358
11.812500 0.000001998610
11.837500 0.000002696736
11.862500 0.000002652708
11.887500 0.000001506577
11.912500 0.000001992674
11.937500 0.000001528068
11.962500 0.000001503772
11.987500 0.000001684525
12.012500 0.000001676393
12.037500 0.000001659952
12.062500 0.000001576069
12.087500 0.000001874925
12.112500 0.000001909137
12.137500 0.000002156669
12.162500 0.000003237577
12.187500 0.000002593778
12.212500 0.000002809892
12.237500 0.000004339547
12.262500 0.000002595817
12.287500 0.000002521914
12.312500 0.000002757790
12.337500 0.000002639519
12.362500 0.000001843898
12.387500 0.000001755759
12.412500 0.000001901848
12.437500 0.000003796048
12.462500 0.000006494413
12.487500 0.000004242153
12.512500 0.000006487916
12.537500 0.000014217638
12.562500 0.000006963791
12.587500 0.000001777077
12.612500 0.000009035649
12.637500 0.000003901498
12.662500 0.000001772733
12.687500 0.000001818050
12.712500 0.000001697553
12.737500 0.000001769499
12.762500 0.000002013608
12.787500 0.000002217205
12.812500 0.000002094322
12.837500 0.000001773348
12.862500 0.000001831171
12.887500 0.000001642625
12.912500 0.000001622621
12.937500 0.000001756816
12.962500 0.000001591386
12.987500 0.000001559469
13.012500 0.000001711637
13.037500 0.000001588767
13.062500 0.000001541270
13.087500 0.000001667838
13.112500 0.000001637696
13.137500 0.000001499875
13.162500 0.000002215222
13.187500 0.000001775930
13.212500 0.000001557891
13.237500 0.000001685071
13.262500 0.000001869628
13.287500 0.000001675817
13.312500 0.000003494029
13.337500 0.000006095381
13.362500 0.000003876711
13.387500 0.000006300927
13.412500 0.000012621458
13.437500 0.000006317732
13.462500 0.000004165232
13.487500 0.000006023699
13.512500 0.000003821096
13.537500 0.000001897595
13.562500 0.000002067437
13.587500 0.000001701158
13.612500 0.000001632447
13.637500 0.000002679848
13.662500 0.000001813508
13.687500 0.000002606970
13.712500 0.000001629792
13.737500 0.000005694488
13.762500 0.000001643675
13.787500 0.000007874713
13.812500 0.000002159924
13.837500 0.000001635098
13.862500 0.000005400650
13.887500 0.000001618355
13.912500 0.000002495560
13.937500 0.000001621292
13.962500 0.000002070944
13.987500 0.000001677433
14.012500 0.000001573287
14.037500 0.000001904512
14.062500 0.000001544253
14.087500 0.000001732472
14.112500 0.000001661483
14.137500 0.000001649418
14.162500 0.000001719929
14.187500 0.000001611151
14.212500 0.000001761501
14.237500 0.000001780190
14.262500 0.000001704127
14.287500 0.000001729088
14.312500 0.000001622289
14.337500 0.000001716886
14.362500 0.000001733450
14.387500 0.000001651130
14.412500 0.000001738288
14.437500 0.000001783014
14.462500 0.000001840820
14.487500 0.000001802490
14.512500 0.000001859870
14.537500 0.000001899172
14.562500 0.000002605929
14.587500 0.000001946630
14.612500 0.000004388582
14.637500 0.000003720823
14.662500 0.000004474749
14.687500 0.000005741665
14.712500 0.000004438372
14.737500 0.000003813603
14.762500 0.000004317432
14.787500 0.000002083399
14.812500 0.000002590656
14.837500 0.000001872395
14.862500 0.000001856081
14.887500 0.000001781602
14.912500 0.000001804374
14.937500 0.000001741955
14.962500 0.000001697301
14.987500 0.000001758215
15.012500 0.000001750022
15.037500 0.000001674588
15.062500 0.000001675771
15.087500 0.000001733179
15.112500 0.000001673695
15.137500 0.000001710514
15.162500 0.000002862708
15.187500 0.000001868955
15.212500 0.000001883920
15.237500 0.000001876302
15.262500 0.000004703190
15.287500 0.000002196585
15.312500 0.000002388676
15.337500 0.000002496375
15.362500 0.000004854619
15.387500 0.000003857601
15.412500 0.000004050129
15.437500 0.000006468818
15.462500 0.000002959973
15.487500 0.000005235727
15.512500 0.000002340096
15.537500 0.000002350765
15.562500 0.000002467295
15.587500 0.000001791762
15.612500 0.000002124221
15.637500 0.000002177464
15.662500 0.000002596381
15.687500 0.000001861257
15.712500 0.000003893373
15.737500 0.000001825511
15.762500 0.000004420948
15.787500 0.000001717618
15.812500 0.000003497203
15.837500 0.000001716741
15.862500 0.000002361519
15.887500 0.000001612304
15.912500 0.000001898875
15.937500 0.000001671721
15.962500 0.000001727839
15.987500 0.000001627691
16.012500 0.000001687678
16.037500 0.000001590862
16.062500 0.000001630781
16.087500 0.000001581418
16.112500 0.000001596732
16.137500 0.000001609262
16.162500 0.000001598162
16.187500 0.000001652465
16.212500 0.000001612263
16.237500 0.000001635202
16.262500 0.000001733930
16.287500 0.000001637117
16.312500 0.000001705612
16.337500 0.000001719576
16.362500 0.000001658383
16.387500 0.000001696724
16.412500 0.000001608710
16.437500 0.000001713143
16.462500 0.000001624077
16.487500 0.000001922256
16.512500 0.000002402078
16.537500 0.000001865891
16.562500 0.000002231992
16.587500 0.000003146461
16.612500 0.000001753913
16.637500 0.000002138619
16.662500 0.000001992317
16.687500 0.000002266932
16.712500 0.000001826485
16.737500 0.000001615579
16.762500 0.000001647943
16.787500 0.000001878630
16.812500 0.000001854064
16.837500 0.000002272995
16.862500 0.000002047961
16.887500 0.000002538941
16.912500 0.000002541436
16.937500 0.000002459628
16.962500 0.000001963056
16.987500 0.000002174956
17.012500 0.000001819931
17.037500 0.000001826554
17.062500 0.000001612156
17.087500 0.000001644546
17.112500 0.000001605645
17.137500 0.000001612452
17.162500 0.000001673523
17.187500 0.000001617598
17.212500 0.000001627855
17.237500 0.000001601829
17.262500 0.000001585777
17.287500 0.000001627916
17.312500 0.000001596766
17.337500 0.000001656751
17.362500 0.000001640821
17.387500 0.000001690539
17.412500 0.000001684044
17.437500 0.000001635520
17.462500 0.000001821809
17.487500 0.000001699954
17.512500 0.000001728682
17.537500 0.000001633597
17.562500 0.000001591018
17.587500 0.000001626102
17.612500 0.000001529781
17.637500 0.000001541466
17.662500 0.000001656073
17.687500 0.000001629045
17.712500 0.000001602193
17.737500 0.000001702133
17.762500 0.000001905494
17.787500 0.000001729229
17.812500 0.000001643661
17.837500 0.000001765644
17.862500 0.000001875622
17.887500 0.000001634858
17.912500 0.000001780727
17.937500 0.000001606245
17.962500 0.000001755272
17.987500 0.000001913792
18.012500 0.000001714354
18.037500 0.000001704247
18.062500 0.000001849606
18.087500 0.000002454850
18.112500 0.000001545336
18.137500 0.000003881827
18.162500 0.000003760156
18.187500 0.000002492067
18.212500 0.000007115339
18.237500 0.000004605771
18.262500 0.000003911934
18.287500 0.000001683117
18.312500 0.000002537464
18.337500 0.000001888379
18.362500 0.000001785808
18.387500 0.000001652138
18.412500 0.000002092622
18.437500 0.000001677330
18.462500 0.000001690977
18.487500 0.000001725357
18.512500 0.000001837221
18.537500 0.000001747465
18.562500 0.000001635396
18.587500 0.000001694906
18.612500 0.000001570986
18.637500 0.000001593583
18.662500 0.000001553275
18.687500 0.000001623360
18.712500 0.000001544443
18.737500 0.000001567030
18.762500 0.000001574049
18.787500 0.000001572227
18.812500 0.000001556033
18.837500 0.000001569649
18.862500 0.000001568643
18.887500 0.000001562644
18.912500 0.000001557591
18.937500 0.000001529716
18.962500 0.000001566136
18.987500 0.000001552259
19.012500 0.000001564471
19.037500 0.000001516024
19.062500 0.000001545670
19.087500 0.000001546229
19.112500 0.000001509377
19.137500 0.000001517263
19.162500 0.000001506198
19.187500 0.000001534254
19.212500 0.000001519392
19.237500 0.000001513144
19.262500 0.000001544005
19.287500 0.000001548530
19.312500 0.000001517476
19.337500 0.000001523548
19.362500 0.000001560093
19.387500 0.000001574928
19.412500 0.000001569554
19.437500 0.000001571298
19.462500 0.000001636166
19.487500 0.000001573304
19.512500 0.000001712385
19.537500 0.000001584509
19.562500 0.000001809102
19.587500 0.000001813874
19.612500 0.000001645847
19.637500 0.000002272062
19.662500 0.000002141329
19.687500 0.000003168856
19.712500 0.000002868649
19.737500 0.000004081167
19.762500 0.000002268744
19.787500 0.000002990692
19.812500 0.000002867491
19.837500 0.000002148105
19.862500 0.000001734724
19.887500 0.000001817411
19.912500 0.000001599966
19.937500 0.000001672711
19.962500 0.000001689553
19.987500 0.000001541691
20.012500 0.000001663928
20.037500 0.000001632196
20.062500 0.000001642991
20.087500 0.000001672382
20.112500 0.000001525215
20.137500 0.000001722018
20.162500 0.000001621926
20.187500 0.000001634534
20.212500 0.000001591923
20.237500 0.000001657853
20.262500 0.000001653173
20.287500 0.000001627715
20.312500 0.000001619216
20.337500 0.000001540382
20.362500 0.000001552800
20.387500 0.000001511113
20.412500 0.000001467533
20.437500 0.000001460169
20.462500 0.000001446952
20.487500 0.000001469533
20.512500 0.000001481130
20.537500 0.000001482721
20.562500 0.000001490824
20.587500 0.000001465273
20.612500 0.000001504517
20.637500 0.000001482329
20.662500 0.000001509763
20.687500 0.000001480830
20.712500 0.000001468040
20.737500 0.000001456957
20.762500 0.000001474850
20.787500 0.000001478389
20.812500 0.000001515549
20.837500 0.000001530981
20.862500 0.000001510180
20.887500 0.000001519995
20.912500 0.000001539825
20.937500 0.000001656807
20.962500 0.000001529266
20.987500 0.000001907664
21.012500 0.000001889975
21.037500 0.000001655581
21.062500 0.000002387133
21.087500 0.000001695201
21.112500 0.000001938056
21.137500 0.000001871928
21.162500 0.000001669779
21.187500 0.000001697384
21.212500 0.000001657368
21.237500 0.000001943470
21.262500 0.000002074776
21.287500 0.000001973877
21.312500 0.000002484006
21.337500 0.000002046574
21.362500 0.000001974418
21.387500 0.000002356937
21.412500 0.000001995207
21.437500 0.000002928458
21.462500 0.000002958355
21.487500 0.000002371910
21.512500 0.000004034975
21.537500 0.000002943881
21.562500 0.000002306781
21.587500 0.000002469600
21.612500 0.000002021153
21.637500 0.000002022996
21.662500 0.000001565580
21.687500 0.000003074984
21.712500 0.000001616526
21.737500 0.000004234389
21.762500 0.000001566977
21.787500 0.000003321549
21.812500 0.000001574961
21.837500 0.000002047512
21.862500 0.000001642092
21.887500 0.000002046976
21.912500 0.000001985885
21.937500 0.000002488194
21.962500 0.000002986426
21.987500 0.000002300907
22.012500 0.000003966550
22.037500 0.000002731840
22.062500 0.000002626314
22.087500 0.000002862994
22.112500 0.000002018046
22.137500 0.000002196004
22.162500 0.000001753093
22.187500 0.000002138350
22.212500 0.000002333862
22.237500 0.000001653656
22.262500 0.000002626797
22.287500 0.000002373665
22.312500 0.000001478924
22.337500 0.000002028747
22.362500 0.000001799639
22.387500 0.000001485820
22.412500 0.000001550775
22.437500 0.000001601439
22.462500 0.000001446050
22.487500 0.000001518895
22.512500 0.000001519921
22.537500 0.000001452125
22.562500 0.000001458016
22.587500 0.000001448834
22.612500 0.000001482773
22.637500 0.000001418785
22.662500 0.000001456315
22.687500 0.000001416085
22.712500 0.000001493751
22.737500 0.000001424424
22.762500 0.000001530197
22.787500 0.000001438661
22.812500 0.000001473669
22.837500 0.000001470878
22.862500 0.000001490942
22.887500 0.000001511282
22.912500 0.000001480918
22.937500 0.000001903826
22.962500 0.000001451594
22.987500 0.000002024947
23.012500 0.000001967186
23.037500 0.000002279438
23.062500 0.000002041345
23.087500 0.000002129560
23.112500 0.000001697101
23.137500 0.000001626608
23.162500 0.000001539384
23.187500 0.000001600301
23.212500 0.000001461385
23.237500 0.000001490892
23.262500 0.000001590208
23.287500 0.000001537083
23.312500 0.000001492652
23.337500 0.000001464734
23.362500 0.000001473106
23.387500 0.000001501922
23.412500 0.000001608556
23.437500 0.000001528424
23.462500 0.000001467526
23.487500 0.000001629711
23.512500 0.000001475670
23.537500 0.000001447840
23.562500 0.000001479116
23.587500 0.000001595943
23.612500 0.000001433873
23.637500 0.000001449259
23.662500 0.000001522804
23.687500 0.000001433718
23.712500 0.000001406774
23.737500 0.000001546199
23.762500 0.000001399080
23.787500 0.000001394837
23.812500 0.000001379468
23.837500 0.000001429920
23.862500 0.000001547915
23.887500 0.000001489128
23.912500 0.000001684471
23.937500 0.000001405674
23.962500 0.000001639322
23.987500 0.000001464118
24.012500 0.000001952050
24.037500 0.000001592495
24.062500 0.000001746560
24.087500 0.000002329770
24.112500 0.000001462047
24.137500 0.000002013503
24.162500 0.000001481633
24.187500 0.000001582747
24.212500 0.000001577312
24.237500 0.000002699649
24.262500 0.000001588565
24.287500 0.000002136459
24.312500 0.000001708602
24.337500 0.000001551261
24.362500 0.000001942576
24.387500 0.000002020394
24.412500 0.000001534927
24.437500 0.000001969878
24.462500 0.000001417951
24.487500 0.000001448404
24.512500 0.000001426042
24.537500 0.000001417519
24.562500 0.000002332135
24.587500 0.000001419529
24.612500 0.000002324345
24.637500 0.000001487385
24.662500 0.000001462982
24.687500 0.000001411342
24.712500 0.000003282810
24.737500 0.000001597919
24.762500 0.000001768392
24.787500 0.000001779570
24.812500 0.000004378206
24.837500 0.000002206094
24.862500 0.000001724875
24.887500 0.000007545894
24.912500 0.000001832334
24.937500 0.000002973390
24.962500 0.000003371893
24.987500 0.000001547724
25.012500 0.000027493839
25.037500 0.000047948312
25.062500 0.000003745302
25.087500 0.000002245627
25.112500 0.000002534677
25.137500 0.000002121321
25.162500 0.000002017131
25.187500 0.000002856994
25.212500 0.000002110711
25.237500 0.000003254295
25.262500 0.000002328407
25.287500 0.000002447264
25.312500 0.000002000741
25.337500 0.000002349171
25.362500 0.000001591461
25.387500 0.000002911923
25.412500 0.000003313045
25.437500 0.000004599016
25.462500 0.000001706466
25.487500 0.000003241544
25.512500 0.000002841939
25.537500 0.000001493741
25.562500 0.000002075860
25.587500 0.000001470400
25.612500 0.000001518446
25.637500 0.000001559814
25.662500 0.000001635599
25.687500 0.000001460091
25.712500 0.000001497911
25.737500 0.000001470725
25.762500 0.000001452948
25.787500 0.000001539141
25.812500 0.000001517789
25.837500 0.000001503194
25.862500 0.000001535742
25.887500 0.000001557615
25.912500 0.000001548601
25.937500 0.000001627353
25.962500 0.000001588294
25.987500 0.000001575596
26.012500 0.000001637771
26.037500 0.000001955179
26.062500 0.000001659826
26.087500 0.000002310419
26.112500 0.000002865264
26.137500 0.000003097886
26.162500 0.000002398709
26.187500 0.000002266633
26.212500 0.000002406168
26.237500 0.000002032807
26.262500 0.000001603329
26.287500 0.000001673365
26.312500 0.000001571034
26.337500 0.000001685809
26.362500 0.000001640775
26.387500 0.000001630355
26.412500 0.000001624060
26.437500 0.000001609260
26.462500 0.000001777936
26.487500 0.000001878497
26.512500 0.000002302525
26.537500 0.000002966626
26.562500 0.000003108932
26.587500 0.000002457201
26.612500 0.000002389657
26.637500 0.000002301389
26.662500 0.000001870699
26.687500 0.000001798698
26.712500 0.000001704207
26.737500 0.000001691382
26.762500 0.000001695443
26.787500 0.000001691054
26.812500 0.000001551235
26.837500 0.000001530992
26.862500 0.000001837221
26.887500 0.000001519574
26.912500 0.000002158330
26.937500 0.000001854608
26.962500 0.000001510064
26.987500 0.000001531502
27.012500 0.000001576172
27.037500 0.000001610221
27.062500 0.000001517506
27.087500 0.000001570317
27.112500 0.000001497821
27.137500 0.000001540858
27.162500 0.000001491905
27.187500 0.000001558015
27.212500 0.000001538217
27.237500 0.000001520164
27.262500 0.000001603702
27.287500 0.000001557591
27.312500 0.000001598442
27.337500 0.000001597400
27.362500 0.000001645053
27.387500 0.000001781602
27.412500 0.000001879269
27.437500 0.000001818617
27.462500 0.000002115543
27.487500 0.000001817202
27.512500 0.000001962544
27.537500 0.000001674139
27.562500 0.000001621059
27.587500 0.000001592668
27.612500 0.000001559012
27.637500 0.000001670059
27.662500 0.000001691979
27.687500 0.000001803646
27.712500 0.000001674951
27.737500 0.000001700078
27.762500 0.000001615327
27.787500 0.000001904659
27.812500 0.000002120620
27.837500 0.000002127352
27.862500 0.000001860059
27.887500 0.000002549849
27.912500 0.000001572780
27.937500 0.000003197402
27.962500 0.000003105716
27.987500 0.000002274232
28.012500 0.000002426124
28.037500 0.000001671631
28.062500 0.000001727494
28.087500 0.000001588926
28.112500 0.000001637597
28.137500 0.000001523395
28.162500 0.000001644821
28.187500 0.000001643336
28.212500 0.000001649777
28.237500 0.000001614888
28.262500 0.000001604100
28.287500 0.000001503789
28.312500 0.000001538001
28.337500 0.000002313044
28.362500 0.000002971568
28.387500 0.000002014675
28.412500 0.000002362629
28.437500 0.000001559301
28.462500 0.000001507402
28.487500 0.000001614416
28.512500 0.000001594908
28.537500 0.000001852869
28.562500 0.000002122993
28.587500 0.000001823443
28.612500 0.000001519640
28.637500 0.000001450621
28.662500 0.000001437882
28.687500 0.000001387447
28.712500 0.000001428499
28.737500 0.000001396632
28.762500 0.000001404140
28.787500 0.000001412096
28.812500 0.000001408202
28.837500 0.000001404548
28.862500 0.000001408176
28.887500 0.000001409093
28.912500 0.000001423640
28.937500 0.000001396235
28.962500 0.000001412116
28.987500 0.000001395971
29.012500 0.000001420130
29.037500 0.000001382888
29.062500 0.000001434251
29.087500 0.000001390952
29.112500 0.000001391674
29.137500 0.000001403861
29.162500 0.000001366309
29.187500 0.000001481072
29.212500 0.000001375831
29.237500 0.000001412915
29.262500 0.000001391453
29.287500 0.000001748565
29.312500 0.000001396864
29.337500 0.000002199487
29.362500 0.000001429077
29.387500 0.000001721836
29.412500 0.000001455307
29.437500 0.000001384623
29.462500 0.000001396622
29.487500 0.000001449376
29.512500 0.000001400750
29.537500 0.000001450619
29.562500 0.000001435962
29.587500 0.000001461979
29.612500 0.000001441992
29.637500 0.000001491872
29.662500 0.000001436472
29.687500 0.000001409839
29.712500 0.000001423475
29.737500 0.000001394377
29.762500 0.000001385119
29.787500 0.000001401151
29.812500 0.000001385047
29.837500 0.000001394745
29.862500 0.000001392219
29.887500 0.000001392269
29.912500 0.000001383843
29.937500 0.000001357917
29.962500 0.000001361121
29.987500 0.000001494569
30.012500 0.000001413986
30.037500 0.000001676596
30.062500 0.000001447598
30.087500 0.000001499184
30.112500 0.000001419498
30.137500 0.000001362190
30.162500 0.000001416474
30.187500 0.000001414916
30.212500 0.000001490205
30.237500 0.000001424065
30.262500 0.000001633219
30.287500 0.000001600142
30.312500 0.000002004915
30.337500 0.000002042713
30.362500 0.000002305402
30.387500 0.000002325053
30.412500 0.000002601201
30.437500 0.000003108043
30.462500 0.000002742341
30.487500 0.000003780730
30.512500 0.000001988133
30.537500 0.000002681791
30.562500 0.000002853972
30.587500 0.000002252654
30.612500 0.000001820308
30.637500 0.000001681165
30.662500 0.000001720594
30.687500 0.000001569318
30.712500 0.000001752739
30.737500 0.000001690907
30.762500 0.000002323890
30.787500 0.000001915997
30.812500 0.000003067591
30.837500 0.000002990180
30.862500 0.000004001275
30.887500 0.000003260147
30.912500 0.000003663486
30.937500 0.000002843828
30.962500 0.000003001734
30.987500 0.000001868300
31.012500 0.000001547398
31.037500 0.000001520620
31.062500 0.000001464158
31.087500 0.000001419749
31.112500 0.000001398992
31.137500 0.000001374993
31.162500 0.000001341174
31.187500 0.000001305838
31.212500 0.000001304668
31.237500 0.000001295119
31.262500 0.000001315875
31.287500 0.000001266667
31.312500 0.000001261885
31.337500 0.000001253534
31.362500 0.000001241273
31.387500 0.000001244832
31.412500 0.000001226907
31.437500 0.000001234909
31.462500 0.000001226500
31.487500 0.000001236291
31.512500 0.000001215172
31.537500 0.000001222878
31.562500 0.000001217712
31.587500 0.000001209046
31.612500 0.000001213537
31.637500 0.000001212684
31.662500 0.000001220318
31.687500 0.000001207559
31.712500 0.000001237504
31.737500 0.000001218233
31.762500 0.000001230800
31.787500 0.000001246330
31.812500 0.000001242003
31.837500 0.000001334511
31.862500 0.000001238992
31.887500 0.000001368502
31.912500 0.000001262142
31.937500 0.000001388318
31.962500 0.000001263973
31.987500 0.000001308247
32.012500 0.000001211046
32.037500 0.000001254779
32.062500 0.000001234467
32.087500 0.000001257147
32.112500 0.000001241441
32.137500 0.000001257756
32.162500 0.000001212612
32.187500 0.000001230236
32.212500 0.000001218332
32.237500 0.000001196016
32.262500 0.000001224375
32.287500 0.000001206229
32.312500 0.000001278865
32.337500 0.000001255441
32.362500 0.000001346844
32.387500 0.000001341645
32.412500 0.000001308039
32.437500 0.000001669267
32.462500 0.000001328024
32.487500 0.000002295741
32.512500 0.000001436820
32.537500 0.000002571541
32.562500 0.000001251572
32.587500 0.000002364503
32.612500 0.000001352989
32.637500 0.000001556685
32.662500 0.000001439589
32.687500 0.000001461795
32.712500 0.000001652088
32.737500 0.000001432830
32.762500 0.000001367945
32.787500 0.000001218129
32.812500 0.000001239604
32.837500 0.000001211687
32.862500 0.000001220038
32.887500 0.000001177350
32.912500 0.000001199883
32.937500 0.000001250998
32.962500 0.000001171647
32.987500 0.000001337266
33.012500 0.000001281621
33.037500 0.000001152707
33.062500 0.000001365097
33.087500 0.000001837346
33.112500 0.000001131175
33.137500 0.000002314366
33.162500 0.000001890843
33.187500 0.000001183565
33.212500 0.000001328432
33.237500 0.000001224516
33.262500 0.000001154292
33.287500 0.000001181811
33.312500 0.000001213493
33.337500 0.000001118674
33.362500 0.000001135220
33.387500 0.000001148229
33.412500 0.000001131448
33.437500 0.000001156171
33.462500 0.000001125727
33.487500 0.000001138989
33.512500 0.000001144271
33.537500 0.000001111212
33.562501 0.000001158396
33.587501 0.000001129487
33.612501 0.000001114015
33.637501 0.000001120324
33.662501 0.000001097744
33.687501 0.000001153995
33.712501 0.000001128354
33.737501 0.000001158538
33.762501 0.000001086735
33.787501 0.000001135914
33.812501 0.000001193545
33.837501 0.000001150456
33.862501 0.000001125292
33.887501 0.000001105081
33.912501 0.000001114471
33.937501 0.000001245231
33.962501 0.000001212728
33.987501 0.000001111214
34.012501 0.000001153135
34.037501 0.000001175349
34.062501 0.000001284732
34.087501 0.000001159474
34.112501 0.000001202266
34.137501 0.000001226455
34.162501 0.000001187843
34.187501 0.000001291014
34.212501 0.000001149480
34.237501 0.000001134212
34.262501 0.000001204993
34.287501 0.000001213298
34.312501 0.000001121096
34.337501 0.000001276718
34.362501 0.000001232752
34.387501 0.000001303329
34.412501 0.000001160018
34.437501 0.000001187112
34.462501 0.000001379511
34.487501 0.000001359508
34.512501 0.000001336721
34.537501 0.000001235759
34.562501 0.000001224186
34.587501 0.000001592891
34.612501 0.000001541225
34.637501 0.000001270599
34.662501 0.000001269450
34.687501 0.000001423319
34.712501 0.000001957304
34.737501 0.000002199608
34.762501 0.000001229048
34.787501 0.000001643585
34.812501 0.000001447646
34.837501 0.000001698492
34.862501 0.000001772503
34.887501 0.000001214367
34.912501 0.000001254545
34.937501 0.000001680705
34.962501 0.000001840796
34.987501 0.000002044098
35.012501 0.000001583227
35.037501 0.000002079209
35.062501 0.000002275064
35.087501 0.000001324630
35.112501 0.000003058519
35.137501 0.000001872695
35.162501 0.000002995992
35.187501 0.000003622376
35.212501 0.000001368709
35.237501 0.000001723934
35.262501 0.000011636880
35.287501 0.000002148581
35.312501 0.000007954675
35.337501 0.000003176069
35.362501 0.000004617628
35.387501 0.000053259179
35.412501 0.000027768940
35.437501 0.000002283314
35.462501 0.000001434089
35.487501 0.000001547538
35.512501 0.000001663002
35.537501 0.000001893199
35.562501 0.000001537861
35.587501 0.000002170272
35.612501 0.000001301345
35.637501 0.000004373383
35.662501 0.000001734808
35.687501 0.000005703941
35.712501 0.000002706244
35.737501 0.000002735021
35.762501 0.000001887899
35.787501 0.000001214016
35.812501 0.000001176401
35.837501 0.000001356953
35.862501 0.000001169349
35.887501 0.000001156233
35.912501 0.000001117936
35.937501 0.000001187178
35.962501 0.000001117309
35.987501 0.000001118255
36.012501 0.000001084233
36.037501 0.000001135897
36.062501 0.000001079542
36.087501 0.000001099330
36.112501 0.000001081577
36.137501 0.000001119994
36.162501 0.000001064309
36.187501 0.000001056008
36.212501 0.000001065936
36.237501 0.000001061493
36.262501 0.000001065112
36.287501 0.000001042333
36.312501 0.000001078714
36.337501 0.000001068617
36.362501 0.000001034570
36.387501 0.000001039760
36.412501 0.000001026906
36.437501 0.000001077501
36.462501 0.000001049377
36.487501 0.000001055368
36.512501 0.000001069375
36.537501 0.000001069378
36.562501 0.000001150715
36.587501 0.000001032372
36.612501 0.000001240800
36.637501 0.000001194455
36.662501 0.000001090210
36.687501 0.000001022654
36.712501 0.000000962510
36.737501 0.000001244241
36.762501 0.000001501040
36.787501 0.000001226415
36.812501 0.000000970935
36.837501 0.000000977773
36.862501 0.000000959188
36.887501 0.000000982924
36.912501 0.000000961075
36.937501 0.000001010901
36.962501 0.000000986965
36.987501 0.000001090271
37.012501 0.000000996803
37.037501 0.000000971256
37.062501 0.000000963024
37.087501 0.000000935299
37.112501 0.000000918119
37.137501 0.000000922264
37.162501 0.000000937698
37.187501 0.000000904981
37.212501 0.000000891516
37.237501 0.000000887389
37.262501 0.000000880163
37.287501 0.000000892668
37.312501 0.000000873431
37.337501 0.000000866061
37.362501 0.000000860695
37.387501 0.000000838829
37.412501 0.000000874187
37.437501 0.000000883308
37.462501 0.000000910153
37.487501 0.000000867304
37.512501 0.000001016955
37.537501 0.000000841772
37.562501 0.000001124585
37.587501 0.000000832876
37.612501 0.000001012058
37.637501 0.000000857675
37.662501 0.000000823601
37.687501 0.000000843169
37.712501 0.000000829912
37.737501 0.000000849502
37.762501 0.000000793331
37.787501 0.000000822208
37.812501 0.000000769832
37.837501 0.000000794026
37.862501 0.000000764411
37.887501 0.000000766169
37.912501 0.000000766253
37.937501 0.000000729594
37.962501 0.000000734763
37.987501 0.000000703026
38.012501 0.000000727510
38.037501 0.000000718533
38.062501 0.000000717715
38.087501 0.000000725739
38.112501 0.000000729791
38.137501 0.000000724304
38.162501 0.000000727638
38.187501 0.000000700707
38.212501 0.000000740632
38.237501 0.000000689153
38.262501 0.000000716625
38.287501 0.000000670002
38.312501 0.000000692403
38.337501 0.000000636530
38.362501 0.000000744073
38.387501 0.000000697830
38.412501 0.000000629188
38.437501 0.000000749127
38.462501 0.000000909451
38.487501 0.000000648786
38.512501 0.000000737492
38.537501 0.000001117830
38.562501 0.000001801549
38.587501 0.000000627459
38.612501 0.000001185223
38.637501 0.000000640391
38.662501 0.000000620921
38.687501 0.000000665482
38.712501 0.000000600150
38.737501 0.000000594163
38.762501 0.000000620064
38.787501 0.000000584780
38.812501 0.000000571034
38.837501 0.000000574534
38.862501 0.000000547082
38.887501 0.000000561434
38.912501 0.000000529136
38.937501 0.000000557035
38.962501 0.000000499829
38.987501 0.000000531632
39.012501 0.000000481646
39.037501 0.000000515439
39.062501 0.000000496705
39.087501 0.000000521911
39.112501 0.000000491093
39.137501 0.000000490226
39.162501 0.000000480022
39.187501 0.000000473690
39.212501 0.000000468970
39.237501 0.000000473341
39.262501 0.000000457502
39.287501 0.000000479651
39.312501 0.000000461127
39.337501 0.000000468328
39.362501 0.000000439383
39.387501 0.000000460071
39.412501 0.000000428226
39.437501 0.000000454873
39.462501 0.000000419711
39.487501 0.000000432152
39.512501 0.000000425825
39.537501 0.000000419274
39.562501 0.000000413097
39.587501 0.000000417026
39.612501 0.000000414719
39.637501 0.000000400981
39.662501 0.000000400665
39.687501 0.000000397357
39.712501 0.000000396084
39.737501 0.000000403197
39.762501 0.000000439260
39.787501 0.000000390646
39.812501 0.000000445945
39.837501 0.000000366074
39.862501 0.000000392381
39.887501 0.000000375271
39.912501 0.000000369765
39.937501 0.000000346328
39.962501 0.000000367270
39.987501 0.000000348343
