0.000000000000000000e+00 2.584858104079884361e+05
8.749999999999999445e-02 2.182197411764431163e+05
1.125000000000000028e-01 1.564591189262834960e+05
1.375000000000000111e-01 9.632783645291581342e+04
1.625000000000000056e-01 5.177813103456254612e+04
1.875000000000000000e-01 2.513098113672646286e+04
2.124999999999999944e-01 1.206403070345517517e+04
2.374999999999999889e-01 6.793885964667096232e+03
2.625000000000000111e-01 4.810523668580112826e+03
2.874999999999999778e-01 3.660714859385642285e+03
3.125000000000000000e-01 2.571483539676684813e+03
3.375000000000000222e-01 1.607902054590099397e+03
3.624999999999999889e-01 9.640251841845264380e+02
3.875000000000000111e-01 6.520253892759560586e+02
4.124999999999999778e-01 5.335812865271110468e+02
4.375000000000000000e-01 4.710847406122958319e+02
4.625000000000000222e-01 4.054292048170565863e+02
4.874999999999999889e-01 3.371682061220498667e+02
5.124999999999999556e-01 2.788136548490442124e+02
5.374999999999999778e-01 2.339020328977438794e+02
5.625000000000000000e-01 1.971152461654942840e+02
5.875000000000000222e-01 1.627757735621455879e+02
6.125000000000000444e-01 1.316002928985724338e+02
6.374999999999999556e-01 1.086237452376227139e+02
6.624999999999999778e-01 9.570933205123783694e+01
6.875000000000000000e-01 8.925389601625914793e+01
7.125000000000000222e-01 8.363229670420088269e+01
7.375000000000000444e-01 7.434776169151481895e+01
7.624999999999999556e-01 6.063333256682284400e+01
7.874999999999999778e-01 4.691927520936796725e+01
8.125000000000000000e-01 3.931666606250412599e+01
8.375000000000000222e-01 3.930427666512933627e+01
8.625000000000000444e-01 4.192252412209504087e+01
8.874999999999999556e-01 4.062597467048622946e+01
9.124999999999999778e-01 3.331768097976502929e+01
9.375000000000000000e-01 2.338530061959758655e+01
9.625000000000000222e-01 1.588401281789816899e+01
9.875000000000000444e-01 1.354996766048671297e+01
1.012499999999999956e+00 1.556672721376422786e+01
1.037500000000000089e+00 1.866904706019200333e+01
1.062500000000000000e+00 1.945256916244241552e+01
1.087499999999999911e+00 1.677612166600079036e+01
1.112500000000000044e+00 1.238876939658924314e+01
1.137499999999999956e+00 9.142898551682861807e+00
1.162500000000000089e+00 8.615615335221351145e+00
1.187500000000000000e+00 1.015815270044433483e+01
1.212499999999999911e+00 1.169525171556477616e+01
1.237500000000000044e+00 1.144831913532208034e+01
1.262499999999999956e+00 9.257848616108931949e+00
1.287500000000000089e+00 6.452591779034874797e+00
1.312500000000000000e+00 4.568442425789961625e+00
1.337499999999999911e+00 4.239707644266069053e+00
1.362500000000000044e+00 5.025352189363879063e+00
1.387499999999999956e+00 5.941541335610559749e+00
1.412500000000000089e+00 6.191324156069880402e+00
1.437500000000000000e+00 5.634038501347467864e+00
1.462499999999999911e+00 4.727648455395944360e+00
1.487500000000000044e+00 4.047239012090738441e+00
1.512499999999999956e+00 3.805378000589705323e+00
1.537500000000000089e+00 3.782347524481724843e+00
1.562500000000000000e+00 3.669165509003573078e+00
1.587499999999999911e+00 3.372064466190392018e+00
1.612500000000000044e+00 2.991019562451051161e+00
1.637499999999999956e+00 2.672863927310926258e+00
1.662500000000000089e+00 2.521367304539547938e+00
1.687500000000000000e+00 2.511301112083623277e+00
1.712499999999999911e+00 2.479699583360230886e+00
1.737500000000000044e+00 2.316051451116683424e+00
1.762499999999999956e+00 2.121619366553799679e+00
1.787500000000000089e+00 2.076824812593315972e+00
1.812500000000000000e+00 2.190831745515657403e+00
1.837499999999999911e+00 2.269759983436371087e+00
1.862500000000000044e+00 2.113248477502102318e+00
1.887499999999999956e+00 1.707199627966182742e+00
1.912500000000000089e+00 1.243722668722570646e+00
1.937500000000000000e+00 9.739843453583073574e-01
1.962499999999999911e+00 1.025316500494842353e+00
1.987500000000000044e+00 1.309296062038184161e+00
2.012500000000000178e+00 1.576608872702516262e+00
2.037500000000000089e+00 1.598161416036715243e+00
2.062500000000000000e+00 1.348068117074390226e+00
2.087499999999999911e+00 1.017768421499053222e+00
2.112499999999999822e+00 8.448005351871303859e-01
2.137500000000000178e+00 9.184329344092643232e-01
2.162500000000000089e+00 1.119662305290753279e+00
2.187500000000000000e+00 1.228351501249389743e+00
2.212499999999999911e+00 1.113592113616028501e+00
2.237499999999999822e+00 8.371662813991402885e-01
2.262500000000000178e+00 5.779538483348941602e-01
2.287500000000000089e+00 4.810463357289705422e-01
2.312500000000000000e+00 5.745614839764332515e-01
2.337499999999999911e+00 7.713892876051938741e-01
2.362499999999999822e+00 9.239075666273659504e-01
2.387500000000000178e+00 9.224878068414267274e-01
2.412500000000000089e+00 7.802611087005211221e-01
2.437500000000000000e+00 6.140318558892960965e-01
2.462499999999999911e+00 5.314087552725088592e-01
2.487499999999999822e+00 5.449063700185257098e-01
2.512500000000000178e+00 5.901166502872968733e-01
2.537500000000000089e+00 6.047589736229006530e-01
2.562500000000000000e+00 5.745233889789376214e-01
2.587499999999999911e+00 5.200040660448393970e-01
2.612499999999999822e+00 4.710945757464539141e-01
2.637500000000000178e+00 4.520650393257989452e-01
2.662500000000000089e+00 4.646606024311075722e-01
2.687500000000000000e+00 4.838298724739166223e-01
2.712499999999999911e+00 4.846370463705170772e-01
2.737499999999999822e+00 4.680998377409278932e-01
2.762500000000000178e+00 4.520978375184461773e-01
2.787500000000000089e+00 4.461960779899757368e-01
2.812500000000000000e+00 4.409529984083602194e-01
2.837499999999999911e+00 4.167914633104379263e-01
2.862499999999999822e+00 3.670726735387689899e-01
2.887500000000000178e+00 3.138759851798989531e-01
2.912500000000000089e+00 2.918876080973709652e-01
2.937500000000000000e+00 3.142559880530155225e-01
2.962499999999999911e+00 3.588155899686066852e-01
2.987499999999999822e+00 3.867839301470587521e-01
3.012500000000000178e+00 3.729769495480177444e-01
3.037500000000000089e+00 3.245729431609140625e-01
3.062500000000000000e+00 2.770780311638868509e-01
3.087499999999999911e+00 2.679446851619399772e-01
3.112499999999999822e+00 3.051376461176403820e-01
3.137500000000000178e+00 3.573954142755907393e-01
3.162500000000000089e+00 3.786920653064211884e-01
3.187500000000000000e+00 3.484396295175951064e-01
3.212499999999999911e+00 2.882742449830203446e-01
3.237499999999999822e+00 2.404672164108439258e-01
3.262500000000000178e+00 2.344648257274516701e-01
3.287500000000000089e+00 2.694430480413068096e-01
3.312500000000000000e+00 3.165452797728894319e-01
3.337499999999999911e+00 3.377198225382528340e-01
3.362499999999999822e+00 3.149899582682273436e-01
3.387500000000000178e+00 2.659841787540718760e-01
3.412500000000000089e+00 2.269031569912519086e-01
3.437500000000000000e+00 2.207879217586415921e-01
3.462499999999999911e+00 2.426609178645010856e-01
3.487499999999999822e+00 2.690333964847956838e-01
3.512500000000000178e+00 2.779035050160016396e-01
3.537500000000000089e+00 2.630779239439166028e-01
3.562500000000000000e+00 2.358484619070900790e-01
3.587499999999999911e+00 2.156108071293947326e-01
3.612499999999999822e+00 2.155700034116610209e-01
3.637500000000000178e+00 2.330276855928428703e-01
3.662500000000000089e+00 2.523558041381157580e-01
3.687500000000000000e+00 2.586677032482658234e-01
3.712499999999999911e+00 2.495539933709004510e-01
3.737499999999999822e+00 2.348077367954066186e-01
3.762500000000000178e+00 2.259230947405377887e-01
3.787500000000000089e+00 2.255878153623034066e-01
3.812500000000000000e+00 2.272161552904397308e-01
3.837499999999999911e+00 2.248214497415135793e-01
3.862499999999999822e+00 2.202227379733139867e-01
3.887500000000000178e+00 2.187494428235363109e-01
3.912500000000000089e+00 2.217232719581774536e-01
3.937500000000000000e+00 2.258567292001260607e-01
3.962499999999999911e+00 2.267449998439600434e-01
3.987499999999999822e+00 2.212677758730618172e-01
4.012500000000000178e+00 2.108204720105125163e-01
4.037499999999999645e+00 2.033813745138464690e-01
4.062500000000000000e+00 2.078978951429814315e-01
4.087500000000000355e+00 2.239616523953450455e-01
4.112499999999999822e+00 2.393659613963725064e-01
4.137500000000000178e+00 2.405308354789894576e-01
4.162499999999999645e+00 2.253862777392637573e-01
4.187500000000000000e+00 2.049663051279677906e-01
4.212500000000000355e+00 1.935577220267674092e-01
4.237499999999999822e+00 1.981938482678103075e-01
4.262500000000000178e+00 2.146610374128557486e-01
4.287499999999999645e+00 2.304693999191338438e-01
4.312500000000000000e+00 2.336079614783727054e-01
4.337500000000000355e+00 2.221366765059698545e-01
4.362499999999999822e+00 2.057741322432125874e-01
4.387500000000000178e+00 1.975496585720336040e-01
4.412499999999999645e+00 2.037242970398628894e-01
4.437500000000000000e+00 2.198723231882012963e-01
4.462500000000000355e+00 2.346931779752816083e-01
4.487499999999999822e+00 2.388088651198736201e-01
4.512500000000000178e+00 2.318784217549345050e-01
4.537499999999999645e+00 2.218244873722558519e-01
4.562500000000000000e+00 2.176444216791864061e-01
4.587500000000000355e+00 2.228630048053436563e-01
4.612499999999999822e+00 2.339095572703285553e-01
4.637500000000000178e+00 2.433162425637266368e-01
4.662499999999999645e+00 2.453161892471656669e-01
4.687500000000000000e+00 2.397845625100505917e-01
4.712500000000000355e+00 2.315929183381306711e-01
4.737499999999999822e+00 2.262791794942893842e-01
4.762500000000000178e+00 2.258250414656392535e-01
4.787499999999999645e+00 2.280145204299607320e-01
4.812500000000000000e+00 2.293994639906225541e-01
4.837500000000000355e+00 2.281923706322360745e-01
4.862499999999999822e+00 2.247661540669492752e-01
4.887500000000000178e+00 2.210329251236800574e-01
4.912499999999999645e+00 2.192970076428742421e-01
4.937500000000000000e+00 2.201649854889948243e-01
4.962500000000000355e+00 2.218951500621728634e-01
4.987499999999999822e+00 2.230747632432128758e-01
5.012500000000000178e+00 2.249441608749120913e-01
5.037499999999999645e+00 2.295609558602801636e-01
5.062500000000000000e+00 2.365004416913563112e-01
5.087500000000000355e+00 2.427766039396970776e-01
5.112499999999999822e+00 2.456007250717045509e-01
5.137500000000000178e+00 2.446420247774065415e-01
5.162499999999999645e+00 2.421302200895177337e-01
5.187500000000000000e+00 2.412770828697639591e-01
5.212500000000000355e+00 2.442264404923986110e-01
5.237499999999999822e+00 2.510416271509101627e-01
5.262500000000000178e+00 2.602631698337797839e-01
5.287499999999999645e+00 2.702405701919708969e-01
5.312500000000000000e+00 2.804099518365101851e-01
5.337500000000000355e+00 2.931820065299783340e-01
5.362499999999999822e+00 3.143086718598206986e-01
5.387500000000000178e+00 3.466647031879435126e-01
5.412499999999999645e+00 3.807289053839892912e-01
5.437500000000000000e+00 3.969964191109858209e-01
5.462500000000000355e+00 3.843328695980895438e-01
5.487499999999999822e+00 3.523048230230543809e-01
5.512500000000000178e+00 3.203500315602957338e-01
5.537499999999999645e+00 2.994881249109341836e-01
5.562500000000000000e+00 2.887486137882707138e-01
5.587500000000000355e+00 2.832208395909460719e-01
5.612499999999999822e+00 2.793489834450484377e-01
5.637500000000000178e+00 2.753388151666366079e-01
5.662499999999999645e+00 2.713656603585617999e-01
5.687500000000000000e+00 2.694757802435877592e-01
5.712500000000000355e+00 2.713461078009122840e-01
5.737499999999999822e+00 2.761540870070596787e-01
5.762500000000000178e+00 2.810294081374761221e-01
5.787499999999999645e+00 2.835190895027828173e-01
5.812500000000000000e+00 2.833598614603282106e-01
5.837500000000000355e+00 2.823214012206336498e-01
5.862499999999999822e+00 2.827315310117717861e-01
5.887500000000000178e+00 2.857457277862091027e-01
5.912499999999999645e+00 2.904234668461559976e-01
5.937500000000000000e+00 2.945869315622697271e-01
5.962500000000000355e+00 2.968282119200115199e-01
5.987499999999999822e+00 2.974505093072981055e-01
6.012500000000000178e+00 2.974913853319285373e-01
6.037499999999999645e+00 2.973957206751953186e-01
6.062500000000000000e+00 2.967772790695604734e-01
6.087500000000000355e+00 2.951118748783125856e-01
6.112499999999999822e+00 2.926713427311552485e-01
6.137500000000000178e+00 2.908160424631702767e-01
6.162499999999999645e+00 2.911152609235453381e-01
6.187500000000000000e+00 2.940154183107056007e-01
6.212500000000000355e+00 2.984212223310249712e-01
6.237499999999999822e+00 3.025745167896782828e-01
6.262500000000000178e+00 3.053490684781340336e-01
6.287499999999999645e+00 3.069742306864760018e-01
6.312500000000000000e+00 3.087844485421514795e-01
6.337500000000000355e+00 3.121092415622735983e-01
6.362499999999999822e+00 3.169455186806697800e-01
6.387500000000000178e+00 3.215856884422127471e-01
6.412499999999999645e+00 3.238743635697954315e-01
6.437500000000000000e+00 3.231373467915322761e-01
6.462500000000000355e+00 3.208154185483090282e-01
6.487499999999999822e+00 3.192603973768587400e-01
6.512500000000000178e+00 3.200912499194182859e-01
6.537499999999999645e+00 3.233473767081370687e-01
6.562500000000000000e+00 3.275572187069332175e-01
6.587500000000000355e+00 3.307158431151664968e-01
6.612499999999999822e+00 3.318810553278519482e-01
6.637500000000000178e+00 3.319815532281077952e-01
6.662499999999999645e+00 3.328738500402552147e-01
6.687500000000000000e+00 3.357991792721167212e-01
6.712500000000000355e+00 3.407925296217750311e-01
6.737499999999999822e+00 3.471453823215606693e-01
6.762500000000000178e+00 3.542128978413599527e-01
6.787499999999999645e+00 3.618949074234110719e-01
6.812500000000000000e+00 3.705516302093975201e-01
6.837500000000000355e+00 3.805575114569658135e-01
6.862499999999999822e+00 3.914848800506691151e-01
6.887500000000000178e+00 4.011049309804065599e-01
6.912499999999999645e+00 4.057742014868495617e-01
6.937500000000000000e+00 4.031120297665706786e-01
6.962500000000000355e+00 3.942883620709272119e-01
6.987499999999999822e+00 3.830236413364150883e-01
7.012500000000000178e+00 3.727751236967188353e-01
7.037499999999999645e+00 3.652485549884214588e-01
7.062500000000000000e+00 3.607305712969053335e-01
7.087500000000000355e+00 3.590206438734260264e-01
7.112499999999999822e+00 3.599285201539522694e-01
7.137500000000000178e+00 3.630531417117589532e-01
7.162499999999999645e+00 3.675712659431956131e-01
7.187500000000000000e+00 3.726470291557014147e-01
7.212500000000000355e+00 3.778308592184296266e-01
7.237499999999999822e+00 3.828390163016042180e-01
7.262500000000000178e+00 3.872787069924611414e-01
7.287499999999999645e+00 3.907323488370814113e-01
7.312500000000000000e+00 3.929080168389737504e-01
7.337500000000000355e+00 3.938064557250960940e-01
7.362499999999999822e+00 3.938920387399151846e-01
7.387500000000000178e+00 3.939199152874296450e-01
7.412499999999999645e+00 3.945426160294941420e-01
7.437500000000000000e+00 3.961020171150938518e-01
7.462500000000000355e+00 3.985333745995496280e-01
7.487499999999999822e+00 4.012772387977363575e-01
7.512500000000000178e+00 4.034579119072178033e-01
7.537499999999999645e+00 4.044267249591731450e-01
7.562500000000000000e+00 4.042951068255171143e-01
7.587500000000000355e+00 4.039049696934245981e-01
7.612499999999999822e+00 4.041400880101732596e-01
7.637500000000000178e+00 4.052794109625637575e-01
7.662499999999999645e+00 4.070364320404940561e-01
7.687500000000000000e+00 4.089419035620260323e-01
7.712500000000000355e+00 4.104990208939320873e-01
7.737499999999999822e+00 4.113538497910946834e-01
7.762500000000000178e+00 4.116825889407150219e-01
7.787499999999999645e+00 4.122633931427491794e-01
7.812500000000000000e+00 4.139217324708542867e-01
7.837500000000000355e+00 4.168892943018052133e-01
7.862499999999999822e+00 4.206313558013005660e-01
7.887500000000000178e+00 4.241916889652606049e-01
7.912499999999999645e+00 4.268848752975086258e-01
7.937500000000000000e+00 4.289725703052702510e-01
7.962500000000000355e+00 4.315961823349900861e-01
7.987499999999999822e+00 4.356382549816275596e-01
8.012499999999999289e+00 4.405940025055227194e-01
8.037499999999999645e+00 4.449178231732277555e-01
8.062500000000000000e+00 4.476744215131277516e-01
8.087500000000000355e+00 4.498689363031244115e-01
8.112500000000000711e+00 4.545444641375414596e-01
8.137499999999999289e+00 4.657385764790457072e-01
8.162499999999999645e+00 4.863006345840630851e-01
8.187500000000000000e+00 5.156980094901288947e-01
8.212500000000000355e+00 5.497151615377372513e-01
8.237500000000000711e+00 5.819241261438237167e-01
8.262499999999999289e+00 6.051362970271194630e-01
8.287499999999999645e+00 6.138122359412307993e-01
8.312500000000000000e+00 6.078360597330700887e-01
8.337500000000000355e+00 5.926671503790157391e-01
8.362500000000000711e+00 5.737563612159790605e-01
8.387499999999999289e+00 5.525007099974343916e-01
8.412499999999999645e+00 5.289667846077492630e-01
8.437500000000000000e+00 5.060177006175138326e-01
8.462500000000000355e+00 4.885056265726831493e-01
8.487500000000000711e+00 4.794408266734616619e-01
8.512499999999999289e+00 4.781906367374686440e-01
8.537499999999999645e+00 4.815756530223652687e-01
8.562500000000000000e+00 4.858709169544133122e-01
8.587500000000000355e+00 4.885067282440891390e-01
8.612500000000000711e+00 4.889003905239918124e-01
8.637499999999999289e+00 4.880752674810039382e-01
8.662499999999999645e+00 4.873399049836104613e-01
8.687500000000000000e+00 4.873336756221287036e-01
8.712500000000000355e+00 4.881128759768570413e-01
8.737500000000000711e+00 4.896361111062745297e-01
8.762499999999999289e+00 4.918686603488306996e-01
8.787499999999999645e+00 4.946244928386486217e-01
8.812500000000000000e+00 4.975371236082959392e-01
8.837500000000000355e+00 5.001308187717927733e-01
8.862500000000000711e+00 5.018816893666008250e-01
8.887499999999999289e+00 5.024525126783089268e-01
8.912499999999999645e+00 5.019884756423903527e-01
8.937500000000000000e+00 5.010157639155969900e-01
8.962500000000000355e+00 5.000032988301242876e-01
8.987500000000000711e+00 4.992368167077294028e-01
9.012499999999999289e+00 4.990670349316559395e-01
9.037499999999999645e+00 4.999089087869205139e-01
9.062500000000000000e+00 5.019440517779254485e-01
9.087500000000000355e+00 5.050645637676565158e-01
9.112500000000000711e+00 5.090368136382186215e-01
9.137499999999999289e+00 5.134273014142793912e-01
9.162499999999999645e+00 5.175307380483766817e-01
9.187500000000000000e+00 5.208145723755905898e-01
9.212500000000000355e+00 5.235311712070058743e-01
9.237500000000000711e+00 5.267585858298384771e-01
9.262499999999999289e+00 5.320413756044222175e-01
9.287499999999999645e+00 5.409261277662607004e-01
9.312500000000000000e+00 5.540162535507169306e-01
9.337500000000000355e+00 5.699701242512265065e-01
9.362500000000000711e+00 5.859449130993412691e-01
9.387499999999999289e+00 5.993187952881904312e-01
9.412499999999999645e+00 6.084678236928877659e-01
9.437500000000000000e+00 6.126313139902657134e-01
9.462500000000000355e+00 6.125523405799948584e-01
9.487500000000000711e+00 6.103214954625030275e-01
9.512499999999999289e+00 6.066551235670856190e-01
9.537499999999999645e+00 5.996044130149356111e-01
9.562500000000000000e+00 5.879586990938566737e-01
9.587500000000000355e+00 5.755546107742202100e-01
9.612500000000000711e+00 5.716320372027103858e-01
9.637499999999999289e+00 5.891795133091506376e-01
9.662499999999999645e+00 6.404832156952292577e-01
9.687500000000000000e+00 7.266983455618725163e-01
9.712500000000000355e+00 8.296593737617311559e-01
9.737500000000000711e+00 9.277050106639311844e-01
9.762499999999999289e+00 1.024549326686786666e+00
9.787499999999999645e+00 1.139903744389051843e+00
9.812500000000000000e+00 1.257073645373143478e+00
9.837500000000000355e+00 1.312947821336049259e+00
9.862500000000000711e+00 1.269213925376744934e+00
9.887499999999999289e+00 1.163348150834688566e+00
9.912499999999999645e+00 1.057500192884253121e+00
9.937500000000000000e+00 9.671114036928436519e-01
9.962500000000000355e+00 8.716177034140195623e-01
9.987500000000000711e+00 7.679023975564268634e-01
1.001249999999999929e+01 6.794843454739166733e-01
1.003749999999999964e+01 6.259451910889727300e-01
1.006250000000000000e+01 6.056085785648275266e-01
1.008750000000000036e+01 6.045659196516599554e-01
1.011250000000000071e+01 6.105791222867890111e-01
1.013749999999999929e+01 6.195207650818848055e-01
1.016249999999999964e+01 6.331977127145185236e-01
1.018750000000000000e+01 6.535933508876502485e-01
1.021250000000000036e+01 6.792640372137968008e-01
1.023750000000000071e+01 7.058653861563708443e-01
1.026249999999999929e+01 7.268002643251356698e-01
1.028749999999999964e+01 7.342415102833910190e-01
1.031250000000000000e+01 7.236617089247201484e-01
1.033750000000000036e+01 6.983000755256147940e-01
1.036250000000000071e+01 6.671114304476268853e-01
1.038749999999999929e+01 6.385661629676144813e-01
1.041249999999999964e+01 6.173513717874165030e-01
1.043750000000000000e+01 6.047452206385858231e-01
1.046250000000000036e+01 5.994898597842830412e-01
1.048750000000000071e+01 5.986222285192719372e-01
1.051249999999999929e+01 5.991252979799823741e-01
1.053749999999999964e+01 5.993891215018010143e-01
1.056250000000000000e+01 5.991960242143771209e-01
1.058750000000000036e+01 5.989114776656996320e-01
1.061250000000000071e+01 5.991124899195319209e-01
1.063749999999999929e+01 6.004804323791614884e-01
1.066249999999999964e+01 6.033253923961782172e-01
1.068750000000000000e+01 6.071480373137495556e-01
1.071250000000000036e+01 6.109695127247875002e-01
1.073750000000000071e+01 6.141177199586361768e-01
1.076249999999999929e+01 6.166802456323920989e-01
1.078749999999999964e+01 6.193850178841870946e-01
1.081250000000000000e+01 6.229690401517988807e-01
1.083750000000000036e+01 6.272997462322315032e-01
1.086250000000000071e+01 6.310806124916885640e-01
1.088749999999999929e+01 6.327555735998963149e-01
1.091249999999999964e+01 6.317605110513367928e-01
1.093750000000000000e+01 6.287900085729281052e-01
1.096250000000000036e+01 6.251731513692055930e-01
1.098750000000000071e+01 6.223075688963251029e-01
1.101249999999999929e+01 6.212677970222855173e-01
1.103749999999999964e+01 6.223066252115688757e-01
1.106250000000000000e+01 6.246718456230752059e-01
1.108750000000000036e+01 6.272857972918379765e-01
1.111250000000000071e+01 6.297326283423866355e-01
1.113749999999999929e+01 6.324547441698815664e-01
1.116249999999999964e+01 6.360759455949672736e-01
1.118750000000000000e+01 6.408032523293852867e-01
1.121250000000000036e+01 6.464725033442140223e-01
1.123750000000000071e+01 6.528120295729126221e-01
1.126249999999999929e+01 6.593851549450346905e-01
1.128749999999999964e+01 6.654262352806799008e-01
1.131250000000000000e+01 6.701960132866540132e-01
1.133750000000000036e+01 6.736687601620371391e-01
1.136250000000000071e+01 6.764496711411219776e-01
1.138749999999999929e+01 6.789402794581513856e-01
1.141249999999999964e+01 6.811959889879026786e-01
1.143750000000000000e+01 6.836721544746127144e-01
1.146250000000000036e+01 6.873000585834415643e-01
1.148750000000000071e+01 6.923219459484440952e-01
1.151249999999999929e+01 6.975608735213296718e-01
1.153749999999999964e+01 7.016776652572246364e-01
1.156250000000000000e+01 7.062108457969016317e-01
1.158750000000000036e+01 7.177121682835327920e-01
1.161250000000000071e+01 7.458571990038811439e-01
1.163749999999999929e+01 7.985706809424404362e-01
1.166249999999999964e+01 8.779125553153896977e-01
1.168750000000000000e+01 9.788785151460579481e-01
1.171250000000000036e+01 1.089521734714442136e+00
1.173750000000000071e+01 1.191763289770540801e+00
1.176249999999999929e+01 1.264401874074315701e+00
1.178749999999999964e+01 1.289581613114928471e+00
1.181250000000000000e+01 1.261215415148992269e+00
1.183750000000000036e+01 1.188515935542847179e+00
1.186250000000000071e+01 1.090760180550598868e+00
1.188749999999999929e+01 9.893196472054409663e-01
1.191249999999999964e+01 9.022682520185610899e-01
1.193750000000000000e+01 8.406402575166692648e-01
1.196250000000000036e+01 8.066449214304765025e-01
1.198750000000000071e+01 7.955672677013965188e-01
1.201249999999999929e+01 8.012482336995380150e-01
1.203749999999999964e+01 8.220431244596875242e-01
1.206250000000000000e+01 8.625010372955634885e-01
1.208750000000000036e+01 9.293231967502884050e-01
1.211250000000000071e+01 1.024065293063713966e+00
1.213749999999999929e+01 1.138446289066503025e+00
1.216249999999999964e+01 1.256000331871275133e+00
1.218750000000000000e+01 1.357266742242915658e+00
1.221250000000000036e+01 1.423022550056092239e+00
1.223750000000000071e+01 1.438425883123513715e+00
1.226249999999999929e+01 1.402136925634654308e+00
1.228749999999999964e+01 1.330067336319064264e+00
1.231250000000000000e+01 1.247379663913564807e+00
1.233750000000000036e+01 1.184185781273988436e+00
1.236250000000000071e+01 1.182566259058353220e+00
1.238749999999999929e+01 1.293745992178944926e+00
1.241249999999999964e+01 1.551421237795458374e+00
1.243750000000000000e+01 1.946845833331199982e+00
1.246250000000000036e+01 2.431528137288303082e+00
1.248750000000000071e+01 2.924453228820056871e+00
1.251249999999999929e+01 3.306266525230091347e+00
1.253749999999999964e+01 3.450136651034029445e+00
1.256250000000000000e+01 3.308369633852722203e+00
1.258750000000000036e+01 2.950948096919160157e+00
1.261250000000000071e+01 2.492593286588407508e+00
1.263749999999999929e+01 2.016632274273983061e+00
1.266249999999999964e+01 1.582710152837382145e+00
1.268750000000000000e+01 1.248909583085837438e+00
1.271250000000000036e+01 1.047857420544617391e+00
1.273750000000000071e+01 9.627573225273492463e-01
1.276249999999999929e+01 9.438856334093211897e-01
1.278749999999999964e+01 9.423168014645512125e-01
1.281250000000000000e+01 9.301932356997383300e-01
1.283750000000000036e+01 9.027033458394393417e-01
1.286250000000000071e+01 8.685244117358112970e-01
1.288749999999999929e+01 8.376658865870283410e-01
1.291249999999999964e+01 8.149042908007453345e-01
1.293750000000000000e+01 7.997346385756566312e-01
1.296250000000000036e+01 7.897300649130182260e-01
1.298750000000000071e+01 7.830547672766439149e-01
1.301249999999999929e+01 7.789151253459087876e-01
1.303749999999999964e+01 7.775830830558470019e-01
1.306250000000000000e+01 7.807421795826601230e-01
1.308750000000000036e+01 7.907086933129756634e-01
1.311250000000000071e+01 8.077946716770152413e-01
1.313749999999999929e+01 8.277475761282203637e-01
1.316249999999999964e+01 8.439521247856232034e-01
1.318750000000000000e+01 8.569520801704498814e-01
1.321250000000000036e+01 8.845804449781520251e-01
1.323750000000000071e+01 9.621995515958420286e-01
1.326249999999999929e+01 1.129840733342442283e+00
1.328749999999999964e+01 1.411299007523607596e+00
1.331250000000000000e+01 1.799469245308703336e+00
1.333750000000000036e+01 2.257566400903992410e+00
1.336250000000000071e+01 2.720266119328964116e+00
1.338749999999999929e+01 3.084706665150639182e+00
1.341249999999999964e+01 3.233286808281979674e+00
1.343750000000000000e+01 3.109797131011768467e+00
1.346250000000000036e+01 2.767668864649131422e+00
1.348750000000000071e+01 2.322726838206198963e+00
1.351249999999999929e+01 1.876933476250465249e+00
1.353749999999999964e+01 1.496411923998014037e+00
1.356250000000000000e+01 1.222159952503251379e+00
1.358750000000000036e+01 1.068928340903141816e+00
1.361250000000000071e+01 1.021447028711525151e+00
1.363749999999999929e+01 1.050612449337096521e+00
1.366249999999999964e+01 1.137176548467756287e+00
1.368750000000000000e+01 1.276532630508236288e+00
1.371250000000000036e+01 1.458417006558796025e+00
1.373750000000000071e+01 1.644160179585009152e+00
1.376249999999999929e+01 1.772668040484536078e+00
1.378749999999999964e+01 1.797916862290187989e+00
1.381250000000000000e+01 1.723161859899287274e+00
1.383750000000000036e+01 1.591152279123769997e+00
1.386250000000000071e+01 1.441158461748306863e+00
1.388749999999999929e+01 1.288986023811170112e+00
1.391249999999999964e+01 1.144127231906223896e+00
1.393750000000000000e+01 1.021871029330308600e+00
1.396250000000000036e+01 9.331499291811605756e-01
1.398750000000000071e+01 8.766125275450853405e-01
1.401249999999999929e+01 8.434969879722334918e-01
1.403749999999999964e+01 8.249855727125707805e-01
1.406250000000000000e+01 8.146330338977998409e-01
1.408750000000000036e+01 8.088572241864400159e-01
1.411250000000000071e+01 8.062987055198164166e-01
1.413749999999999929e+01 8.066224471294651810e-01
1.416249999999999964e+01 8.097758633983345167e-01
1.418750000000000000e+01 8.150531907534422915e-01
1.421250000000000036e+01 8.204870474418719528e-01
1.423750000000000071e+01 8.234659391630895220e-01
1.426249999999999929e+01 8.227472719367892040e-01
1.428749999999999964e+01 8.196771935192879166e-01
1.431250000000000000e+01 8.170541116949967542e-01
1.433750000000000036e+01 8.170693947254962231e-01
1.436250000000000071e+01 8.206304728330222620e-01
1.438749999999999929e+01 8.280455314715016168e-01
1.441249999999999964e+01 8.395320512856409012e-01
1.443750000000000000e+01 8.554143947741026377e-01
1.446250000000000036e+01 8.779144979794892834e-01
1.448750000000000071e+01 9.138359678900047633e-01
1.451249999999999929e+01 9.753857690791372104e-01
1.453749999999999964e+01 1.077345066003582819e+00
1.456250000000000000e+01 1.230436541836303466e+00
1.458750000000000036e+01 1.432202229447171460e+00
1.461250000000000071e+01 1.660536135540027436e+00
1.463749999999999929e+01 1.875839955607518483e+00
1.466249999999999964e+01 2.031762677635485126e+00
1.468750000000000000e+01 2.090051861737071803e+00
1.471250000000000036e+01 2.035515727570297972e+00
1.473750000000000071e+01 1.882798012764526963e+00
1.476249999999999929e+01 1.669230971176157929e+00
1.478749999999999964e+01 1.440171619549883708e+00
1.481250000000000000e+01 1.235035472214540908e+00
1.483750000000000036e+01 1.077021014606241334e+00
1.486250000000000071e+01 9.703277061048231067e-01
1.488749999999999929e+01 9.057355893119065637e-01
1.491249999999999964e+01 8.695001712469307975e-01
1.493750000000000000e+01 8.497383320618958624e-01
1.496250000000000036e+01 8.386153708004591145e-01
1.498750000000000071e+01 8.317002825015579193e-01
1.501249999999999929e+01 8.272408637391537312e-01
1.503749999999999964e+01 8.265115847674961991e-01
1.506250000000000000e+01 8.342310575281908225e-01
1.508750000000000036e+01 8.563467333508558710e-01
1.511250000000000071e+01 8.950991066050455469e-01
1.513749999999999929e+01 9.452926292578593959e-01
1.516249999999999964e+01 9.998060646462536560e-01
1.518750000000000000e+01 1.060570631036422684e+00
1.521250000000000036e+01 1.136402791739705709e+00
1.523750000000000071e+01 1.224968578540198028e+00
1.526249999999999929e+01 1.309670541649214259e+00
1.528749999999999964e+01 1.386146402734842908e+00
1.531250000000000000e+01 1.478296382449023838e+00
1.533750000000000036e+01 1.612037369073104021e+00
1.536250000000000071e+01 1.779768392283936240e+00
1.538749999999999929e+01 1.940152588224241192e+00
1.541249999999999964e+01 2.043449161253205304e+00
1.543750000000000000e+01 2.052481371061885440e+00
1.546250000000000036e+01 1.955371588734656108e+00
1.548750000000000071e+01 1.772641008349556069e+00
1.551249999999999929e+01 1.551493666480177502e+00
1.553749999999999964e+01 1.345500931769815667e+00
1.556250000000000000e+01 1.192948511265770950e+00
1.558750000000000036e+01 1.107518944125377214e+00
1.561250000000000071e+01 1.084062725281884854e+00
1.563749999999999929e+01 1.108800854547669523e+00
1.566249999999999964e+01 1.165975567963951853e+00
1.568750000000000000e+01 1.238598703496323949e+00
1.571250000000000036e+01 1.306610505839892689e+00
1.573750000000000071e+01 1.348579200286470048e+00
1.576249999999999929e+01 1.348429244494225188e+00
1.578749999999999964e+01 1.302596526430211288e+00
1.581250000000000000e+01 1.221229829806691036e+00
1.583750000000000036e+01 1.122946151564880202e+00
1.586250000000000071e+01 1.027132488688655920e+00
1.588749999999999929e+01 9.475149261319582017e-01
1.591249999999999964e+01 8.891814575657677189e-01
1.593750000000000000e+01 8.498511501105663335e-01
1.596250000000000036e+01 8.239986743360350196e-01
1.598750000000000071e+01 8.063886310897854237e-01
1.601249999999999929e+01 7.936521988865714583e-01
1.603750000000000142e+01 7.840705796515097248e-01
1.606250000000000000e+01 7.771804738177274796e-01
1.608749999999999858e+01 7.730551259756103244e-01
1.611250000000000071e+01 7.718010735766385189e-01
1.613749999999999929e+01 7.731550959274565704e-01
1.616250000000000142e+01 7.765732367161657379e-01
1.618750000000000000e+01 7.815141149372905049e-01
1.621249999999999858e+01 7.875618881706071273e-01
1.623750000000000071e+01 7.941476651384651309e-01
1.626249999999999929e+01 8.003335228873924567e-01
1.628750000000000142e+01 8.050855029124073248e-01
1.631250000000000000e+01 8.077087157266533701e-01
1.633749999999999858e+01 8.081630318618711062e-01
1.636250000000000071e+01 8.076810602370947390e-01
1.638749999999999929e+01 8.095775494528794081e-01
1.641250000000000142e+01 8.192780682526573655e-01
1.643750000000000000e+01 8.425436967263397747e-01
1.646249999999999858e+01 8.818210549205393045e-01
1.648750000000000071e+01 9.336037519737989676e-01
1.651249999999999929e+01 9.896178113943823185e-01
1.653750000000000142e+01 1.039698890940588649e+00
1.656250000000000000e+01 1.072883219733136162e+00
1.658749999999999858e+01 1.080358510396348670e+00
1.661250000000000071e+01 1.062318995607595129e+00
1.663749999999999929e+01 1.028898496920202188e+00
1.666250000000000142e+01 9.905243861546118023e-01
1.668750000000000000e+01 9.512815877954674537e-01
1.671249999999999858e+01 9.144079458252372117e-01
1.673750000000000071e+01 8.889267111945700073e-01
1.676249999999999929e+01 8.858142480428636834e-01
1.678750000000000142e+01 9.092337935634822177e-01
1.681250000000000000e+01 9.538105804094453299e-01
1.683749999999999858e+01 1.008515628988141621e+00
1.686250000000000071e+01 1.060390281069416352e+00
1.688749999999999929e+01 1.096008355834496628e+00
1.691250000000000142e+01 1.104356972835585093e+00
1.693750000000000000e+01 1.082344943118234148e+00
1.696249999999999858e+01 1.036976402451181389e+00
1.698750000000000071e+01 9.804922082351601453e-01
1.701249999999999929e+01 9.236624349084849861e-01
1.703750000000000142e+01 8.734497188122156697e-01
1.706250000000000000e+01 8.340201946766598873e-01
1.708749999999999858e+01 8.072357176498471398e-01
1.711250000000000071e+01 7.921461487274695790e-01
1.713749999999999929e+01 7.853052431337345096e-01
1.716250000000000142e+01 7.823853538537459684e-01
1.718750000000000000e+01 7.801676643046933091e-01
1.721249999999999858e+01 7.775971125320858546e-01
1.723750000000000071e+01 7.754195496074882676e-01
1.726249999999999929e+01 7.749271372048217588e-01
1.728750000000000142e+01 7.769019977064821614e-01
1.731250000000000000e+01 7.812758085269909669e-01
1.733749999999999858e+01 7.873624445027205265e-01
1.736250000000000071e+01 7.943163599971578837e-01
1.738749999999999929e+01 8.015540490308648014e-01
1.741250000000000142e+01 8.086859175954479451e-01
1.743750000000000000e+01 8.147336184822377980e-01
1.746249999999999858e+01 8.175754124112768473e-01
1.748750000000000071e+01 8.149318272611674185e-01
1.751249999999999929e+01 8.063157077402307582e-01
1.753750000000000142e+01 7.937964123479454015e-01
1.756250000000000000e+01 7.808827335087988875e-01
1.758749999999999858e+01 7.709508115317265098e-01
1.761250000000000071e+01 7.663637651576826748e-01
1.763749999999999929e+01 7.680829261448803846e-01
1.766250000000000142e+01 7.756948734929819400e-01
1.768750000000000000e+01 7.880093588520351577e-01
1.771249999999999858e+01 8.032597223805347797e-01
1.773750000000000071e+01 8.184236369520266896e-01
1.776249999999999929e+01 8.298421473634313150e-01
1.778750000000000142e+01 8.358600577019519307e-01
1.781250000000000000e+01 8.379008688507487701e-01
1.783749999999999858e+01 8.379504465734721741e-01
1.786250000000000071e+01 8.364564216410887987e-01
1.788749999999999929e+01 8.338714265071360821e-01
1.791250000000000142e+01 8.325231602274463238e-01
1.793750000000000000e+01 8.352655549508364308e-01
1.796249999999999858e+01 8.430412555183415257e-01
1.798750000000000071e+01 8.561771505651271097e-01
1.801249999999999929e+01 8.789225299398448765e-01
1.803750000000000142e+01 9.215275564378423434e-01
1.806250000000000000e+01 9.976520528209720240e-01
1.808749999999999858e+01 1.118804281664961708e+00
1.811250000000000071e+01 1.288314812467339809e+00
1.813749999999999929e+01 1.496207904773586783e+00
1.816250000000000142e+01 1.715381683206052443e+00
1.818750000000000000e+01 1.896850020557756533e+00
1.821249999999999858e+01 1.975428046490975031e+00
1.823750000000000071e+01 1.905082668185233974e+00
1.826249999999999929e+01 1.702688725978026785e+00
1.828750000000000142e+01 1.444989863586851886e+00
1.831250000000000000e+01 1.214092885649693532e+00
1.833749999999999858e+01 1.050757114240184142e+00
1.836250000000000071e+01 9.533180294079142136e-01
1.838749999999999929e+01 9.014981854934340788e-01
1.841250000000000142e+01 8.745561472939646919e-01
1.843750000000000000e+01 8.586784744761082333e-01
1.846249999999999858e+01 8.479607493110836725e-01
1.848750000000000071e+01 8.402574345218034590e-01
1.851249999999999929e+01 8.329003422409237967e-01
1.853750000000000142e+01 8.227829879681087810e-01
1.856250000000000000e+01 8.091284354646923749e-01
1.858749999999999858e+01 7.939608504001751665e-01
1.861250000000000071e+01 7.801878062047987727e-01
1.863749999999999929e+01 7.697149036768444752e-01
1.866250000000000142e+01 7.628249963471449568e-01
1.868750000000000000e+01 7.586025659849648939e-01
1.871249999999999858e+01 7.559446436603900477e-01
1.873750000000000071e+01 7.542123879799909059e-01
1.876249999999999929e+01 7.531188647721122065e-01
1.878750000000000142e+01 7.524043431718334674e-01
1.881250000000000000e+01 7.517987817994483679e-01
1.883749999999999858e+01 7.510618189700186687e-01
1.886250000000000071e+01 7.499848539099953637e-01
1.888749999999999929e+01 7.485410545433295315e-01
1.891250000000000142e+01 7.470205577746373837e-01
1.893750000000000000e+01 7.457947022536763892e-01
1.896249999999999858e+01 7.448526912839247283e-01
1.898750000000000071e+01 7.437536577973333785e-01
1.901249999999999929e+01 7.421041560132763948e-01
1.903750000000000142e+01 7.399090344805352437e-01
1.906250000000000000e+01 7.373905264296130024e-01
1.908749999999999858e+01 7.347587644946957930e-01
1.911250000000000071e+01 7.323355792221668548e-01
1.913749999999999929e+01 7.306260780780874375e-01
1.916250000000000142e+01 7.300034922826545980e-01
1.918750000000000000e+01 7.304330574218129701e-01
1.921249999999999858e+01 7.315997434744337946e-01
1.923750000000000071e+01 7.331357653094561222e-01
1.926249999999999929e+01 7.347237454584498728e-01
1.928750000000000142e+01 7.363052237376507270e-01
1.931250000000000000e+01 7.383208901979548822e-01
1.933749999999999858e+01 7.414207572150868231e-01
1.936250000000000071e+01 7.458335989302644631e-01
1.938749999999999929e+01 7.512541941796362366e-01
1.941250000000000142e+01 7.574111103001726075e-01
1.943750000000000000e+01 7.645122649413578220e-01
1.946249999999999858e+01 7.731565889675129366e-01
1.948750000000000071e+01 7.842329287296776474e-01
1.951249999999999929e+01 7.990010492077332938e-01
1.953750000000000142e+01 8.195636142595572604e-01
1.956250000000000000e+01 8.498481691211741129e-01
1.958749999999999858e+01 8.967294207639400216e-01
1.961250000000000071e+01 9.684112871486522112e-01
1.963749999999999929e+01 1.068406032527467353e+00
1.966250000000000142e+01 1.188037942995826546e+00
1.968750000000000000e+01 1.304114364312997321e+00
1.971249999999999858e+01 1.386715326046919383e+00
1.973750000000000071e+01 1.414445105286388005e+00
1.976249999999999929e+01 1.384901496036103907e+00
1.978750000000000142e+01 1.310556816101851485e+00
1.981250000000000000e+01 1.207875396631632459e+00
1.983749999999999858e+01 1.093701898071942402e+00
1.986250000000000071e+01 9.864695122625084522e-01
1.988749999999999929e+01 9.017823772758863932e-01
1.991250000000000142e+01 8.453298213226874136e-01
1.993750000000000000e+01 8.127375937295087116e-01
1.996249999999999858e+01 7.957817909138058532e-01
1.998750000000000071e+01 7.878493642122332830e-01
2.001249999999999929e+01 7.849095653896560609e-01
2.003750000000000142e+01 7.843227649925490486e-01
2.006250000000000000e+01 7.842534877886151445e-01
2.008749999999999858e+01 7.840610515382179235e-01
2.011250000000000071e+01 7.840052880430958826e-01
2.013749999999999929e+01 7.841610049512534042e-01
2.016250000000000142e+01 7.841269989975043764e-01
2.018750000000000000e+01 7.837791477677391594e-01
2.021249999999999858e+01 7.833638768508121020e-01
2.023750000000000071e+01 7.824993759769426349e-01
2.026249999999999929e+01 7.797623761350884752e-01
2.028750000000000142e+01 7.737116705843143372e-01
2.031250000000000000e+01 7.641147612664089817e-01
2.033749999999999858e+01 7.520474991115320140e-01
2.036250000000000071e+01 7.391155874255929126e-01
2.038749999999999929e+01 7.268661426345719434e-01
2.041250000000000142e+01 7.167054979383939983e-01
2.043750000000000000e+01 7.097899671075781347e-01
2.046249999999999858e+01 7.065567383125160861e-01
2.048750000000000071e+01 7.063847057883846370e-01
2.051249999999999929e+01 7.079116472584803255e-01
2.053750000000000142e+01 7.098361972164033418e-01
2.056250000000000000e+01 7.115137366441383060e-01
2.058749999999999858e+01 7.128671462886796428e-01
2.061250000000000071e+01 7.138415977564246395e-01
2.063749999999999929e+01 7.140755683203183768e-01
2.066250000000000142e+01 7.131974338055968587e-01
2.068750000000000000e+01 7.114308509633516797e-01
2.071249999999999858e+01 7.098149881162842956e-01
2.073750000000000071e+01 7.097011263392412062e-01
2.076249999999999929e+01 7.118845311728281278e-01
2.078750000000000142e+01 7.161283701717278127e-01
2.081250000000000000e+01 7.215115153055347008e-01
2.083749999999999858e+01 7.274669201401563479e-01
2.086250000000000071e+01 7.347257995227053362e-01
2.088749999999999929e+01 7.452801600960912154e-01
2.091250000000000142e+01 7.614585603533938762e-01
2.093750000000000000e+01 7.846231472079610025e-01
2.096249999999999858e+01 8.140557513791935040e-01
2.098750000000000071e+01 8.465607273029042146e-01
2.101249999999999929e+01 8.771788825846977833e-01
2.103750000000000142e+01 9.003606288532071122e-01
2.106250000000000000e+01 9.112965288876915260e-01
2.108749999999999858e+01 9.081076383454129708e-01
2.111250000000000071e+01 8.936952293987538987e-01
2.113749999999999929e+01 8.752322840846240570e-01
2.116250000000000142e+01 8.620618545445674075e-01
2.118750000000000000e+01 8.628892559663583484e-01
2.121249999999999858e+01 8.819853716570524860e-01
2.123750000000000071e+01 9.163735174014295826e-01
2.126249999999999929e+01 9.568819849867555849e-01
2.128750000000000142e+01 9.930260246407938141e-01
2.131250000000000000e+01 1.019178997362425232e+00
2.133749999999999858e+01 1.038927708517652260e+00
2.136250000000000071e+01 1.064172577896812300e+00
2.138749999999999929e+01 1.107366670080121462e+00
2.141250000000000142e+01 1.172315676390520256e+00
2.143750000000000000e+01 1.250911535003882413e+00
2.146249999999999858e+01 1.326314608648547333e+00
2.148750000000000071e+01 1.377468663368822455e+00
2.151249999999999929e+01 1.384514034169199492e+00
2.153750000000000142e+01 1.339555884267825903e+00
2.156250000000000000e+01 1.255824305795753215e+00
2.158749999999999858e+01 1.163069768771603840e+00
2.161250000000000071e+01 1.092372593446082618e+00
2.163749999999999929e+01 1.064465835515477021e+00
2.166250000000000142e+01 1.083906941382167366e+00
2.168750000000000000e+01 1.136241683811136882e+00
2.171249999999999858e+01 1.191494723574495040e+00
2.173750000000000071e+01 1.217560102151762358e+00
2.176249999999999929e+01 1.197221574229699659e+00
2.178750000000000142e+01 1.136936078482103873e+00
2.181250000000000000e+01 1.062111324005643898e+00
2.183749999999999858e+01 1.003593463279019771e+00
2.186250000000000071e+01 9.843722069477853776e-01
2.188749999999999929e+01 1.012367535133658514e+00
2.191250000000000142e+01 1.080655864749705986e+00
2.193750000000000000e+01 1.172368651173137266e+00
2.196249999999999858e+01 1.265891466435979051e+00
2.198750000000000071e+01 1.338738468915292135e+00
2.201249999999999929e+01 1.371682515647214107e+00
2.203750000000000142e+01 1.355928193053432151e+00
2.206250000000000000e+01 1.297931495536526869e+00
2.208749999999999858e+01 1.215953620156775106e+00
2.211250000000000071e+01 1.131790506672080587e+00
2.213749999999999929e+01 1.064164479669796215e+00
2.216250000000000142e+01 1.023628193339547909e+00
2.218750000000000000e+01 1.009547619823159881e+00
2.221249999999999858e+01 1.011941955606333376e+00
2.223750000000000071e+01 1.016437634695771974e+00
2.226249999999999929e+01 1.009151627539800700e+00
2.228750000000000142e+01 9.823024676249508813e-01
2.231250000000000000e+01 9.386104789901511536e-01
2.233749999999999858e+01 8.880460521512623107e-01
2.236250000000000071e+01 8.398713650586553392e-01
2.238749999999999929e+01 7.992037051712965745e-01
2.241250000000000142e+01 7.681867938842874555e-01
2.243750000000000000e+01 7.467270214327637046e-01
2.246249999999999858e+01 7.326867728831349957e-01
2.248750000000000071e+01 7.231468805580003600e-01
2.251249999999999929e+01 7.158480616120167506e-01
2.253750000000000142e+01 7.097287412259376538e-01
2.256250000000000000e+01 7.046784046007528168e-01
2.258749999999999858e+01 7.008085954428104891e-01
2.261250000000000071e+01 6.980155621749455364e-01
2.263749999999999929e+01 6.962844599563001724e-01
2.266250000000000142e+01 6.959379790695913170e-01
2.268750000000000000e+01 6.972198361835839631e-01
2.271249999999999858e+01 6.997464574394297587e-01
2.273750000000000071e+01 7.025912776360168088e-01
2.276249999999999929e+01 7.049712823730730493e-01
2.278750000000000142e+01 7.070369292599212319e-01
2.281250000000000000e+01 7.100912474650535877e-01
2.283749999999999858e+01 7.162636527891019789e-01
2.286250000000000071e+01 7.279405338292295191e-01
2.288749999999999929e+01 7.471180085799696835e-01
2.291250000000000142e+01 7.747874907739715766e-01
2.293750000000000000e+01 8.108875585565674671e-01
2.296249999999999858e+01 8.540673697570250189e-01
2.298750000000000071e+01 8.998023700618469345e-01
2.301249999999999929e+01 9.386303269759947998e-01
2.303750000000000142e+01 9.585827681106642295e-01
2.306250000000000000e+01 9.516657609306994337e-01
2.308749999999999858e+01 9.192121327048712320e-01
2.311250000000000071e+01 8.716972579734334481e-01
2.313749999999999929e+01 8.230427784321032725e-01
2.316250000000000142e+01 7.836425745310635627e-01
2.318750000000000000e+01 7.572087524731461183e-01
2.321249999999999858e+01 7.423107643955642043e-01
2.323750000000000071e+01 7.351950656794412620e-01
2.326249999999999929e+01 7.315351999284940288e-01
2.328750000000000142e+01 7.281094898014418559e-01
2.331250000000000000e+01 7.244179112177335789e-01
2.333749999999999858e+01 7.223751497687302958e-01
2.336250000000000071e+01 7.237205135862776473e-01
2.338749999999999929e+01 7.278161742859720063e-01
2.341250000000000142e+01 7.320608646776505246e-01
2.343750000000000000e+01 7.340953940873994332e-01
2.346249999999999858e+01 7.331411141976299506e-01
2.348750000000000071e+01 7.297542201378752758e-01
2.351249999999999929e+01 7.253060749146411634e-01
2.353750000000000142e+01 7.213951422049473816e-01
2.356250000000000000e+01 7.186392179506189137e-01
2.358749999999999858e+01 7.161816145017422253e-01
2.361250000000000071e+01 7.129760722944050721e-01
2.363749999999999929e+01 7.090450114715437513e-01
2.366250000000000142e+01 7.050782288239052509e-01
2.368750000000000000e+01 7.014111367150372978e-01
2.371249999999999858e+01 6.977048653927909738e-01
2.373750000000000071e+01 6.935021425569538600e-01
2.376249999999999929e+01 6.894894800440345417e-01
2.378750000000000142e+01 6.881586271399270371e-01
2.381250000000000000e+01 6.923451073649797838e-01
2.383749999999999858e+01 7.025750262752781250e-01
2.386250000000000071e+01 7.161964938459253194e-01
2.388749999999999929e+01 7.294850066301731273e-01
2.391250000000000142e+01 7.409302670818398440e-01
2.393750000000000000e+01 7.527344515720530982e-01
2.396249999999999858e+01 7.687649806902404626e-01
2.398750000000000071e+01 7.909208775440392802e-01
2.401249999999999929e+01 8.173830458656404785e-01
2.403750000000000142e+01 8.434114980672593465e-01
2.406250000000000000e+01 8.624818179329004630e-01
2.408749999999999858e+01 8.685206392401965125e-01
2.411250000000000071e+01 8.606921633199067223e-01
2.413749999999999929e+01 8.471971862995419933e-01
2.416250000000000142e+01 8.421263939887909666e-01
2.418750000000000000e+01 8.552365104744075186e-01
2.421249999999999858e+01 8.823789409559186225e-01
2.423750000000000071e+01 9.070940817786469212e-01
2.426249999999999929e+01 9.145162672847763075e-01
2.428750000000000142e+01 9.037863263119643165e-01
2.431250000000000000e+01 8.861617600310216503e-01
2.433749999999999858e+01 8.725941638678009760e-01
2.436250000000000071e+01 8.641557524161824766e-01
2.438749999999999929e+01 8.533917242279229765e-01
2.441250000000000142e+01 8.332641104721727476e-01
2.443750000000000000e+01 8.044859104065916755e-01
2.446249999999999858e+01 7.764592915824655162e-01
2.448750000000000071e+01 7.624527147145566675e-01
2.451249999999999929e+01 7.710128372545834718e-01
2.453750000000000142e+01 7.984174307720903752e-01
2.456250000000000000e+01 8.296347890669744096e-01
2.458749999999999858e+01 8.493212933827805067e-01
2.461250000000000071e+01 8.547065735350020121e-01
2.463749999999999929e+01 8.586659178786691937e-01
2.466250000000000142e+01 8.780628644099144342e-01
2.468750000000000000e+01 9.170233872355555427e-01
2.471249999999999858e+01 9.662091783503659048e-01
2.473750000000000071e+01 1.022134818029339254e+00
2.476249999999999929e+01 1.096895749274360954e+00
2.478750000000000142e+01 1.202301517027405620e+00
2.481250000000000000e+01 1.334546771942931809e+00
2.483749999999999858e+01 1.478447428923732598e+00
2.486250000000000071e+01 1.620666835856388488e+00
2.488749999999999929e+01 1.785287929569301824e+00
2.491250000000000142e+01 2.106022914513528299e+00
2.493750000000000000e+01 2.850178268371148516e+00
2.496249999999999858e+01 4.230887656513850459e+00
2.498750000000000071e+01 6.037754045695852056e+00
2.501249999999999929e+01 7.492811795773807404e+00
2.503750000000000142e+01 7.728720770669234241e+00
2.506250000000000000e+01 6.558722632802667540e+00
2.508749999999999858e+01 4.658697424156692080e+00
2.511250000000000071e+01 2.936743918644750373e+00
2.513749999999999929e+01 1.860579357467956330e+00
2.516250000000000142e+01 1.377588281358775202e+00
2.518750000000000000e+01 1.230411485552338702e+00
2.521249999999999858e+01 1.208277248561210548e+00
2.523750000000000071e+01 1.203557717209538191e+00
2.526249999999999929e+01 1.181069609365683615e+00
2.528750000000000142e+01 1.146007791417051891e+00
2.531250000000000000e+01 1.123074002779230529e+00
2.533749999999999858e+01 1.140494191972011961e+00
2.536250000000000071e+01 1.210473149539976978e+00
2.538749999999999929e+01 1.313506850126559433e+00
2.541250000000000142e+01 1.402301616934402251e+00
2.543750000000000000e+01 1.431721693736605072e+00
2.546249999999999858e+01 1.388588676212932693e+00
2.548750000000000071e+01 1.290956073633984014e+00
2.551249999999999929e+01 1.166310295734314106e+00
2.553750000000000142e+01 1.038494462336957858e+00
2.556250000000000000e+01 9.266241688156849898e-01
2.558749999999999858e+01 8.430134504049017208e-01
2.561250000000000071e+01 7.896520974504726009e-01
2.563749999999999929e+01 7.595699245687630441e-01
2.566250000000000142e+01 7.425951847711125264e-01
2.568750000000000000e+01 7.313084421497092480e-01
2.571249999999999858e+01 7.232368094605082787e-01
2.573750000000000071e+01 7.189770398302787191e-01
2.576249999999999929e+01 7.189263834930292862e-01
2.578750000000000142e+01 7.220337496590916171e-01
2.581250000000000000e+01 7.267466670770577064e-01
2.583749999999999858e+01 7.322415046027112018e-01
2.586250000000000071e+01 7.385614358473194807e-01
2.588749999999999929e+01 7.459014229541534036e-01
2.591250000000000142e+01 7.543577877662603903e-01
2.593750000000000000e+01 7.648076713909706115e-01
2.596249999999999858e+01 7.801642944018003512e-01
2.598750000000000071e+01 8.057115994130603642e-01
2.601249999999999929e+01 8.480702772699921788e-01
2.603750000000000142e+01 9.127986258065177161e-01
2.606250000000000000e+01 9.992436889785670795e-01
2.608749999999999858e+01 1.093748720323202583e+00
2.611250000000000071e+01 1.170026654190162052e+00
2.613749999999999929e+01 1.203140202178319740e+00
2.616250000000000142e+01 1.185847974250883397e+00
2.618750000000000000e+01 1.129765044760864479e+00
2.621249999999999858e+01 1.053067314483543404e+00
2.623750000000000071e+01 9.715756110255198141e-01
2.626249999999999929e+01 8.984505208364834683e-01
2.628750000000000142e+01 8.437334409530634627e-01
2.631250000000000000e+01 8.107105194596618825e-01
2.633749999999999858e+01 7.953687290793762799e-01
2.636250000000000071e+01 7.914490398449235409e-01
2.638749999999999929e+01 7.965132422552891889e-01
2.641250000000000142e+01 8.143926863564223684e-01
2.643750000000000000e+01 8.532353783889811139e-01
2.646249999999999858e+01 9.200006659581958512e-01
2.648750000000000071e+01 1.012509043123544394e+00
2.651249999999999929e+01 1.113186229557325380e+00
2.653750000000000142e+01 1.192473582572781687e+00
2.656250000000000000e+01 1.224355138271840504e+00
2.658749999999999858e+01 1.202156163025572377e+00
2.661250000000000071e+01 1.139633110893494949e+00
2.663749999999999929e+01 1.058885990308130909e+00
2.666250000000000142e+01 9.790448221068690504e-01
2.668750000000000000e+01 9.122695940128283665e-01
2.671249999999999858e+01 8.634683206641481368e-01
2.673750000000000071e+01 8.311709626436392107e-01
2.676249999999999929e+01 8.107111195560936512e-01
2.678750000000000142e+01 7.987838753710558848e-01
2.681250000000000000e+01 7.956949920044550373e-01
2.683749999999999858e+01 8.030126721894017550e-01
2.686250000000000071e+01 8.187268746449205548e-01
2.688749999999999929e+01 8.346998377991334817e-01
2.691250000000000142e+01 8.399680047085957835e-01
2.693750000000000000e+01 8.286917373212966398e-01
2.696249999999999858e+01 8.054084565539372242e-01
2.698750000000000071e+01 7.809733785597755551e-01
2.701249999999999929e+01 7.632065587939089735e-01
2.703750000000000142e+01 7.526498163860910751e-01
2.706250000000000000e+01 7.460022139367128435e-01
2.708749999999999858e+01 7.408415006743345188e-01
2.711250000000000071e+01 7.368927108733214215e-01
2.713749999999999929e+01 7.348070816227958435e-01
2.716250000000000142e+01 7.349791550975164345e-01
2.718750000000000000e+01 7.372220921199220678e-01
2.721249999999999858e+01 7.411001911882513227e-01
2.723750000000000071e+01 7.463083382166064705e-01
2.726249999999999929e+01 7.529008392409087813e-01
2.728750000000000142e+01 7.616046563317164786e-01
2.731250000000000000e+01 7.740785813137704974e-01
2.733749999999999858e+01 7.922532289234436309e-01
2.736250000000000071e+01 8.166741960333236960e-01
2.738749999999999929e+01 8.451039151455654874e-01
2.741250000000000142e+01 8.725996159422293452e-01
2.743750000000000000e+01 8.928696776609921226e-01
2.746249999999999858e+01 9.001883992812114155e-01
2.748750000000000071e+01 8.917007919936852378e-01
2.751249999999999929e+01 8.693972427320924012e-01
2.753750000000000142e+01 8.401919471176937382e-01
2.756250000000000000e+01 8.133512565423395291e-01
2.758749999999999858e+01 7.964707372117707518e-01
2.761250000000000071e+01 7.922789909286216403e-01
2.763749999999999929e+01 7.980450122511792976e-01
2.766250000000000142e+01 8.079747311152180034e-01
2.768750000000000000e+01 8.176258669616125463e-01
2.771249999999999858e+01 8.276469347833930179e-01
2.773750000000000071e+01 8.434900961001530195e-01
2.776249999999999929e+01 8.701386190323373571e-01
2.778750000000000142e+01 9.066288249923328824e-01
2.781250000000000000e+01 9.468560952021438659e-01
2.783749999999999858e+01 9.867188851402155514e-01
2.786250000000000071e+01 1.029488547517183772e+00
2.788749999999999929e+01 1.081456984921886688e+00
2.791250000000000142e+01 1.139734161614526897e+00
2.793750000000000000e+01 1.184769416765692585e+00
2.796249999999999858e+01 1.190100988756816136e+00
2.798750000000000071e+01 1.143660479423374898e+00
2.801249999999999929e+01 1.058550785377523340e+00
2.803750000000000142e+01 9.628416411426679034e-01
2.806250000000000000e+01 8.812898512527806982e-01
2.808749999999999858e+01 8.252532226782517411e-01
2.811250000000000071e+01 7.939384500655020105e-01
2.813749999999999929e+01 7.806185089088739648e-01
2.816250000000000142e+01 7.774706404331745979e-01
2.818750000000000000e+01 7.780698087664755791e-01
2.821249999999999858e+01 7.795391680847228999e-01
2.823750000000000071e+01 7.851652166317992787e-01
2.826249999999999929e+01 8.049404368462356185e-01
2.828750000000000142e+01 8.495473889587141780e-01
2.831250000000000000e+01 9.179032722800233302e-01
2.833749999999999858e+01 9.888161629981131462e-01
2.836250000000000071e+01 1.030150608863512396e+00
2.838749999999999929e+01 1.021627233870524343e+00
2.841250000000000142e+01 9.699070625806760493e-01
2.843750000000000000e+01 9.026852367626541085e-01
2.846249999999999858e+01 8.499383293671778361e-01
2.848750000000000071e+01 8.276539973184864341e-01
2.851249999999999929e+01 8.321133091290098260e-01
2.853750000000000142e+01 8.449558255582938493e-01
2.856250000000000000e+01 8.455093853073174515e-01
2.858749999999999858e+01 8.237956964486492506e-01
2.861250000000000071e+01 7.853550031517279040e-01
2.863749999999999929e+01 7.443114299403676970e-01
2.866250000000000142e+01 7.121486081931482914e-01
2.868750000000000000e+01 6.922549586171200531e-01
2.871249999999999858e+01 6.821119455468713788e-01
2.873750000000000071e+01 6.777248607771820810e-01
2.876249999999999929e+01 6.761283721306321493e-01
2.878750000000000142e+01 6.757144773641790003e-01
2.881250000000000000e+01 6.757592957364494390e-01
2.883749999999999858e+01 6.759874416223354832e-01
2.886250000000000071e+01 6.762709759556828626e-01
2.888749999999999929e+01 6.764333476082072805e-01
2.891250000000000142e+01 6.762931587426015412e-01
2.893750000000000000e+01 6.758529323735387173e-01
2.896249999999999858e+01 6.753272416136817391e-01
2.898750000000000071e+01 6.749325954980931463e-01
2.901249999999999929e+01 6.746786932332411446e-01
2.903750000000000142e+01 6.743670581391716379e-01
2.906250000000000000e+01 6.737989813221316737e-01
2.908749999999999858e+01 6.731051875979099375e-01
2.911250000000000071e+01 6.728469369795948563e-01
2.913749999999999929e+01 6.737037354938431033e-01
2.916250000000000142e+01 6.760973058723129814e-01
2.918750000000000000e+01 6.807062934867228465e-01
2.921249999999999858e+01 6.894400093133093987e-01
2.923750000000000071e+01 7.051256953231170854e-01
2.926249999999999929e+01 7.288681643763035289e-01
2.928750000000000142e+01 7.570175925437845343e-01
2.931250000000000000e+01 7.809561263026552069e-01
2.933749999999999858e+01 7.911132891024008629e-01
2.936250000000000071e+01 7.830297944306177094e-01
2.938749999999999929e+01 7.604776075965559157e-01
2.941250000000000142e+01 7.327634109442080490e-01
2.943750000000000000e+01 7.090013380207268456e-01
2.946249999999999858e+01 6.939838411181373790e-01
2.948750000000000071e+01 6.876283804201168692e-01
2.951249999999999929e+01 6.871031073403752742e-01
2.953750000000000142e+01 6.893824809707721490e-01
2.956250000000000000e+01 6.923863752869074961e-01
2.958749999999999858e+01 6.948016670874628264e-01
2.961250000000000071e+01 6.955833380601553761e-01
2.963749999999999929e+01 6.940177290748299477e-01
2.966250000000000142e+01 6.901248832064189598e-01
2.968750000000000000e+01 6.848135189536230794e-01
2.971249999999999858e+01 6.793768607597884257e-01
2.973750000000000071e+01 6.748233581390522540e-01
2.976249999999999929e+01 6.715920071836112282e-01
2.978750000000000142e+01 6.696168498716433826e-01
2.981250000000000000e+01 6.684877956981591929e-01
2.983749999999999858e+01 6.676794291676730886e-01
2.986250000000000071e+01 6.668587600629475309e-01
2.988749999999999929e+01 6.663578102807623527e-01
2.991250000000000142e+01 6.675221232916125347e-01
2.993750000000000000e+01 6.723158492499232697e-01
2.996249999999999858e+01 6.818521713388057126e-01
2.998750000000000071e+01 6.947372050834519364e-01
3.001249999999999929e+01 7.068482326875805688e-01
3.003750000000000142e+01 7.133282826653747355e-01
3.006250000000000000e+01 7.117034506835311358e-01
3.008749999999999858e+01 7.036472867004729403e-01
3.011250000000000071e+01 6.939432390948390150e-01
3.013749999999999929e+01 6.877163853576723218e-01
3.016250000000000142e+01 6.883299024811959654e-01
3.018750000000000000e+01 6.973265372790894423e-01
3.021249999999999858e+01 7.159940664612011174e-01
3.023750000000000071e+01 7.465816396517646059e-01
3.026249999999999929e+01 7.914855226998258608e-01
3.028750000000000142e+01 8.510980074567962017e-01
3.031250000000000000e+01 9.227034713737081173e-01
3.033749999999999858e+01 1.002275099957722126e+00
3.036250000000000071e+01 1.086939118020595396e+00
3.038749999999999929e+01 1.174260286199361403e+00
3.041250000000000142e+01 1.257708487216290472e+00
3.043750000000000000e+01 1.323735518535463784e+00
3.046249999999999858e+01 1.356601780327851836e+00
3.048750000000000071e+01 1.349037483113744385e+00
3.051249999999999929e+01 1.307367732791188564e+00
3.053750000000000142e+01 1.243483661658658646e+00
3.056250000000000000e+01 1.164290326780177853e+00
3.058749999999999858e+01 1.073818022817072171e+00
3.061250000000000071e+01 9.826111597512308116e-01
3.063749999999999929e+01 9.075937424961004751e-01
3.066250000000000142e+01 8.629351996118894697e-01
3.068750000000000000e+01 8.548392482112134871e-01
3.071249999999999858e+01 8.841083301167091957e-01
3.073750000000000071e+01 9.500385556475481330e-01
3.076249999999999929e+01 1.050967545694097227e+00
3.078750000000000142e+01 1.180915028964416358e+00
3.081250000000000000e+01 1.324127043307258500e+00
3.083749999999999858e+01 1.453524522340372993e+00
3.086250000000000071e+01 1.538349472132833906e+00
3.088749999999999929e+01 1.556779191017194419e+00
3.091250000000000142e+01 1.503297505340437601e+00
3.093750000000000000e+01 1.387733188777499516e+00
3.096249999999999858e+01 1.231728201232286324e+00
3.098750000000000071e+01 1.065157522595835626e+00
3.101249999999999929e+01 9.182207250636797990e-01
3.103750000000000142e+01 8.096369991535317112e-01
3.106250000000000000e+01 7.407105132397593383e-01
3.108749999999999858e+01 7.006542372317874356e-01
3.111250000000000071e+01 6.767517908701983220e-01
3.113749999999999929e+01 6.604339759972108759e-01
3.116250000000000142e+01 6.478683532051712213e-01
3.118750000000000000e+01 6.379660621621653371e-01
3.121249999999999858e+01 6.303854042232480692e-01
3.123750000000000071e+01 6.243986292126824100e-01
3.126249999999999929e+01 6.189835652380863973e-01
3.128750000000000142e+01 6.135110551983270488e-01
3.131250000000000000e+01 6.080850957684580393e-01
3.133749999999999858e+01 6.031828567428255683e-01
3.136250000000000071e+01 5.991346809850608413e-01
3.138749999999999929e+01 5.959775134333478164e-01
3.141250000000000142e+01 5.935851318835367874e-01
3.143750000000000000e+01 5.917570234950787489e-01
3.146249999999999858e+01 5.902307757474407612e-01
3.148750000000000071e+01 5.887576112612329382e-01
3.151249999999999929e+01 5.872337353637575585e-01
3.153750000000000142e+01 5.857364785776673077e-01
3.156250000000000000e+01 5.844523589370850258e-01
3.158749999999999858e+01 5.835840196699434435e-01
3.161250000000000071e+01 5.832790733938891803e-01
3.163749999999999929e+01 5.835895995234505751e-01
3.166250000000000142e+01 5.844864594666498991e-01
3.168750000000000000e+01 5.859373417300777209e-01
3.171249999999999858e+01 5.879998375927201204e-01
3.173750000000000071e+01 5.909247519590911102e-01
3.176249999999999929e+01 5.950931517296507156e-01
3.178750000000000142e+01 6.006980660087439805e-01
3.181250000000000000e+01 6.073909851388512582e-01
3.183749999999999858e+01 6.143235323339562015e-01
3.186250000000000071e+01 6.205058495467064006e-01
3.188749999999999929e+01 6.249953176644778008e-01
3.191250000000000142e+01 6.268264153031604113e-01
3.193750000000000000e+01 6.252169059034694554e-01
3.196249999999999858e+01 6.202452523365474812e-01
3.198750000000000071e+01 6.133047402412749038e-01
3.201250000000000284e+01 6.065652971328285847e-01
3.203750000000000142e+01 6.017032607908628927e-01
3.206250000000000000e+01 5.989997756918689076e-01
3.208749999999999858e+01 5.975169919005667296e-01
3.211249999999999716e+01 5.960121521365752129e-01
3.213750000000000284e+01 5.937799880290486332e-01
3.216250000000000142e+01 5.909222836723668770e-01
3.218750000000000000e+01 5.881346772913691456e-01
3.221249999999999858e+01 5.863808048056560196e-01
3.223749999999999716e+01 5.867054013657906353e-01
3.226250000000000284e+01 5.900109826476540587e-01
3.228750000000000142e+01 5.968105779112653497e-01
3.231250000000000000e+01 6.071236138561280082e-01
3.233749999999999858e+01 6.210244946053276038e-01
3.236249999999999716e+01 6.394828749203742557e-01
3.238750000000000284e+01 6.648879193935129939e-01
3.241250000000000142e+01 6.999278532250926554e-01
3.243750000000000000e+01 7.449973967830227917e-01
3.246249999999999858e+01 7.955954680925068079e-01
3.248749999999999716e+01 8.423078257536176228e-01
3.251250000000000284e+01 8.743419116291297755e-01
3.253750000000000142e+01 8.844159931859065793e-01
3.256250000000000000e+01 8.715358880704837663e-01
3.258749999999999858e+01 8.407987294633526565e-01
3.261249999999999716e+01 8.018028615007108950e-01
3.263750000000000284e+01 7.655381874614138882e-01
3.266250000000000142e+01 7.389963418744722734e-01
3.268750000000000000e+01 7.209904338473753782e-01
3.271249999999999858e+01 7.042089886713716052e-01
3.273749999999999716e+01 6.823912554733690961e-01
3.276250000000000284e+01 6.555287734363554053e-01
3.278750000000000142e+01 6.287569575363580743e-01
3.281250000000000000e+01 6.072699069794516014e-01
3.283749999999999858e+01 5.930750639618586062e-01
3.286249999999999716e+01 5.854256146460938837e-01
3.288750000000000284e+01 5.829236880485365591e-01
3.291250000000000142e+01 5.845283700676739969e-01
3.293750000000000000e+01 5.894545704382569973e-01
3.296249999999999858e+01 5.971152231849781167e-01
3.298749999999999716e+01 6.080982581942370180e-01
3.301250000000000284e+01 6.252156707108893485e-01
3.303750000000000142e+01 6.522801614335732578e-01
3.306250000000000000e+01 6.901813291743916778e-01
3.308749999999999858e+01 7.331964316806940385e-01
3.311249999999999716e+01 7.684827373556220032e-01
3.313750000000000284e+01 7.804184548765313867e-01
3.316250000000000142e+01 7.603356892917911836e-01
3.318750000000000000e+01 7.148758382786469801e-01
3.321249999999999858e+01 6.622283640826549522e-01
3.323749999999999716e+01 6.186849496256723313e-01
3.326250000000000284e+01 5.899253071610768284e-01
3.328750000000000142e+01 5.730770982529586055e-01
3.331250000000000000e+01 5.630143454909369849e-01
3.333749999999999858e+01 5.563261720644104846e-01
3.336249999999999716e+01 5.517937207322758386e-01
3.338750000000000284e+01 5.491132992244173172e-01
3.341250000000000142e+01 5.477600141203866624e-01
3.343750000000000000e+01 5.469931549401523263e-01
3.346249999999999858e+01 5.463234465932663708e-01
3.348749999999999716e+01 5.456370394460634543e-01
3.351250000000000284e+01 5.449610568213997253e-01
3.353750000000000142e+01 5.441992017356178657e-01
3.356250099999999748e+01 5.431131408827519769e-01
3.358750100000000316e+01 5.416402149997996407e-01
3.361250100000000174e+01 5.402259319663695880e-01
3.363750100000000032e+01 5.396266584169782110e-01
3.366250099999999890e+01 5.402105369951084590e-01
3.368750099999999748e+01 5.415465008630826471e-01
3.371250100000000316e+01 5.428947256733598348e-01
3.373750100000000174e+01 5.440785227679223457e-01
3.376250100000000032e+01 5.455145958843719001e-01
3.378750099999999890e+01 5.472402556621354108e-01
3.381250099999999748e+01 5.484501021429299961e-01
3.383750100000000316e+01 5.486077275414666943e-01
3.386250100000000174e+01 5.487200578744741986e-01
3.388750100000000032e+01 5.505917307141491301e-01
3.391250099999999890e+01 5.545989277157741260e-01
3.393750099999999748e+01 5.589646154058883765e-01
3.396250100000000316e+01 5.618675632291637578e-01
3.398750100000000174e+01 5.636973912192871916e-01
3.401250100000000032e+01 5.662813333999825449e-01
3.403750099999999890e+01 5.702796677357346855e-01
3.406250099999999748e+01 5.744780010703487427e-01
3.408750100000000316e+01 5.775694171656440279e-01
3.411250100000000174e+01 5.794192373237541105e-01
3.413750100000000032e+01 5.802544583863133987e-01
3.416250099999999890e+01 5.796348010736711576e-01
3.418750099999999748e+01 5.770843726716894384e-01
3.421250100000000316e+01 5.734118436048355472e-01
3.423750100000000174e+01 5.706404498311221651e-01
3.426250100000000032e+01 5.705105926672235928e-01
3.428750099999999890e+01 5.734657108887412091e-01
3.431250099999999748e+01 5.787875233251078555e-01
3.433750100000000316e+01 5.849489580807443190e-01
3.436250100000000174e+01 5.903616624470902075e-01
3.438750100000000032e+01 5.949303105893030130e-01
3.441250099999999890e+01 6.005482667360497739e-01
3.443750099999999748e+01 6.088198399517533721e-01
3.446250100000000316e+01 6.185306740205698262e-01
3.448750100000000174e+01 6.269960827224200228e-01
3.451250100000000032e+01 6.340606083736521903e-01
3.453750099999999890e+01 6.427062876423410565e-01
3.456250099999999748e+01 6.545518106203187525e-01
3.458750100000000316e+01 6.670466303422627474e-01
3.461250100000000174e+01 6.781061309614813126e-01
3.463750100000000032e+01 6.923990544417006898e-01
3.466250099999999890e+01 7.178435557806911449e-01
3.468750099999999748e+01 7.536067849353511594e-01
3.471250100000000316e+01 7.855794148866463988e-01
3.473750100000000174e+01 7.984259579504937587e-01
3.476250100000000032e+01 7.908269921783781520e-01
3.478750099999999890e+01 7.746229509779120059e-01
3.481250099999999748e+01 7.602200862222916466e-01
3.483750100000000316e+01 7.485476587589747766e-01
3.486250100000000174e+01 7.383487580452516852e-01
3.488750100000000032e+01 7.356559304919696451e-01
3.491250099999999890e+01 7.504835647618514072e-01
3.493750099999999748e+01 7.848141878313086295e-01
3.496250100000000316e+01 8.290000298019108982e-01
3.498750100000000174e+01 8.712308187287438610e-01
3.501250100000000032e+01 9.075956491972988482e-01
3.503750099999999890e+01 9.428630893107158295e-01
3.506250099999999748e+01 9.855856519023962203e-01
3.508750100000000316e+01 1.042707856602447691e+00
3.511250100000000174e+01 1.115891690620152366e+00
3.513750100000000032e+01 1.203017546053864795e+00
3.516250099999999890e+01 1.312551829653028523e+00
3.518750099999999748e+01 1.478019353160537230e+00
3.521250100000000316e+01 1.739096963224920467e+00
3.523750100000000174e+01 2.101746035582483074e+00
3.526250100000000032e+01 2.558451782069909086e+00
3.528750099999999890e+01 3.203751819085009611e+00
3.531250099999999748e+01 4.272654288569492032e+00
3.533750100000000316e+01 5.879409458565682201e+00
3.536250100000000174e+01 7.610786372432389868e+00
3.538750100000000032e+01 8.553407366603428486e+00
3.541250099999999890e+01 8.006823076904971970e+00
3.543750099999999748e+01 6.177393682548087739e+00
3.546250100000000316e+01 3.998531778966731842e+00
3.548750100000000174e+01 2.316880961620041202e+00
3.551250100000000032e+01 1.389099191074310902e+00
3.553750099999999890e+01 1.027488834085478420e+00
3.556250099999999748e+01 9.658167470826755086e-01
3.558750100000000316e+01 1.041931245476125589e+00
3.561250100000000174e+01 1.183562365272538219e+00
3.563750100000000032e+01 1.343014251085145050e+00
3.566250099999999890e+01 1.464000977880255849e+00
3.568750099999999748e+01 1.492756093856997701e+00
3.571250100000000316e+01 1.406806351018373924e+00
3.573750100000000174e+01 1.231153430743619159e+00
3.576250100000000032e+01 1.023668017478601033e+00
3.578750099999999890e+01 8.406956768855604611e-01
3.581250099999999748e+01 7.111872651129850231e-01
3.583750100000000316e+01 6.341532225364326925e-01
3.586250100000000174e+01 5.929082508838571242e-01
3.588750100000000032e+01 5.708770576969555144e-01
3.591250099999999890e+01 5.580484817467373793e-01
3.593750099999999748e+01 5.496816048612410688e-01
3.596250100000000316e+01 5.433814696706297243e-01
3.598750100000000174e+01 5.381868138354661824e-01
3.601250100000000032e+01 5.339683715889982363e-01
3.603750099999999890e+01 5.307042282558871449e-01
3.606250099999999748e+01 5.281523314042251283e-01
3.608750100000000316e+01 5.259409535638156497e-01
3.611250100000000174e+01 5.236128977058081002e-01
3.613750100000000032e+01 5.207655167652602834e-01
3.616250099999999890e+01 5.174364960201038866e-01
3.618750099999999748e+01 5.142163782606873346e-01
3.621250100000000316e+01 5.117489504211815143e-01
3.623750100000000174e+01 5.102276393678790711e-01
3.626250100000000032e+01 5.093915887787126007e-01
3.628750099999999890e+01 5.087535570455126166e-01
3.631250099999999748e+01 5.077752211731887400e-01
3.633750100000000316e+01 5.062086802295475696e-01
3.636250100000000174e+01 5.044786067484899883e-01
3.638750100000000032e+01 5.034880191846476949e-01
3.641250099999999890e+01 5.038615744247317840e-01
3.643750099999999748e+01 5.055268981642326853e-01
3.646250100000000316e+01 5.081589661652810008e-01
3.648750100000000174e+01 5.117971546838613328e-01
3.651250100000000032e+01 5.168261336223987090e-01
3.653750099999999890e+01 5.234478096317856100e-01
3.656250099999999748e+01 5.311025571964228531e-01
3.658750100000000316e+01 5.379863274315375143e-01
3.661250100000000174e+01 5.413972123716237483e-01
3.663750100000000032e+01 5.400725084403334986e-01
3.666250099999999890e+01 5.371279164334020750e-01
3.668750099999999748e+01 5.390830244819928563e-01
3.671250100000000316e+01 5.492963667445025511e-01
3.673750100000000174e+01 5.620346425269300283e-01
3.676250100000000032e+01 5.655052734806617076e-01
3.678750099999999890e+01 5.525766372853931907e-01
3.681250099999999748e+01 5.275593728729041088e-01
3.683750100000000316e+01 5.017265496844852679e-01
3.686250100000000174e+01 4.838878120019967088e-01
3.688750100000000032e+01 4.760713085322501592e-01
3.691250099999999890e+01 4.756801672655572855e-01
3.693750099999999748e+01 4.788628290021400558e-01
3.696250100000000316e+01 4.819837247043694539e-01
3.698750100000000174e+01 4.821790477566685329e-01
3.701250100000000032e+01 4.782131258648150141e-01
3.703750099999999890e+01 4.709410975911818564e-01
3.706250099999999748e+01 4.624934083666278894e-01
3.708750100000000316e+01 4.548240274211158285e-01
3.711250100000000174e+01 4.488039405649325575e-01
3.713750100000000032e+01 4.441761099754721887e-01
3.716250099999999890e+01 4.401139400463927043e-01
3.718750099999999748e+01 4.360242462755453685e-01
3.721250100000000316e+01 4.319702266474437780e-01
3.723750100000000174e+01 4.283505056052306914e-01
3.726250100000000032e+01 4.252932664860113454e-01
3.728750099999999890e+01 4.225217640310292566e-01
3.731250099999999748e+01 4.198000464415516664e-01
3.733750100000000316e+01 4.174160539122757640e-01
3.736250100000000174e+01 4.162078559077060924e-01
3.738750100000000032e+01 4.170478852924308089e-01
3.741250099999999890e+01 4.202847860795627666e-01
3.743750099999999748e+01 4.256181284542779331e-01
3.746250100000000316e+01 4.324336220631200267e-01
3.748750100000000174e+01 4.399764339820714243e-01
3.751250100000000032e+01 4.470791277338406200e-01
3.753750099999999890e+01 4.519400348752057872e-01
3.756250099999999748e+01 4.525815226415900172e-01
3.758750100000000316e+01 4.479236472430916383e-01
3.761250100000000174e+01 4.386402102631310473e-01
3.763750100000000032e+01 4.270522940521874755e-01
3.766250099999999890e+01 4.159962908641945956e-01
3.768750099999999748e+01 4.072931946288383953e-01
3.771250100000000316e+01 4.009459559624948266e-01
3.773750100000000174e+01 3.957675525010033724e-01
3.776250100000000032e+01 3.906971800575182452e-01
3.778750099999999890e+01 3.854585929054256122e-01
3.781250099999999748e+01 3.803039335440666635e-01
3.783750100000000316e+01 3.754526892817051653e-01
3.786250100000000174e+01 3.708323321478295131e-01
3.788750100000000032e+01 3.661529239181882112e-01
3.791250099999999890e+01 3.612249433049058989e-01
3.793750099999999748e+01 3.562604806763933762e-01
3.796250100000000316e+01 3.518714797493793234e-01
3.798750100000000174e+01 3.486941485227122994e-01
3.801250100000000032e+01 3.469697682869197219e-01
3.803750099999999890e+01 3.464622300345185923e-01
3.806250099999999748e+01 3.466782236327973221e-01
3.808750100000000316e+01 3.470845642892543825e-01
3.811250100000000174e+01 3.472193611851790429e-01
3.813750100000000032e+01 3.467903491980827146e-01
3.816250099999999890e+01 3.457200975863803372e-01
3.818750099999999748e+01 3.440152468147555931e-01
3.821250100000000316e+01 3.416237770094298076e-01
3.823750100000000174e+01 3.385407441234178916e-01
3.826250100000000032e+01 3.351097167903552831e-01
3.828750099999999890e+01 3.321345585822367275e-01
3.831250099999999748e+01 3.305624459275586791e-01
3.833750100000000316e+01 3.309747094612810470e-01
3.836250100000000174e+01 3.335900493628644603e-01
3.838750100000000032e+01 3.388196124919196084e-01
3.841250099999999890e+01 3.475535867529577216e-01
3.843750099999999748e+01 3.610413217008823783e-01
3.846250100000000316e+01 3.816239203193457219e-01
3.848750100000000174e+01 4.122280614532788379e-01
3.851250100000000032e+01 4.510238362812055701e-01
3.853750099999999890e+01 4.858363427948022562e-01
3.856250099999999748e+01 4.991036355689842940e-01
3.858750100000000316e+01 4.818971849237527194e-01
3.861250100000000174e+01 4.412356016376198786e-01
3.863750100000000032e+01 3.932324661290401702e-01
3.866250099999999890e+01 3.516888786888445750e-01
3.868750099999999748e+01 3.225053394365762771e-01
3.871250100000000316e+01 3.047574649863325491e-01
3.873750100000000174e+01 2.944909763187590346e-01
3.876250100000000032e+01 2.878845467371961564e-01
3.878750099999999890e+01 2.825685695790138841e-01
3.881250099999999748e+01 2.776037472014455387e-01
3.883750100000000316e+01 2.728619959916079307e-01
3.886250100000000174e+01 2.684339267857831501e-01
3.888750100000000032e+01 2.642451131981116141e-01
3.891250099999999890e+01 2.600801415979379083e-01
3.893750099999999748e+01 2.557964753238958222e-01
3.896250100000000316e+01 2.515496029717033122e-01
3.898750100000000174e+01 2.477975426519554158e-01
3.901250100000000032e+01 2.449924141980343861e-01
3.903750099999999890e+01 2.431694372426193573e-01
3.906250099999999748e+01 2.418103559074174513e-01
3.908750100000000316e+01 2.401728792981096539e-01
3.911250100000000174e+01 2.378262230869904181e-01
3.913750100000000032e+01 2.349042605311884579e-01
3.916250099999999890e+01 2.318943873024643387e-01
3.918750099999999748e+01 2.292658929199379858e-01
3.921250100000000316e+01 2.272524127102827918e-01
3.923750100000000174e+01 2.258301272058751419e-01
3.926250100000000032e+01 2.247501491199606627e-01
3.928750099999999890e+01 2.236167977521026362e-01
3.931250099999999748e+01 2.220659521242802914e-01
3.933750100000000316e+01 2.199868580772806337e-01
3.936250100000000174e+01 2.175585389599933861e-01
3.938750100000000032e+01 2.150499506960809326e-01
3.941250099999999890e+01 2.126098448014548947e-01
3.943750099999999748e+01 2.102549927828585852e-01
3.946250100000000316e+01 2.079845726139604167e-01
3.948750100000000174e+01 2.058324400245820640e-01
3.951250100000000032e+01 2.038298085671685633e-01
3.953750099999999890e+01 2.019765637556585891e-01
3.956250099999999748e+01 2.002311331314716725e-01
3.958750100000000316e+01 1.985066575130385313e-01
3.961250100000000174e+01 1.967542859584506254e-01
3.963750100000000032e+01 1.951181586545538971e-01
3.966250099999999890e+01 1.939757718122578356e-01
3.968750099999999748e+01 1.937290589995094292e-01
3.971250100000000316e+01 1.944497286628736887e-01
3.973750100000000174e+01 1.956347986881895318e-01
3.976250100000000032e+01 1.963280389936075676e-01
3.978750099999999890e+01 1.956208218819208977e-01
3.981250099999999748e+01 1.931849517425165419e-01
3.983750100000000316e+01 1.894136218055342824e-01
3.986250100000000174e+01 1.850800390124863748e-01
3.988750100000000032e+01 1.808700480939015032e-01
3.991250099999999890e+01 1.772038758866933406e-01
3.993750099999999748e+01 1.743265907087471478e-01
3.996250100000000316e+01 1.723793301507910436e-01
3.998750100000000174e+01 1.714087453010031403e-01
