0.000000 1.000000000000
0.087500 0.405267200032
0.112500 0.164287684270
0.137500 0.066613455381
0.162500 0.000000655339
0.187500 0.000000214595
0.237500 0.015590196982
0.262500 0.013607584991
0.287500 0.000000025766
0.312500 0.000001110673
0.337500 0.000455535104
0.362500 0.000055292334
0.387500 0.003265472531
0.412500 0.003033324526
0.437500 0.000000005807
0.462500 0.000216540822
0.487500 0.000054081368
0.512500 0.000001266798
0.537500 0.000362744979
0.562500 0.001114663364
0.587500 0.000112000134
0.612500 0.000074327912
0.637500 0.000000527939
0.662500 0.000000786619
0.687500 0.000023013993
0.712500 0.000269980850
0.737500 0.000345198950
0.762500 0.000023525553
0.787500 0.000008042586
0.812500 0.000005894087
0.837500 0.000007123571
0.862500 0.000110671612
0.887500 0.000198736458
0.912500 0.000020922370
0.937500 0.000010671637
0.962500 0.000000872775
0.987500 0.000003391547
1.012500 0.000058032678
1.037500 0.000005386446
1.062500 0.000093418607
1.087500 0.000007196469
1.112500 0.000000176538
1.137500 0.000002780841
1.162500 0.000029152703
1.187500 0.000002735058
1.212500 0.000060378556
1.237500 0.000004374618
1.262500 0.000000557202
1.287500 0.000001979961
1.312500 0.000009063241
1.337500 0.000011757303
1.362500 0.000000392712
1.387500 0.000035043423
1.412500 0.000002466760
1.437500 0.000001083476
1.462500 0.000000263081
1.487500 0.000012395321
1.512500 0.000000509823
1.537500 0.000025155478
1.562500 0.000001617611
1.587500 0.000000815424
1.612500 0.000000153915
1.637500 0.000008137804
1.662500 0.000000681290
1.687500 0.000000382675
1.712500 0.000015886277
1.737500 0.000000555067
1.762500 0.000000437370
1.787500 0.000006130049
1.812500 0.000000505205
1.837500 0.000000318257
1.862500 0.000010757420
1.887500 0.000000750553
1.912500 0.000000378874
1.937500 0.000004344899
1.962500 0.000000730023
1.987500 0.000000237548
2.012500 0.000000189889
2.037500 0.000007686474
2.062500 0.000000360388
2.087500 0.000000161317
2.112500 0.000003718253
2.137500 0.000000217274
2.162500 0.000000172224
2.187500 0.000005538809
2.212500 0.000000510541
2.237500 0.000000281717
2.262500 0.000002770727
2.287500 0.000000200627
2.312500 0.000000149008
2.337500 0.000000160134
2.362500 0.000004449793
2.387500 0.000000247925
2.412500 0.000001952845
2.437500 0.000000324239
2.462500 0.000000148499
2.487500 0.000000168209
2.512500 0.000003396776
2.537500 0.000000318359
2.562500 0.000001600156
2.587500 0.000000268384
2.612500 0.000000172174
2.637500 0.000000161192
2.662500 0.000000157189
2.687500 0.000002887987
2.712500 0.000000231332
2.737500 0.000001374459
2.762500 0.000000187409
2.787500 0.000000182023
2.812500 0.000000175083
2.837500 0.000002293800
2.862500 0.000000352018
2.887500 0.000001167991
2.912500 0.000000206088
2.937500 0.000000176798
2.962500 0.000000173210
2.987500 0.000000169273
3.012500 0.000001820293
3.037500 0.000000949015
3.062500 0.000000214012
3.087500 0.000000221875
3.112500 0.000000179882
3.137500 0.000000192941
3.162500 0.000001437303
3.187500 0.000000974818
3.212500 0.000000283933
3.237500 0.000000217225
3.262500 0.000000310306
3.287500 0.000000261618
3.312500 0.000000262268
3.337500 0.000001794429
3.362500 0.000000355672
3.387500 0.000000276093
3.412500 0.000000279968
3.437500 0.000000205283
3.462500 0.000000292964
3.487500 0.000001091996
3.512500 0.000000673568
3.537500 0.000000301497
3.562500 0.000000252154
3.587500 0.000000228019
3.612500 0.000000298801
3.637500 0.000000229253
3.662500 0.000001341520
3.687500 0.000000285352
3.712500 0.000000248178
3.737500 0.000000268653
3.762500 0.000000308984
3.787500 0.000000256702
3.812500 0.000001287890
3.837500 0.000000341165
3.862500 0.000000299908
3.887500 0.000000265328
3.912500 0.000000321047
3.937500 0.000000272723
3.962500 0.000000556907
3.987500 0.000000818247
4.012500 0.000000345966
4.037500 0.000000322700
4.062500 0.000000309898
4.087500 0.000000324536
4.112500 0.000000337747
4.137500 0.000000977301
4.162500 0.000000366920
4.187500 0.000000323569
4.212500 0.000000340500
4.237500 0.000000311086
4.262500 0.000000314627
4.287500 0.000000546292
4.312500 0.000000722106
4.337500 0.000000326663
4.362500 0.000000338576
4.387500 0.000000349207
4.412500 0.000000334596
4.437500 0.000000566496
4.462500 0.000000620185
4.487500 0.000000437810
4.512500 0.000000366262
4.537500 0.000000462661
4.562500 0.000000359518
4.587500 0.000000528167
4.612500 0.000000439496
4.637500 0.000000655815
4.662500 0.000000428757
4.687500 0.000000360033
4.712500 0.000000377997
4.737500 0.000000355239
4.762500 0.000000485958
4.787500 0.000000594489
4.812500 0.000000393831
4.837500 0.000000403339
4.862500 0.000000388154
4.887500 0.000000400834
4.912500 0.000000487755
4.937500 0.000000389092
4.962500 0.000000564774
4.987500 0.000000424359
5.012500 0.000000430237
5.037500 0.000000419101
5.062500 0.000000544309
5.087500 0.000000459004
5.112500 0.000000600279
5.137500 0.000000495806
5.162500 0.000000454409
5.187500 0.000000463770
5.212500 0.000000531990
5.237500 0.000000458460
5.262500 0.000000463074
5.287500 0.000000604883
5.312500 0.000000473589
5.337500 0.000000449746
5.362500 0.000000552606
5.387500 0.000000485136
5.412500 0.000000491784
5.437500 0.000000592495
5.462500 0.000000508060
5.487500 0.000000500700
5.512500 0.000000500112
5.537500 0.000000593164
5.562500 0.000000498371
5.587500 0.000000515549
5.612500 0.000000608759
5.637500 0.000000509444
5.662500 0.000000525214
5.687500 0.000000578297
5.712500 0.000000521800
5.737500 0.000000514868
5.762500 0.000000658463
5.787500 0.000000550480
5.812500 0.000000538576
5.837500 0.000000599287
5.862500 0.000000542532
5.887500 0.000000554041
5.912500 0.000000550039
5.937500 0.000000662914
5.962500 0.000000552958
5.987500 0.000000619173
6.012500 0.000000568440
6.037500 0.000000553962
6.062500 0.000000567491
6.087500 0.000000652814
6.112500 0.000000581641
6.137500 0.000000592078
6.162500 0.000000619326
6.187500 0.000000578832
6.212500 0.000000576789
6.237500 0.000000570162
6.262500 0.000000623154
6.287500 0.000000600570
6.312500 0.000000640998
6.337500 0.000000613248
6.362500 0.000000631240
6.387500 0.000000641097
6.412500 0.000000684372
6.437500 0.000000661238
6.462500 0.000000706715
6.487500 0.000000680619
6.512500 0.000000686551
6.537500 0.000000678731
6.562500 0.000000717312
6.587500 0.000000739942
6.612500 0.000000707093
6.637500 0.000000712922
6.662500 0.000000690159
6.687500 0.000000709426
6.712500 0.000000684179
6.737500 0.000000755794
6.762500 0.000000711151
6.787500 0.000000789165
6.812500 0.000000783175
6.837500 0.000000864590
6.862500 0.000000799420
6.887500 0.000000793946
6.912500 0.000001303324
6.937500 0.000000899715
6.962500 0.000001242969
6.987500 0.000001510989
7.012500 0.000000827507
7.037500 0.000001894298
7.062500 0.000001466482
7.087500 0.000001261426
7.112500 0.000000804841
7.137500 0.000001010403
7.162500 0.000000790985
7.187500 0.000000796505
7.212500 0.000000833595
7.237500 0.000000946321
7.262500 0.000000828999
7.287500 0.000000791850
7.312500 0.000000824169
7.337500 0.000000780973
7.362500 0.000000781983
7.387500 0.000000867246
7.412500 0.000000789080
7.437500 0.000000802104
7.462500 0.000000834518
7.487500 0.000000809823
7.512500 0.000000827116
7.537500 0.000000836012
7.562500 0.000000869492
7.587500 0.000000819265
7.612500 0.000000865270
7.637500 0.000000887103
7.662500 0.000000827917
7.687500 0.000000908962
7.712500 0.000000951358
7.737500 0.000000914472
7.762500 0.000000858301
7.787500 0.000000879675
7.812500 0.000000862167
7.837500 0.000000842581
7.862500 0.000000872562
7.887500 0.000000889840
7.912500 0.000000861954
7.937500 0.000000916353
7.962500 0.000000887719
7.987500 0.000000903873
8.012500 0.000000895039
8.037500 0.000000908561
8.062500 0.000000910794
8.087500 0.000000929898
8.112500 0.000000910786
8.137500 0.000000902774
8.162500 0.000000932800
8.187500 0.000000933586
8.212500 0.000000943103
8.237500 0.000000931918
8.262500 0.000000910399
8.287500 0.000000921311
8.312500 0.000000910303
8.337500 0.000000927354
8.362500 0.000000939234
8.387500 0.000000936978
8.412500 0.000000936505
8.437500 0.000000937934
8.462500 0.000000933976
8.487500 0.000000982343
8.512500 0.000000964107
8.537500 0.000001023038
8.562500 0.000000959357
8.587500 0.000000991589
8.612500 0.000000965376
8.637500 0.000000996405
8.662500 0.000000998027
8.687500 0.000001001991
8.712500 0.000001004426
8.737500 0.000001011314
8.762500 0.000001007419
8.787500 0.000001011969
8.812500 0.000001031272
8.837500 0.000001014314
8.862500 0.000001032211
8.887500 0.000001009608
8.912500 0.000001017106
8.937500 0.000001020772
8.962500 0.000001036542
8.987500 0.000001046901
9.012500 0.000001003776
9.037500 0.000001047486
9.062500 0.000001038943
9.087500 0.000001087247
9.112500 0.000001033305
9.137500 0.000001092108
9.162500 0.000001050106
9.187500 0.000001088438
9.212500 0.000001067358
9.237500 0.000001079412
9.262500 0.000001104987
9.287500 0.000001093204
9.312500 0.000001127107
9.337500 0.000001108331
9.362500 0.000001225101
9.387500 0.000001142906
9.412500 0.000001218978
9.437500 0.000001367958
9.462500 0.000001217014
9.487500 0.000001148285
9.512500 0.000001214895
9.537500 0.000001173568
9.562500 0.000001132400
9.587500 0.000001162649
9.612500 0.000001165819
9.637500 0.000001154321
9.662500 0.000001179792
9.687500 0.000001156196
9.712500 0.000001142765
9.737500 0.000001156068
9.762500 0.000001128658
9.787500 0.000001143444
9.812500 0.000001114920
9.837500 0.000001152080
9.862500 0.000001137548
9.887500 0.000001134204
9.912500 0.000001170938
9.937500 0.000001145185
9.962500 0.000001139478
9.987500 0.000001154136
10.012500 0.000001161196
10.037500 0.000001174181
10.062500 0.000001196549
10.087500 0.000001197788
10.112500 0.000001134175
10.137500 0.000001178801
10.162500 0.000001190993
10.187500 0.000001308058
10.212500 0.000001540653
10.237500 0.000001285494
10.262500 0.000001408474
10.287500 0.000001758607
10.312500 0.000001391323
10.337500 0.000001274550
10.362500 0.000001403012
10.387500 0.000001277228
10.412500 0.000001235234
10.437500 0.000001254437
10.462500 0.000001221353
10.487500 0.000001261724
10.512500 0.000001247832
10.537500 0.000001257508
10.562500 0.000001327204
10.587500 0.000001249878
10.612500 0.000001341987
10.637500 0.000001232577
10.662500 0.000001350913
10.687500 0.000001236719
10.712500 0.000001298846
10.737500 0.000001277183
10.762500 0.000001286896
10.787500 0.000001298642
10.812500 0.000001296338
10.837500 0.000001312088
10.862500 0.000001284965
10.887500 0.000001296341
10.912500 0.000001293691
10.937500 0.000001302588
10.962500 0.000001258087
10.987500 0.000001317090
11.012500 0.000001262011
11.037500 0.000001253373
11.062500 0.000001308249
11.087500 0.000001276255
11.112500 0.000001318850
11.137500 0.000001343940
11.162500 0.000001313256
11.187500 0.000001340002
11.212500 0.000001346637
11.237500 0.000001389998
11.262500 0.000001379101
11.287500 0.000001438253
11.312500 0.000001447955
11.337500 0.000001387201
11.362500 0.000001426073
11.387500 0.000001425908
11.412500 0.000001338042
11.437500 0.000001377209
11.462500 0.000001363176
11.487500 0.000001322798
11.512500 0.000001408867
11.537500 0.000001428417
11.562500 0.000001351895
11.587500 0.000001480900
11.612500 0.000001465242
11.637500 0.000001395171
11.662500 0.000001402895
11.687500 0.000001431508
11.712500 0.000001389764
11.737500 0.000001467588
11.762500 0.000001514552
11.787500 0.000001415060
11.812500 0.000001370995
11.837500 0.000001484824
11.862500 0.000001411672
11.887500 0.000001408798
11.912500 0.000001541964
11.937500 0.000001485006
11.962500 0.000001589916
11.987500 0.000001720008
12.012500 0.000001662245
12.037500 0.000001921763
12.062500 0.000001821601
12.087500 0.000001619407
12.112500 0.000001515582
12.137500 0.000001588801
12.162500 0.000001704410
12.187500 0.000001469754
12.212500 0.000001463826
12.237500 0.000001954284
12.262500 0.000001453506
12.287500 0.000001582474
12.312500 0.000002043336
12.337500 0.000001652737
12.362500 0.000001529677
12.387500 0.000005240335
12.412500 0.000001793649
12.437500 0.000003206881
12.462500 0.000014478831
12.487500 0.000003818989
12.512500 0.000005514055
12.537500 0.000015404056
12.562500 0.000006079150
12.587500 0.000001790744
12.612500 0.000011083850
12.637500 0.000003451968
12.662500 0.000001700968
12.687500 0.000010171201
12.712500 0.000002028783
12.737500 0.000001617510
12.762500 0.000004996579
12.787500 0.000002384436
12.812500 0.000001762631
12.837500 0.000001569899
12.862500 0.000001761543
12.887500 0.000001536989
12.912500 0.000001587967
12.937500 0.000002080056
12.962500 0.000001587862
12.987500 0.000001555692
13.012500 0.000001705062
13.037500 0.000001594504
13.062500 0.000001529853
13.087500 0.000001777275
13.112500 0.000001614549
13.137500 0.000001520424
13.162500 0.000002168050
13.187500 0.000001800907
13.212500 0.000001641861
13.237500 0.000001833890
13.262500 0.000001891422
13.287500 0.000001846683
13.312500 0.000003324455
13.337500 0.000005330738
13.362500 0.000003536080
13.387500 0.000005416631
13.412500 0.000010473962
13.437500 0.000005546280
13.462500 0.000003502517
13.487500 0.000005187169
13.512500 0.000003511374
13.537500 0.000001776056
13.562500 0.000002073599
13.587500 0.000001856664
13.612500 0.000001668630
13.637500 0.000002669415
13.662500 0.000002038798
13.687500 0.000002585453
13.712500 0.000001837676
13.737500 0.000005091324
13.762500 0.000001866001
13.787500 0.000006938035
13.812500 0.000002496239
13.837500 0.000001991646
13.862500 0.000005147082
13.887500 0.000002486052
13.912500 0.000004491376
13.937500 0.000003389390
13.962500 0.000006727257
13.987500 0.000005880100
14.012500 0.000008180646
14.037500 0.000006427313
14.062500 0.000007337467
14.087500 0.000006780768
14.112500 0.000002882266
14.137500 0.000003890829
14.162500 0.000003504070
14.187500 0.000003678333
14.212500 0.000002248360
14.237500 0.000004447247
14.262500 0.000005932766
14.287500 0.000002567909
14.312500 0.000004207979
14.337500 0.000004081868
14.362500 0.000003849794
14.387500 0.000004181828
14.412500 0.000003562668
14.437500 0.000006206934
14.462500 0.000003589138
14.487500 0.000003835768
14.512500 0.000002994795
14.537500 0.000003515086
14.562500 0.000003196410
14.587500 0.000004367183
14.612500 0.000003767556
14.637500 0.000005858465
14.662500 0.000003585374
14.687500 0.000005106942
14.712500 0.000004094063
14.737500 0.000004363181
14.762500 0.000005713482
14.787500 0.000005243257
14.812500 0.000005469806
14.837500 0.000003959434
14.862500 0.000003499911
14.887500 0.000003213050
14.912500 0.000002198931
14.937500 0.000001902975
14.962500 0.000002083946
14.987500 0.000002031586
15.012500 0.000002106927
15.037500 0.000002171950
15.062500 0.000002329709
15.087500 0.000002994722
15.112500 0.000003024257
15.137500 0.000003686332
15.162500 0.000002999430
15.187500 0.000002881379
15.212500 0.000002255342
15.237500 0.000002052114
15.262500 0.000001747507
15.287500 0.000001934837
15.312500 0.000001704616
15.337500 0.000001679662
15.362500 0.000001735127
15.387500 0.000001735385
15.412500 0.000001697736
15.437500 0.000001782431
15.462500 0.000001972199
15.487500 0.000002086727
15.512500 0.000002000068
15.537500 0.000001658506
15.562500 0.000001918713
15.587500 0.000001821532
15.612500 0.000001913403
15.637500 0.000002058019
15.662500 0.000001618833
15.687500 0.000002057069
15.712500 0.000002115915
15.737500 0.000001894646
15.762500 0.000001702808
15.787500 0.000001674853
15.812500 0.000001656938
15.837500 0.000001595917
15.862500 0.000001608846
15.887500 0.000001578616
15.912500 0.000001592325
15.937500 0.000001583510
15.962500 0.000001583841
15.987500 0.000001588374
16.012500 0.000001602971
16.037500 0.000001629525
16.062500 0.000001603337
16.087500 0.000001707660
16.112500 0.000001690848
16.137500 0.000001713314
16.162500 0.000001892117
16.187500 0.000001657603
16.212500 0.000001819585
16.237500 0.000001671334
16.262500 0.000001790881
16.287500 0.000001779871
16.312500 0.000001722557
16.337500 0.000001827489
16.362500 0.000001725008
16.387500 0.000001745105
16.412500 0.000001628047
16.437500 0.000001638755
16.462500 0.000001594043
16.487500 0.000001596667
16.512500 0.000001690390
16.537500 0.000001567196
16.562500 0.000001653990
16.587500 0.000001738124
16.612500 0.000001682438
16.637500 0.000001609840
16.662500 0.000001694032
16.687500 0.000001693854
16.712500 0.000001620795
16.737500 0.000001648375
16.762500 0.000001675847
16.787500 0.000001699048
16.812500 0.000001714333
16.837500 0.000001647067
16.862500 0.000001712876
16.887500 0.000001809305
16.912500 0.000001680616
16.937500 0.000001701368
16.962500 0.000001673625
16.987500 0.000001606478
17.012500 0.000001636089
17.037500 0.000001579473
17.062500 0.000001603638
17.087500 0.000001584329
17.112500 0.000001617857
17.137500 0.000001614176
17.162500 0.000001599748
17.187500 0.000001609942
17.212500 0.000001582159
17.237500 0.000001597838
17.262500 0.000001578755
17.287500 0.000001601177
17.312500 0.000001598943
17.337500 0.000001596746
17.362500 0.000001597922
17.387500 0.000001598753
17.412500 0.000001618445
17.437500 0.000001599274
17.462500 0.000001588053
17.487500 0.000001590368
17.512500 0.000001566816
17.537500 0.000001572313
17.562500 0.000001550104
17.587500 0.000001578975
17.612500 0.000001569031
17.637500 0.000001582183
17.662500 0.000001585545
17.687500 0.000001575986
17.712500 0.000001626690
17.737500 0.000001673638
17.762500 0.000001603346
17.787500 0.000001587052
17.812500 0.000001648670
17.837500 0.000001558667
17.862500 0.000001615558
17.887500 0.000001553694
17.912500 0.000001612433
17.937500 0.000001522129
17.962500 0.000001630896
17.987500 0.000001829732
18.012500 0.000001627504
18.037500 0.000001630297
18.062500 0.000001773234
18.087500 0.000002437904
18.112500 0.000001556072
18.137500 0.000003696997
18.162500 0.000003443050
18.187500 0.000002473396
18.212500 0.000006221145
18.237500 0.000004137772
18.262500 0.000003561856
18.287500 0.000001646729
18.312500 0.000002425190
18.337500 0.000001854882
18.362500 0.000001697537
18.387500 0.000001588101
18.412500 0.000001919518
18.437500 0.000001612390
18.462500 0.000001626324
18.487500 0.000001625591
18.512500 0.000001746867
18.537500 0.000001631339
18.562500 0.000001610811
18.587500 0.000001623514
18.612500 0.000001543377
18.637500 0.000001577347
18.662500 0.000001532246
18.687500 0.000001598232
18.712500 0.000001536487
18.737500 0.000001519679
18.762500 0.000001584960
18.787500 0.000001541347
18.812500 0.000001540426
18.837500 0.000001582171
18.862500 0.000001557466
18.887500 0.000001580151
18.912500 0.000001582354
18.937500 0.000001560541
18.962500 0.000001587877
18.987500 0.000001560477
19.012500 0.000001624460
19.037500 0.000001664268
19.062500 0.000001640123
19.087500 0.000001637717
19.112500 0.000001907597
19.137500 0.000001977940
19.162500 0.000002370241
19.187500 0.000003294879
19.212500 0.000003450133
19.237500 0.000003673603
19.262500 0.000002981950
19.287500 0.000002911095
19.312500 0.000002943058
19.337500 0.000002261715
19.362500 0.000001869667
19.387500 0.000001676582
19.412500 0.000001660316
19.437500 0.000001698999
19.462500 0.000001646938
19.487500 0.000001582981
19.512500 0.000001642092
19.537500 0.000001617518
19.562500 0.000001626160
19.587500 0.000001530281
19.612500 0.000001562601
19.637500 0.000001523408
19.662500 0.000001511913
19.687500 0.000001548369
19.712500 0.000001528883
19.737500 0.000001508113
19.762500 0.000001520265
19.787500 0.000001503208
19.812500 0.000001516262
19.837500 0.000001523504
19.862500 0.000001504469
19.887500 0.000001511753
19.912500 0.000001486095
19.937500 0.000001537652
19.962500 0.000001486403
19.987500 0.000001585319
20.012500 0.000001583830
20.037500 0.000001553034
20.062500 0.000001709317
20.087500 0.000001651735
20.112500 0.000001594624
20.137500 0.000001721825
20.162500 0.000001559005
20.187500 0.000001715712
20.212500 0.000001572899
20.237500 0.000001578529
20.262500 0.000001565133
20.287500 0.000001497075
20.312500 0.000001523277
20.337500 0.000001509126
20.362500 0.000001489965
20.387500 0.000001499864
20.412500 0.000001492763
20.437500 0.000001503703
20.462500 0.000001493034
20.487500 0.000001528794
20.512500 0.000001485960
20.537500 0.000001520733
20.562500 0.000001501323
20.587500 0.000001474900
20.612500 0.000001470105
20.637500 0.000001469639
20.662500 0.000001468614
20.687500 0.000001482475
20.712500 0.000001473844
20.737500 0.000001474290
20.762500 0.000001491498
20.787500 0.000001481610
20.812500 0.000001501470
20.837500 0.000001515996
20.862500 0.000001491015
20.887500 0.000001487023
20.912500 0.000001478039
20.937500 0.000001484711
20.962500 0.000001477059
20.987500 0.000001519349
21.012500 0.000001522832
21.037500 0.000001505623
21.062500 0.000001521597
21.087500 0.000001525044
21.112500 0.000001502419
21.137500 0.000001573217
21.162500 0.000001486365
21.187500 0.000001507580
21.212500 0.000001491378
21.237500 0.000001466296
21.262500 0.000001473839
21.287500 0.000001501793
21.312500 0.000001473939
21.337500 0.000001509781
21.362500 0.000001466932
21.387500 0.000001477223
21.412500 0.000001450602
21.437500 0.000001517536
21.462500 0.000001520957
21.487500 0.000001516302
21.512500 0.000001619152
21.537500 0.000001602531
21.562500 0.000001683912
21.587500 0.000001546469
21.612500 0.000001894129
21.637500 0.000001571750
21.662500 0.000001509298
21.687500 0.000002856780
21.712500 0.000001552691
21.737500 0.000003633314
21.762500 0.000001542754
21.787500 0.000002839729
21.812500 0.000001557446
21.837500 0.000001824903
21.862500 0.000001531241
21.887500 0.000001471894
21.912500 0.000001624817
21.937500 0.000001492935
21.962500 0.000001596403
21.987500 0.000001471771
22.012500 0.000001519886
22.037500 0.000001435911
22.062500 0.000001431538
22.087500 0.000001470809
22.112500 0.000001503875
22.137500 0.000001461004
22.162500 0.000001476498
22.187500 0.000001490768
22.212500 0.000001547627
22.237500 0.000001492553
22.262500 0.000001550235
22.287500 0.000001821360
22.312500 0.000001533879
22.337500 0.000002144340
22.362500 0.000002056760
22.387500 0.000001770636
22.412500 0.000003136244
22.437500 0.000002604145
22.462500 0.000002763757
22.487500 0.000002416626
22.512500 0.000002369980
22.537500 0.000003473636
22.562500 0.000003087203
22.587500 0.000003913792
22.612500 0.000003848752
22.637500 0.000004882279
22.662500 0.000004862840
22.687500 0.000003921230
22.712500 0.000005250639
22.737500 0.000004234983
22.762500 0.000004429437
22.787500 0.000002730462
22.812500 0.000003045051
22.837500 0.000002558883
22.862500 0.000001805758
22.887500 0.000001961746
22.912500 0.000001806610
22.937500 0.000001745361
22.962500 0.000001726872
22.987500 0.000001733248
23.012500 0.000001753575
23.037500 0.000001608142
23.062500 0.000001868551
23.087500 0.000001951120
23.112500 0.000001912689
23.137500 0.000003098100
23.162500 0.000002009974
23.187500 0.000003837473
23.212500 0.000002656852
23.237500 0.000002733312
23.262500 0.000002869474
23.287500 0.000001948838
23.312500 0.000002090616
23.337500 0.000002211559
23.362500 0.000002377815
23.387500 0.000002655346
23.412500 0.000002653319
23.437500 0.000001765420
23.462500 0.000002452202
23.487500 0.000002256002
23.512500 0.000001963714
23.537500 0.000001521802
23.562500 0.000001592576
23.587500 0.000001655521
23.612500 0.000001475800
23.637500 0.000001488242
23.662500 0.000001449522
23.687500 0.000001511912
23.712500 0.000001416307
23.737500 0.000001553968
23.762500 0.000001423055
23.787500 0.000001404871
23.812500 0.000001424904
23.837500 0.000001512241
23.862500 0.000001396118
23.887500 0.000001446759
23.912500 0.000001619502
23.937500 0.000001382618
23.962500 0.000001485364
23.987500 0.000001545585
24.012500 0.000001414865
24.037500 0.000001402022
24.062500 0.000001659540
24.087500 0.000001421918
24.112500 0.000001412790
24.137500 0.000001529847
24.162500 0.000001399907
24.187500 0.000001409141
24.212500 0.000001382949
24.237500 0.000001714285
24.262500 0.000001377934
24.287500 0.000001539623
24.312500 0.000001408474
24.337500 0.000001422212
24.362500 0.000001422326
24.387500 0.000001933227
24.412500 0.000001446663
24.437500 0.000001477146
24.462500 0.000001685204
24.487500 0.000001450730
24.512500 0.000001437403
24.537500 0.000001518775
24.562500 0.000002194308
24.587500 0.000001532275
24.612500 0.000001856482
24.637500 0.000001465254
24.662500 0.000001455606
24.687500 0.000001469502
24.712500 0.000002907531
24.737500 0.000001538445
24.762500 0.000002210119
24.787500 0.000001572026
24.812500 0.000001468319
24.837500 0.000001440348
24.862500 0.000001381614
24.887500 0.000006064011
24.912500 0.000003408805
24.937500 0.000002552340
24.962500 0.000002908792
24.987500 0.000001411025
25.012500 0.000003953985
25.037500 0.000039222755
25.062500 0.000003234022
25.087500 0.000020046708
25.112500 0.000002202656
25.137500 0.000001518873
25.162500 0.000001553826
25.187500 0.000001539142
25.212500 0.000001608088
25.237500 0.000001587899
25.262500 0.000001541379
25.287500 0.000001492520
25.312500 0.000001471852
25.337500 0.000002017465
25.362500 0.000001523180
25.387500 0.000002621058
25.412500 0.000002983300
25.437500 0.000003946929
25.462500 0.000001661097
25.487500 0.000002970198
25.512500 0.000002673391
25.537500 0.000001572313
25.562500 0.000002117826
25.587500 0.000001557429
25.612500 0.000001705657
25.637500 0.000001711516
25.662500 0.000001970140
25.687500 0.000002324231
25.712500 0.000002128147
25.737500 0.000002996770
25.762500 0.000002947811
25.787500 0.000002694868
25.812500 0.000002392563
25.837500 0.000002425206
25.862500 0.000002046403
25.887500 0.000002119261
25.912500 0.000001882120
25.937500 0.000002318966
25.962500 0.000002276197
25.987500 0.000002396444
26.012500 0.000003434586
26.037500 0.000002693112
26.062500 0.000002676257
26.087500 0.000003133232
26.112500 0.000003156559
26.137500 0.000003153671
26.162500 0.000003690603
26.187500 0.000003031825
26.212500 0.000004944133
26.237500 0.000003407252
26.262500 0.000004134360
26.287500 0.000002952571
26.312500 0.000002856756
26.337500 0.000002183465
26.362500 0.000001889718
26.387500 0.000001730688
26.412500 0.000001726556
26.437500 0.000001618126
26.462500 0.000001588443
26.487500 0.000001570901
26.512500 0.000001539900
26.537500 0.000001565173
26.562500 0.000001506804
26.587500 0.000001507001
26.612500 0.000001499804
26.637500 0.000001502782
26.662500 0.000001564533
26.687500 0.000001551850
26.712500 0.000001524174
26.737500 0.000001572357
26.762500 0.000001501907
26.787500 0.000001606059
26.812500 0.000001504850
26.837500 0.000001491468
26.862500 0.000001493559
26.887500 0.000001476859
26.912500 0.000001488096
26.937500 0.000001540516
26.962500 0.000001570024
26.987500 0.000001579638
27.012500 0.000001487055
27.037500 0.000001619590
27.062500 0.000001585405
27.087500 0.000001579523
27.112500 0.000001640484
27.137500 0.000001597651
27.162500 0.000001552511
27.187500 0.000001525569
27.212500 0.000001609631
27.237500 0.000001533016
27.262500 0.000001559265
27.287500 0.000001510081
27.312500 0.000001547153
27.337500 0.000001491926
27.362500 0.000001534725
27.387500 0.000001555711
27.412500 0.000001523168
27.437500 0.000001607459
27.462500 0.000001519906
27.487500 0.000001555846
27.512500 0.000001524088
27.537500 0.000001525083
27.562500 0.000001483394
27.587500 0.000001531608
27.612500 0.000001512156
27.637500 0.000001592780
27.662500 0.000001501879
27.687500 0.000001584331
27.712500 0.000001528865
27.737500 0.000001532315
27.762500 0.000001575088
27.787500 0.000001634628
27.812500 0.000001510940
27.837500 0.000001642486
27.862500 0.000001651457
27.887500 0.000001612221
27.912500 0.000001642120
27.937500 0.000002389387
27.962500 0.000002989414
27.987500 0.000001688619
28.012500 0.000002567148
28.037500 0.000003234728
28.062500 0.000001982074
28.087500 0.000003402711
28.112500 0.000002104528
28.137500 0.000001578405
28.162500 0.000001546576
28.187500 0.000001558860
28.212500 0.000001523781
28.237500 0.000001459806
28.262500 0.000001574569
28.287500 0.000001510366
28.312500 0.000001612678
28.337500 0.000001582796
28.362500 0.000001506368
28.387500 0.000001613420
28.412500 0.000001977229
28.437500 0.000003006081
28.462500 0.000001658983
28.487500 0.000001999423
28.512500 0.000001537211
28.537500 0.000001532203
28.562500 0.000001645146
28.587500 0.000001839474
28.612500 0.000002098436
28.637500 0.000001559958
28.662500 0.000001987863
28.687500 0.000001850593
28.712500 0.000002337756
28.737500 0.000001802590
28.762500 0.000002072956
28.787500 0.000002159885
28.812500 0.000003152847
28.837500 0.000001823577
28.862500 0.000002678302
28.887500 0.000001442610
28.912500 0.000001925554
28.937500 0.000001528783
28.962500 0.000001534168
28.987500 0.000001538807
29.012500 0.000001450354
29.037500 0.000001560897
29.062500 0.000001417443
29.087500 0.000001658880
29.112500 0.000001458910
29.137500 0.000001681483
29.162500 0.000001519400
29.187500 0.000001693293
29.212500 0.000001489112
29.237500 0.000001583320
29.262500 0.000001495882
29.287500 0.000001498991
29.312500 0.000001418558
29.337500 0.000001428377
29.362500 0.000001408318
29.387500 0.000001410385
29.412500 0.000001453736
29.437500 0.000001420130
29.462500 0.000001498281
29.487500 0.000001540067
29.512500 0.000001447460
29.537500 0.000001521949
29.562500 0.000001523846
29.587500 0.000001564448
29.612500 0.000001434424
29.637500 0.000001470904
29.662500 0.000001434332
29.687500 0.000001398849
29.712500 0.000001359791
29.737500 0.000001367523
29.762500 0.000001337425
29.787500 0.000001357204
29.812500 0.000001333512
29.837500 0.000001334508
29.862500 0.000001334232
29.887500 0.000001343329
29.912500 0.000001327788
29.937500 0.000001320991
29.962500 0.000001330715
29.987500 0.000001316571
30.012500 0.000001332382
30.037500 0.000001337513
30.062500 0.000001364889
30.087500 0.000001333306
30.112500 0.000001355017
30.137500 0.000001338510
30.162500 0.000001312743
30.187500 0.000001340299
30.212500 0.000001317557
30.237500 0.000001341469
30.262500 0.000001345723
30.287500 0.000001325232
30.312500 0.000001344218
30.337500 0.000001298639
30.362500 0.000001308211
30.387500 0.000001315238
30.412500 0.000001317156
30.437500 0.000001321604
30.462500 0.000001341557
30.487500 0.000001406155
30.512500 0.000001329027
30.537500 0.000001429512
30.562500 0.000001398837
30.587500 0.000001374788
30.612500 0.000001333718
30.637500 0.000001353706
30.662500 0.000001311319
30.687500 0.000001353393
30.712500 0.000001342898
30.737500 0.000001353367
30.762500 0.000001337460
30.787500 0.000001358043
30.812500 0.000001383283
30.837500 0.000001357152
30.862500 0.000001501288
30.887500 0.000001375513
30.912500 0.000001562183
30.937500 0.000001751771
30.962500 0.000001883131
30.987500 0.000002386993
31.012500 0.000001906300
31.037500 0.000001846514
31.062500 0.000001587836
31.087500 0.000001460549
31.112500 0.000001523155
31.137500 0.000001574919
31.162500 0.000001694709
31.187500 0.000001719909
31.212500 0.000002287734
31.237500 0.000001852727
31.262500 0.000003344992
31.287500 0.000002866085
31.312500 0.000005192888
31.337500 0.000004851186
31.362500 0.000006101135
31.387500 0.000003743868
31.412500 0.000005039154
31.437500 0.000003238680
31.462500 0.000003040705
31.487500 0.000002294117
31.512500 0.000002054780
31.537500 0.000001917055
31.562500 0.000001771335
31.587500 0.000001954396
31.612500 0.000001946304
31.637500 0.000002253983
31.662500 0.000003151048
31.687500 0.000002605589
31.712500 0.000004263300
31.737500 0.000002849457
31.762500 0.000003127290
31.787500 0.000001798468
31.812500 0.000002101020
31.837500 0.000001392740
31.862500 0.000001639430
31.887500 0.000001472989
31.912500 0.000001382359
31.937500 0.000001370906
31.962500 0.000001306708
31.987500 0.000001329645
32.012500 0.000001270861
32.037500 0.000001282879
32.062500 0.000001235483
32.087500 0.000001251774
32.112500 0.000001247400
32.137500 0.000001237415
32.162500 0.000001242089
32.187500 0.000001224291
32.212500 0.000001226858
32.237500 0.000001179799
32.262500 0.000001209475
32.287500 0.000001184101
32.312500 0.000001179576
32.337500 0.000001195979
32.362500 0.000001189868
32.387500 0.000001189261
32.412500 0.000001188592
32.437500 0.000001179449
32.462500 0.000001181538
32.487500 0.000001200222
32.512500 0.000001164071
32.537500 0.000001180359
32.562500 0.000001190977
32.587500 0.000001176101
32.612500 0.000001202296
32.637500 0.000001177464
32.662500 0.000001238281
32.687500 0.000001241272
32.712500 0.000001308034
32.737500 0.000001234336
32.762500 0.000001382631
32.787500 0.000001297388
32.812500 0.000001254473
32.837500 0.000001239156
32.862500 0.000001244392
32.887500 0.000001204786
32.912500 0.000001222055
32.937500 0.000001197477
32.962500 0.000001241019
32.987500 0.000001251369
33.012500 0.000001188525
33.037500 0.000001274091
33.062500 0.000001316155
33.087500 0.000001202439
33.112500 0.000001403408
33.137500 0.000001762814
33.162500 0.000001187018
33.187500 0.000002184806
33.212500 0.000001794845
33.237500 0.000001248167
33.262500 0.000001348615
33.287500 0.000001328763
33.312500 0.000001251846
33.337500 0.000001351067
33.362500 0.000001234444
33.387500 0.000001277381
33.412500 0.000001346677
33.437500 0.000001358440
33.462500 0.000001331299
33.487500 0.000001381760
33.512500 0.000001338671
33.537500 0.000001396960
33.562501 0.000001955694
33.587501 0.000001315898
33.612501 0.000002269529
33.637501 0.000002134263
33.662501 0.000001474894
33.687501 0.000002219866
33.712501 0.000001668572
33.737501 0.000001580378
33.762501 0.000001289740
33.787501 0.000001225295
33.812501 0.000001154891
33.837501 0.000001334880
33.862501 0.000001181225
33.887501 0.000001172050
33.912501 0.000001141879
33.937501 0.000001136450
33.962501 0.000001153752
33.987501 0.000001150504
34.012501 0.000001137205
34.037501 0.000001177466
34.062501 0.000001183715
34.087501 0.000001181805
34.112501 0.000001144255
34.137501 0.000001179992
34.162501 0.000001117825
34.187501 0.000001213165
34.212501 0.000001162893
34.237501 0.000001125558
34.262501 0.000001147304
34.287501 0.000001175879
34.312501 0.000001167410
34.337501 0.000001095978
34.362501 0.000001173589
34.387501 0.000001204227
34.412501 0.000001207387
34.437501 0.000001135756
34.462501 0.000001205432
34.487501 0.000001105798
34.512501 0.000001221610
34.537501 0.000001231464
34.562501 0.000001210066
34.587501 0.000001068302
34.612501 0.000001258271
34.637501 0.000001275619
34.662501 0.000001144964
34.687501 0.000001296023
34.712501 0.000001151701
34.737501 0.000001372138
34.762501 0.000001412884
34.787501 0.000001335239
34.812501 0.000001136629
34.837501 0.000001468633
34.862501 0.000001466079
34.887501 0.000001516874
34.912501 0.000001168544
34.937501 0.000001158656
34.962501 0.000001711375
34.987501 0.000001806326
35.012501 0.000001572529
35.037501 0.000001194953
35.062501 0.000002056153
35.087501 0.000001932684
35.112501 0.000002262419
35.137501 0.000001236340
35.162501 0.000001279020
35.187501 0.000003025080
35.212501 0.000004629822
35.237501 0.000001329281
35.262501 0.000001411705
35.287501 0.000001455281
35.312501 0.000005801565
35.337501 0.000010614400
35.362501 0.000002454060
35.387501 0.000002814208
35.412501 0.000024121279
35.437501 0.000043729803
35.462501 0.000002673536
35.487501 0.000001972537
35.512501 0.000001312750
35.537501 0.000001423681
35.562501 0.000001562073
35.587501 0.000001624172
35.612501 0.000001594780
35.637501 0.000001498183
35.662501 0.000001877428
35.687501 0.000003843638
35.712501 0.000001652760
35.737501 0.000004953560
35.762501 0.000002481213
35.787501 0.000002478626
35.812501 0.000001757695
35.837501 0.000001198843
35.862501 0.000001158933
35.887501 0.000001304042
35.912501 0.000001138151
35.937501 0.000001128413
35.962501 0.000001126275
35.987501 0.000001138536
36.012501 0.000001095718
36.037501 0.000001073711
36.062501 0.000001070198
36.087501 0.000001076174
36.112501 0.000001075365
36.137501 0.000001038261
36.162501 0.000001070628
36.187501 0.000001072363
36.212501 0.000001062100
36.237501 0.000001042240
36.262501 0.000001078144
36.287501 0.000001056553
36.312501 0.000001070898
36.337501 0.000001040803
36.362501 0.000001069689
36.387501 0.000001055787
36.412501 0.000001034897
36.437501 0.000001030384
36.462501 0.000001011674
36.487501 0.000001064814
36.512501 0.000001004922
36.537501 0.000001049482
36.562501 0.000001015851
36.587501 0.000001052251
36.612501 0.000001111409
36.637501 0.000001043357
36.662501 0.000001213015
36.687501 0.000001103806
36.712501 0.000001077097
36.737501 0.000001031313
36.762501 0.000001000793
36.787501 0.000000996284
36.812501 0.000000966691
36.837501 0.000000975632
36.862501 0.000000986265
36.887501 0.000000990020
36.912501 0.000000995903
36.937501 0.000000965837
36.962501 0.000000978268
36.987501 0.000001000001
37.012501 0.000001018920
37.037501 0.000001062535
37.062501 0.000000986055
37.087501 0.000001024972
37.112501 0.000001007169
37.137501 0.000000954041
37.162501 0.000000945677
37.187501 0.000000990849
37.212501 0.000000993471
37.237501 0.000000916432
37.262501 0.000000965782
37.287501 0.000000897590
37.312501 0.000001024295
37.337501 0.000001005311
37.362501 0.000000970407
37.387501 0.000000917369
37.412501 0.000001177993
37.437501 0.000001233755
37.462501 0.000001057075
37.487501 0.000001003853
37.512501 0.000001785267
37.537501 0.000002439727
37.562501 0.000001423552
37.587501 0.000001454629
37.612501 0.000002353103
37.637501 0.000001483385
37.662501 0.000000822599
37.687501 0.000000863125
37.712501 0.000000897253
37.737501 0.000000814808
37.762501 0.000000811245
37.787501 0.000000810805
37.812501 0.000000781187
37.837501 0.000000783974
37.862501 0.000000772636
37.887501 0.000000766279
37.912501 0.000000765702
37.937501 0.000000762237
37.962501 0.000000748665
37.987501 0.000000749789
38.012501 0.000000764538
38.037501 0.000000733393
38.062501 0.000000749401
38.087501 0.000000734374
38.112501 0.000000746941
38.137501 0.000000719886
38.162501 0.000000773764
38.187501 0.000000709728
38.212501 0.000000907536
38.237501 0.000000691361
38.262501 0.000001083135
38.287501 0.000000849366
38.312501 0.000000794364
38.337501 0.000000749657
38.362501 0.000000656073
38.387501 0.000000700886
38.412501 0.000000672542
38.437501 0.000000665381
38.462501 0.000000680939
38.487501 0.000000642431
38.512501 0.000000641119
38.537501 0.000000618231
38.562501 0.000000621675
38.587501 0.000000609802
38.612501 0.000000657511
38.637501 0.000000600339
38.662501 0.000000688678
38.687501 0.000000654080
38.712501 0.000000589791
38.737501 0.000000602555
38.762501 0.000000580185
38.787501 0.000000571442
38.812501 0.000000548509
38.837501 0.000000573001
38.862501 0.000000540766
38.887501 0.000000581873
38.912501 0.000000545829
38.937501 0.000000568247
38.962501 0.000000539072
38.987501 0.000000537444
39.012501 0.000000522018
39.037501 0.000000534169
39.062501 0.000000513243
39.087501 0.000000531283
39.112501 0.000000509593
39.137501 0.000000508973
39.162501 0.000000498699
39.187501 0.000000493305
39.212501 0.000000497771
39.237501 0.000000496841
39.262501 0.000000484496
39.287501 0.000000509188
39.312501 0.000000460900
39.337501 0.000000500189
39.362501 0.000000445599
39.387501 0.000000468646
39.412501 0.000000432095
39.437501 0.000000442082
39.462501 0.000000424854
39.487501 0.000000473825
39.512501 0.000000424071
39.537501 0.000000472567
39.562501 0.000000434653
39.587501 0.000000437482
39.612501 0.000000422993
39.637501 0.000000429922
39.662501 0.000000415888
39.687501 0.000000402200
39.712501 0.000000408227
39.737501 0.000000393019
39.762501 0.000000408201
39.787501 0.000000393663
39.812501 0.000000417753
39.837501 0.000000390393
39.862501 0.000000396514
39.887501 0.000000364831
39.912501 0.000000380272
39.937501 0.000000366058
39.962501 0.000000363480
39.987501 0.000000357764
