0.000000000000000000e+00 2.556290893867262057e+05
8.749999999999999445e-02 2.142122731365805375e+05
1.125000000000000028e-01 1.510343222281077760e+05
1.375000000000000111e-01 9.039296749094830011e+04
1.625000000000000056e-01 4.672873096558490943e+04
1.875000000000000000e-01 2.169794036995791976e+04
2.374999999999999889e-01 9.843411599735301934e+03
2.625000000000000111e-01 4.879123403857699486e+03
2.874999999999999778e-01 2.710576953745354331e+03
3.125000000000000000e-01 1.576016197172675675e+03
3.375000000000000222e-01 9.775314559187237364e+02
3.624999999999999889e-01 7.431318080711682796e+02
3.875000000000000111e-01 6.820194161793327794e+02
4.124999999999999778e-01 6.184932684364945317e+02
4.375000000000000000e-01 4.879256526499191295e+02
4.625000000000000222e-01 3.323820300880237824e+02
4.874999999999999889e-01 2.183849573901519818e+02
5.124999999999999556e-01 1.703093219493920287e+02
5.374999999999999778e-01 1.640742849725338317e+02
5.625000000000000000e-01 1.601141822154622503e+02
5.875000000000000222e-01 1.365090142373518347e+02
6.125000000000000444e-01 9.894412151848200665e+01
6.374999999999999556e-01 6.667044418666787919e+01
6.624999999999999778e-01 5.261137678935468642e+01
6.875000000000000000e-01 5.489665410368630205e+01
7.125000000000000222e-01 6.160366327014867238e+01
7.375000000000000444e-01 6.132153274280005917e+01
7.624999999999999556e-01 5.150380704836629064e+01
7.874999999999999778e-01 3.854535868491875306e+01
8.125000000000000000e-01 3.046540524714013998e+01
8.375000000000000222e-01 2.971310950883257362e+01
8.625000000000000444e-01 3.227072001130910905e+01
8.874999999999999556e-01 3.233294495642033439e+01
9.124999999999999778e-01 2.759408578857771843e+01
9.375000000000000000e-01 2.045818014724381229e+01
9.625000000000000222e-01 1.491748579552679210e+01
9.875000000000000444e-01 1.294193306400255139e+01
1.012499999999999956e+00 1.360359836443587334e+01
1.037500000000000089e+00 1.459592082697676929e+01
1.062500000000000000e+00 1.415822121647942744e+01
1.087499999999999911e+00 1.214603011687204770e+01
1.112500000000000044e+00 9.802803329037176994e+00
1.137499999999999956e+00 8.483489200266326691e+00
1.162500000000000089e+00 8.457061288110871544e+00
1.187500000000000000e+00 8.847110477585721000e+00
1.212499999999999911e+00 8.564884867900637744e+00
1.237500000000000044e+00 7.285513387399396024e+00
1.262499999999999956e+00 5.623076766802117099e+00
1.287500000000000089e+00 4.455769440749776322e+00
1.312500000000000000e+00 4.173918084667215922e+00
1.337499999999999911e+00 4.517873678328929721e+00
1.362500000000000044e+00 4.909722188791947772e+00
1.387499999999999956e+00 4.867844555182209376e+00
1.412500000000000089e+00 4.321218804159334681e+00
1.437500000000000000e+00 3.644191901564019176e+00
1.462499999999999911e+00 3.299145119021844597e+00
1.487500000000000044e+00 3.393135115668808766e+00
1.512499999999999956e+00 3.610099585779033227e+00
1.537500000000000089e+00 3.542727354126335992e+00
1.562500000000000000e+00 3.071572922233736680e+00
1.587499999999999911e+00 2.435453198185033141e+00
1.612500000000000044e+00 1.967906921232112527e+00
1.637499999999999956e+00 1.820486427926678363e+00
1.662500000000000089e+00 1.921646822337969684e+00
1.687500000000000000e+00 2.088570285954428396e+00
1.712499999999999911e+00 2.140718596701471910e+00
1.737500000000000044e+00 2.006058214430183284e+00
1.762499999999999956e+00 1.767796274720002891e+00
1.787500000000000089e+00 1.578155150531957762e+00
1.812500000000000000e+00 1.517866401220770989e+00
1.837499999999999911e+00 1.541836144235204653e+00
1.862500000000000044e+00 1.534549097775568471e+00
1.887499999999999956e+00 1.419390972485502722e+00
1.912500000000000089e+00 1.219986002783889800e+00
1.937500000000000000e+00 1.022345155734120326e+00
1.962499999999999911e+00 9.043193446246946543e-01
1.987500000000000044e+00 8.959639420743310545e-01
2.012500000000000178e+00 9.611852169716665895e-01
2.037500000000000089e+00 1.014401759103708223e+00
2.062500000000000000e+00 9.935894828570319692e-01
2.087499999999999911e+00 9.160184242924269693e-01
2.112499999999999822e+00 8.459936196194256519e-01
2.137500000000000178e+00 8.241415976548359668e-01
2.162500000000000089e+00 8.365806304972243090e-01
2.187500000000000000e+00 8.348740605198785580e-01
2.212499999999999911e+00 7.829119866097175029e-01
2.237499999999999822e+00 6.879584837587964241e-01
2.262500000000000178e+00 5.895003558391253007e-01
2.287500000000000089e+00 5.310909992033039373e-01
2.312500000000000000e+00 5.377748906829977749e-01
2.337499999999999911e+00 5.942580503170311612e-01
2.362499999999999822e+00 6.440762432059269349e-01
2.387500000000000178e+00 6.341125902734144892e-01
2.412500000000000089e+00 5.654906373334641634e-01
2.437500000000000000e+00 4.913664617419033487e-01
2.462499999999999911e+00 4.648153623652405142e-01
2.487499999999999822e+00 4.900732608599257523e-01
2.512500000000000178e+00 5.211286166138064946e-01
2.537500000000000089e+00 5.075636805848516842e-01
2.562500000000000000e+00 4.405786300513405140e-01
2.587499999999999911e+00 3.572468610977816983e-01
2.612499999999999822e+00 3.085425272436743693e-01
2.637500000000000178e+00 3.210366965222026803e-01
2.662500000000000089e+00 3.767974905349791848e-01
2.687500000000000000e+00 4.266175000820951468e-01
2.712499999999999911e+00 4.307771103976289484e-01
2.737499999999999822e+00 3.915394137104513672e-01
2.762500000000000178e+00 3.468816932221895355e-01
2.787500000000000089e+00 3.337533767621307934e-01
2.812500000000000000e+00 3.553678939096707179e-01
2.837499999999999911e+00 3.803022501207554140e-01
2.862499999999999822e+00 3.736714797226224349e-01
2.887500000000000178e+00 3.289578871824765383e-01
2.912500000000000089e+00 2.718183406748644337e-01
2.937500000000000000e+00 2.383780254823742728e-01
2.962499999999999911e+00 2.477392259645413708e-01
2.987499999999999822e+00 2.863595627215737571e-01
3.012500000000000178e+00 3.169907200306950612e-01
3.037500000000000089e+00 3.106481452414390221e-01
3.062500000000000000e+00 2.733920000948161233e-01
3.087499999999999911e+00 2.394280668242887711e-01
3.112499999999999822e+00 2.374882498508492923e-01
3.137500000000000178e+00 2.647846779849158949e-01
3.162500000000000089e+00 2.914064178274954342e-01
3.187500000000000000e+00 2.894905604100619367e-01
3.212499999999999911e+00 2.586724546642336087e-01
3.237499999999999822e+00 2.243215559226149902e-01
3.262500000000000178e+00 2.137749979649747611e-01
3.287500000000000089e+00 2.341355162376855259e-01
3.312500000000000000e+00 2.672609618183566238e-01
3.337499999999999911e+00 2.841606220455700216e-01
3.362499999999999822e+00 2.696763508832829004e-01
3.387500000000000178e+00 2.359175064474059724e-01
3.412500000000000089e+00 2.100797839228931430e-01
3.437500000000000000e+00 2.094965775432132138e-01
3.462499999999999911e+00 2.281340309651399001e-01
3.487499999999999822e+00 2.439886766247839067e-01
3.512500000000000178e+00 2.392480407061901293e-01
3.537500000000000089e+00 2.153840459601625845e-01
3.562500000000000000e+00 1.903668627791649803e-01
3.587499999999999911e+00 1.826166242469949852e-01
3.612499999999999822e+00 1.964963152203311747e-01
3.637500000000000178e+00 2.192238798660387511e-01
3.662500000000000089e+00 2.311595560226812895e-01
3.687500000000000000e+00 2.231459224765610927e-01
3.712499999999999911e+00 2.052243093391556417e-01
3.737499999999999822e+00 1.965888495130658220e-01
3.762500000000000178e+00 2.067968308933507970e-01
3.787500000000000089e+00 2.268383848310303319e-01
3.812500000000000000e+00 2.377733972569686660e-01
3.837499999999999911e+00 2.286780657578284248e-01
3.862499999999999822e+00 2.064620096629375123e-01
3.887500000000000178e+00 1.883195529139239655e-01
3.912500000000000089e+00 1.864124762410142022e-01
3.937500000000000000e+00 1.994194322867543501e-01
3.962499999999999911e+00 2.152330483855576237e-01
3.987499999999999822e+00 2.209206148304072026e-01
4.012500000000000178e+00 2.131018440452733254e-01
4.037499999999999645e+00 2.003661013906957722e-01
4.062500000000000000e+00 1.952054651595057366e-01
4.087500000000000355e+00 2.028051089418878572e-01
4.112499999999999822e+00 2.165130102907718568e-01
4.137500000000000178e+00 2.237025429589497572e-01
4.162499999999999645e+00 2.173512911286129556e-01
4.187500000000000000e+00 2.023540105935532907e-01
4.212500000000000355e+00 1.904948704105500767e-01
4.237499999999999822e+00 1.901328365400516696e-01
4.262500000000000178e+00 2.001468953989172239e-01
4.287499999999999645e+00 2.115890830933081501e-01
4.312500000000000000e+00 2.152227379991697442e-01
4.337500000000000355e+00 2.095109446215925597e-01
4.362499999999999822e+00 2.016882994591632783e-01
4.387500000000000178e+00 2.005244972987947072e-01
4.412499999999999645e+00 2.081192599691381040e-01
4.437500000000000000e+00 2.186422208412762969e-01
4.462500000000000355e+00 2.243340384987817515e-01
4.487499999999999822e+00 2.225724551192462819e-01
4.512500000000000178e+00 2.173327209049130959e-01
4.537499999999999645e+00 2.146397041572285502e-01
4.562500000000000000e+00 2.173559155320807235e-01
4.587500000000000355e+00 2.234729184789703837e-01
4.612499999999999822e+00 2.278989707694796252e-01
4.637500000000000178e+00 2.261897105777872508e-01
4.662499999999999645e+00 2.182444481141330161e-01
4.687500000000000000e+00 2.089470346636062570e-01
4.712500000000000355e+00 2.043379951217340618e-01
4.737499999999999822e+00 2.064173300188075211e-01
4.762500000000000178e+00 2.115699756011314436e-01
4.787499999999999645e+00 2.141973586785250738e-01
4.812500000000000000e+00 2.119685231274688886e-01
4.837500000000000355e+00 2.074243421171735879e-01
4.862499999999999822e+00 2.048360943922407917e-01
4.887500000000000178e+00 2.063081836036909644e-01
4.912499999999999645e+00 2.107573071417052912e-01
4.937500000000000000e+00 2.155314426963941266e-01
4.962500000000000355e+00 2.186357759255537769e-01
4.987499999999999822e+00 2.201916066871062450e-01
5.012500000000000178e+00 2.222143947892219473e-01
5.037499999999999645e+00 2.265603761434002439e-01
5.062500000000000000e+00 2.328495798170422959e-01
5.087500000000000355e+00 2.385497287059223370e-01
5.112499999999999822e+00 2.411123788062857209e-01
5.137500000000000178e+00 2.401048929364412721e-01
5.162499999999999645e+00 2.374064959841695188e-01
5.187500000000000000e+00 2.354523105251006276e-01
5.212500000000000355e+00 2.354832634295281335e-01
5.237499999999999822e+00 2.372404876598692425e-01
5.262500000000000178e+00 2.395734977777243535e-01
5.287499999999999645e+00 2.412162072545314118e-01
5.312500000000000000e+00 2.417518311783523055e-01
5.337500000000000355e+00 2.420105292550940035e-01
5.362499999999999822e+00 2.431578433835628328e-01
5.387500000000000178e+00 2.454841849144693833e-01
5.412499999999999645e+00 2.482061182692512358e-01
5.437500000000000000e+00 2.502393640135495700e-01
5.462500000000000355e+00 2.512354700557243858e-01
5.487499999999999822e+00 2.518834067641749774e-01
5.512500000000000178e+00 2.530425029187106101e-01
5.537499999999999645e+00 2.548413635927900267e-01
5.562500000000000000e+00 2.568387595051302985e-01
5.587500000000000355e+00 2.585831492875388937e-01
5.612499999999999822e+00 2.597822514824046358e-01
5.637500000000000178e+00 2.604389590793627085e-01
5.662499999999999645e+00 2.610559130922914806e-01
5.687500000000000000e+00 2.624141785081541278e-01
5.712500000000000355e+00 2.649572869150331189e-01
5.737499999999999822e+00 2.682545719650180072e-01
5.762500000000000178e+00 2.710735068540294224e-01
5.787499999999999645e+00 2.723647217606572357e-01
5.812500000000000000e+00 2.722244733180335108e-01
5.837500000000000355e+00 2.717609998329162391e-01
5.862499999999999822e+00 2.722378207226763824e-01
5.887500000000000178e+00 2.743209295719065688e-01
5.912499999999999645e+00 2.775643476205773008e-01
5.937500000000000000e+00 2.805123644172102249e-01
5.962500000000000355e+00 2.817968534526396618e-01
5.987499999999999822e+00 2.813601837851268384e-01
6.012500000000000178e+00 2.805258795762746171e-01
6.037499999999999645e+00 2.808203427224516546e-01
6.062500000000000000e+00 2.826322918220572911e-01
6.087500000000000355e+00 2.849513732029966828e-01
6.112499999999999822e+00 2.864137475582710368e-01
6.137500000000000178e+00 2.864325723593465489e-01
6.162499999999999645e+00 2.853962891115926492e-01
6.187500000000000000e+00 2.842955723489905551e-01
6.212500000000000355e+00 2.842767659686044057e-01
6.237499999999999822e+00 2.860516530294225368e-01
6.262500000000000178e+00 2.894219400199490311e-01
6.287499999999999645e+00 2.935353571665730854e-01
6.312500000000000000e+00 2.977144903054138592e-01
6.337500000000000355e+00 3.019804225649732055e-01
6.362499999999999822e+00 3.067654815592950612e-01
6.387500000000000178e+00 3.122102549574347075e-01
6.412499999999999645e+00 3.178164452955725139e-01
6.437500000000000000e+00 3.227770200113171395e-01
6.462500000000000355e+00 3.266095757931274379e-01
6.487499999999999822e+00 3.295404514550427932e-01
6.512500000000000178e+00 3.323032646882909669e-01
6.537499999999999645e+00 3.353999124337261328e-01
6.562500000000000000e+00 3.384656349605633108e-01
6.587500000000000355e+00 3.405286506402506186e-01
6.612499999999999822e+00 3.410173633244211189e-01
6.637500000000000178e+00 3.404532047050923826e-01
6.662499999999999645e+00 3.401775921523980672e-01
6.687500000000000000e+00 3.415604341664760235e-01
6.712500000000000355e+00 3.454339754309843635e-01
6.737499999999999822e+00 3.519791274608821685e-01
6.762500000000000178e+00 3.609648902863445419e-01
6.787499999999999645e+00 3.721097887624697509e-01
6.812500000000000000e+00 3.857180216866018529e-01
6.837500000000000355e+00 4.033873033262066476e-01
6.862499999999999822e+00 4.274342925069067878e-01
6.887500000000000178e+00 4.587479902084977135e-01
6.912499999999999645e+00 4.953008905445585031e-01
6.937500000000000000e+00 5.334989610053174625e-01
6.962500000000000355e+00 5.704383864095879941e-01
6.987499999999999822e+00 6.037390878666183403e-01
7.012500000000000178e+00 6.284961887319637786e-01
7.037499999999999645e+00 6.355252078734193733e-01
7.062500000000000000e+00 6.164176863085409908e-01
7.087500000000000355e+00 5.727947747259596323e-01
7.112499999999999822e+00 5.182567432146933939e-01
7.137500000000000178e+00 4.693102989319678509e-01
7.162499999999999645e+00 4.355386886208841846e-01
7.187500000000000000e+00 4.174603615278184021e-01
7.212500000000000355e+00 4.099031687325090934e-01
7.237499999999999822e+00 4.062530033535325380e-01
7.262500000000000178e+00 4.020370292003927482e-01
7.287499999999999645e+00 3.965805512416179512e-01
7.312500000000000000e+00 3.916564505712396560e-01
7.337500000000000355e+00 3.889202341071441582e-01
7.362499999999999822e+00 3.884840270412591168e-01
7.387500000000000178e+00 3.893088355666539657e-01
7.412499999999999645e+00 3.904108708729462363e-01
7.437500000000000000e+00 3.916071390482952497e-01
7.462500000000000355e+00 3.932446537690257315e-01
7.487499999999999822e+00 3.955890336665071616e-01
7.512500000000000178e+00 3.985623533210531089e-01
7.537499999999999645e+00 4.018481894648715524e-01
7.562500000000000000e+00 4.051676136697435204e-01
7.587500000000000355e+00 4.085518758299461206e-01
7.612499999999999822e+00 4.123537401847013895e-01
7.637500000000000178e+00 4.169518860102867652e-01
7.662499999999999645e+00 4.222295772433971583e-01
7.687500000000000000e+00 4.270721630060085316e-01
7.712500000000000355e+00 4.296548509095787782e-01
7.737499999999999822e+00 4.288399509149207756e-01
7.762500000000000178e+00 4.253131604999033089e-01
7.787499999999999645e+00 4.210956798621191544e-01
7.812500000000000000e+00 4.181134952772613822e-01
7.837500000000000355e+00 4.172990002542353860e-01
7.862499999999999822e+00 4.185613229593474482e-01
7.887500000000000178e+00 4.211806276292225371e-01
7.912499999999999645e+00 4.242837628507192260e-01
7.937500000000000000e+00 4.271984562246742279e-01
7.962500000000000355e+00 4.296216858467436506e-01
7.987499999999999822e+00 4.316406260308748299e-01
8.012499999999999289e+00 4.335435506397601890e-01
8.037499999999999645e+00 4.354804731500770409e-01
8.062500000000000000e+00 4.373134419382537219e-01
8.087500000000000355e+00 4.388707266956493047e-01
8.112500000000000711e+00 4.402850449619981621e-01
8.137499999999999289e+00 4.418858263015225107e-01
8.162499999999999645e+00 4.436773072791109218e-01
8.187500000000000000e+00 4.451016222850013859e-01
8.212500000000000355e+00 4.454972243339683224e-01
8.237500000000000711e+00 4.447881429022673139e-01
8.262499999999999289e+00 4.436557860166121525e-01
8.287499999999999645e+00 4.430535402343128704e-01
8.312500000000000000e+00 4.435462477837803230e-01
8.337500000000000355e+00 4.450249520526285973e-01
8.362500000000000711e+00 4.469578811523842732e-01
8.387499999999999289e+00 4.489551244704940713e-01
8.412499999999999645e+00 4.511616448232930177e-01
8.437500000000000000e+00 4.541112400943002614e-01
8.462500000000000355e+00 4.581197552125819139e-01
8.487500000000000711e+00 4.627643811400858898e-01
8.512499999999999289e+00 4.669967110194582771e-01
8.537499999999999645e+00 4.698913298768246927e-01
8.562500000000000000e+00 4.713794337398127254e-01
8.587500000000000355e+00 4.722573904470075412e-01
8.612500000000000711e+00 4.734651944287010528e-01
8.637499999999999289e+00 4.753752980275360307e-01
8.662499999999999645e+00 4.777221264080488417e-01
8.687500000000000000e+00 4.800458999188746967e-01
8.712500000000000355e+00 4.821032526104009897e-01
8.737500000000000711e+00 4.839321223873587208e-01
8.762499999999999289e+00 4.856586089978096599e-01
8.787499999999999645e+00 4.872763302007708242e-01
8.812500000000000000e+00 4.885865161953105718e-01
8.837500000000000355e+00 4.893919956781317970e-01
8.862500000000000711e+00 4.897675511630359413e-01
8.887499999999999289e+00 4.901170885960175472e-01
8.912499999999999645e+00 4.908759438883473214e-01
8.937500000000000000e+00 4.921359057624949962e-01
8.962500000000000355e+00 4.936460546371344571e-01
8.987500000000000711e+00 4.952678471664815896e-01
9.012499999999999289e+00 4.972718198637928744e-01
9.037499999999999645e+00 4.999916145113073584e-01
9.062500000000000000e+00 5.032828835418334812e-01
9.087500000000000355e+00 5.065664135290758319e-01
9.112500000000000711e+00 5.093726514714234099e-01
9.137499999999999289e+00 5.116635564070752817e-01
9.162499999999999645e+00 5.137166747593140403e-01
9.187500000000000000e+00 5.159093640989772522e-01
9.212500000000000355e+00 5.186287667154712011e-01
9.237500000000000711e+00 5.222200423841707462e-01
9.262499999999999289e+00 5.269744464909752457e-01
9.287499999999999645e+00 5.332084909242127413e-01
9.312500000000000000e+00 5.412523914581038875e-01
9.337500000000000355e+00 5.512244566170720894e-01
9.362500000000000711e+00 5.627067591143894987e-01
9.387499999999999289e+00 5.743572014102137357e-01
9.412499999999999645e+00 5.836501061693628589e-01
9.437500000000000000e+00 5.877400106189578644e-01
9.462500000000000355e+00 5.855790100170271684e-01
9.487500000000000711e+00 5.790197462821593533e-01
9.512499999999999289e+00 5.712884181244822779e-01
9.537499999999999645e+00 5.647706364878416485e-01
9.562500000000000000e+00 5.604080526627952530e-01
9.587500000000000355e+00 5.581809482265944755e-01
9.612500000000000711e+00 5.574412172728757664e-01
9.637499999999999289e+00 5.571623459490930852e-01
9.662499999999999645e+00 5.564219933652416739e-01
9.687500000000000000e+00 5.548259438182503445e-01
9.712500000000000355e+00 5.525495857908605535e-01
9.737500000000000711e+00 5.500761026680099919e-01
9.762499999999999289e+00 5.479314251693334636e-01
9.787499999999999645e+00 5.465561393396086709e-01
9.812500000000000000e+00 5.462045213172631586e-01
9.837500000000000355e+00 5.468342332927794702e-01
9.862500000000000711e+00 5.481170964068944329e-01
9.887499999999999289e+00 5.495963516892953260e-01
9.912499999999999645e+00 5.509242347701868159e-01
9.937500000000000000e+00 5.521286439343393582e-01
9.962500000000000355e+00 5.536647268794603338e-01
9.987500000000000711e+00 5.560099912840864578e-01
1.001249999999999929e+01 5.590890208285620444e-01
1.003749999999999964e+01 5.621973090419292163e-01
1.006250000000000000e+01 5.648034410245303949e-01
1.008750000000000036e+01 5.677882889026149016e-01
1.011250000000000071e+01 5.738983267024669876e-01
1.013749999999999929e+01 5.863363629191444826e-01
1.016249999999999964e+01 6.060969819290864535e-01
1.018750000000000000e+01 6.306249302052262529e-01
1.021250000000000036e+01 6.554138756346910011e-01
1.023750000000000071e+01 6.763245107236324216e-01
1.026249999999999929e+01 6.896845503357705853e-01
1.028749999999999964e+01 6.920004486392766774e-01
1.031250000000000000e+01 6.823489479599492702e-01
1.033750000000000036e+01 6.644853095502201157e-01
1.036250000000000071e+01 6.445252999824744311e-01
1.038749999999999929e+01 6.269990011835999688e-01
1.041249999999999964e+01 6.138565177882122637e-01
1.043750000000000000e+01 6.056362254915685917e-01
1.046250000000000036e+01 6.021642959017130536e-01
1.048750000000000071e+01 6.026094775577547358e-01
1.051249999999999929e+01 6.056919394988842242e-01
1.053749999999999964e+01 6.099547984693365343e-01
1.056250000000000000e+01 6.140081749604514583e-01
1.058750000000000036e+01 6.168836441898948308e-01
1.061250000000000071e+01 6.182790047475943407e-01
1.063749999999999929e+01 6.184368332218304065e-01
1.066249999999999964e+01 6.178650946311131653e-01
1.068750000000000000e+01 6.171868950731389525e-01
1.071250000000000036e+01 6.170101612195819651e-01
1.073750000000000071e+01 6.176677417391532865e-01
1.076249999999999929e+01 6.190249923375782393e-01
1.078749999999999964e+01 6.205772102627868936e-01
1.081250000000000000e+01 6.217460074377257895e-01
1.083750000000000036e+01 6.221893567494514166e-01
1.086250000000000071e+01 6.219320755002755163e-01
1.088749999999999929e+01 6.211954973834505900e-01
1.091249999999999964e+01 6.201492934023224990e-01
1.093750000000000000e+01 6.188518454413706182e-01
1.096250000000000036e+01 6.174020714500121354e-01
1.098750000000000071e+01 6.161114138688348341e-01
1.101249999999999929e+01 6.155965414849551287e-01
1.103749999999999964e+01 6.165999220727278463e-01
1.106250000000000000e+01 6.195000826682972583e-01
1.108750000000000036e+01 6.239691162435758720e-01
1.111250000000000071e+01 6.291903816077002443e-01
1.113749999999999929e+01 6.344955366788038731e-01
1.116249999999999964e+01 6.398835033904284320e-01
1.118750000000000000e+01 6.459211223190725049e-01
1.121250000000000036e+01 6.530648905605515031e-01
1.123750000000000071e+01 6.610331538500782145e-01
1.126249999999999929e+01 6.687090894615255188e-01
1.128749999999999964e+01 6.745940042877627274e-01
1.131250000000000000e+01 6.775330008553964722e-01
1.133750000000000036e+01 6.772127026416712159e-01
1.136250000000000071e+01 6.740984208325059290e-01
1.138749999999999929e+01 6.691712911534231090e-01
1.141249999999999964e+01 6.638676283273887702e-01
1.143750000000000000e+01 6.599155643165814933e-01
1.146250000000000036e+01 6.587583560463785570e-01
1.148750000000000071e+01 6.609135453441215002e-01
1.151249999999999929e+01 6.657681134551045599e-01
1.153749999999999964e+01 6.719632673216378027e-01
1.156250000000000000e+01 6.779292446242036752e-01
1.158750000000000036e+01 6.821993956308982643e-01
1.161250000000000071e+01 6.839317442664077928e-01
1.163749999999999929e+01 6.836948345071348632e-01
1.166249999999999964e+01 6.833649178716646455e-01
1.168750000000000000e+01 6.846716687733404028e-01
1.171250000000000036e+01 6.876725277058850505e-01
1.173750000000000071e+01 6.906574339965064757e-01
1.176249999999999929e+01 6.917540568082247709e-01
1.178749999999999964e+01 6.908495432482768539e-01
1.181250000000000000e+01 6.898462382652157387e-01
1.183750000000000036e+01 6.911956377425885201e-01
1.186250000000000071e+01 6.966723186453187555e-01
1.188749999999999929e+01 7.073368385819105431e-01
1.191249999999999964e+01 7.237245072139091295e-01
1.193750000000000000e+01 7.456094031668070166e-01
1.196250000000000036e+01 7.714154578555602049e-01
1.198750000000000071e+01 7.974460685643210978e-01
1.201249999999999929e+01 8.177507635550163023e-01
1.203749999999999964e+01 8.261087791589254437e-01
1.206250000000000000e+01 8.201477595735624515e-01
1.208750000000000036e+01 8.041229058348023928e-01
1.211250000000000071e+01 7.863521155444345156e-01
1.213749999999999929e+01 7.734391857457549868e-01
1.216249999999999964e+01 7.676752606690681047e-01
1.218750000000000000e+01 7.689308365645011190e-01
1.221250000000000036e+01 7.765086752176210139e-01
1.223750000000000071e+01 7.904110555941870064e-01
1.226249999999999929e+01 8.144439693498315425e-01
1.228749999999999964e+01 8.598094140889256387e-01
1.231250000000000000e+01 9.463560496798735233e-01
1.233750000000000036e+01 1.098950732420890919e+00
1.236250000000000071e+01 1.342559192418129932e+00
1.238749999999999929e+01 1.697819591979029319e+00
1.241249999999999964e+01 2.163857956153328210e+00
1.243750000000000000e+01 2.688674925137083171e+00
1.246250000000000036e+01 3.174297022798232781e+00
1.248750000000000071e+01 3.531301697322681399e+00
1.251249999999999929e+01 3.710964069181193370e+00
1.253749999999999964e+01 3.693117722676149128e+00
1.256250000000000000e+01 3.496550303816091443e+00
1.258750000000000036e+01 3.198536322937671983e+00
1.261250000000000071e+01 2.893684142272218818e+00
1.263749999999999929e+01 2.632447292582043907e+00
1.266249999999999964e+01 2.409174946735455514e+00
1.268750000000000000e+01 2.190127087898666058e+00
1.271250000000000036e+01 1.953460276479022983e+00
1.273750000000000071e+01 1.710136950004310208e+00
1.276249999999999929e+01 1.482107461667552695e+00
1.278749999999999964e+01 1.276562924467517401e+00
1.281250000000000000e+01 1.096789492131090560e+00
1.283750000000000036e+01 9.569859980384103348e-01
1.286250000000000071e+01 8.697579017393404222e-01
1.288749999999999929e+01 8.300991805655628664e-01
1.291249999999999964e+01 8.187894603902425850e-01
1.293750000000000000e+01 8.156400459909750600e-01
1.296250000000000036e+01 8.091972147300208196e-01
1.298750000000000071e+01 7.989039326314570921e-01
1.301249999999999929e+01 7.897566676181690948e-01
1.303749999999999964e+01 7.859452144698045872e-01
1.306250000000000000e+01 7.890441256809082038e-01
1.308750000000000036e+01 7.992369581016275371e-01
1.311250000000000071e+01 8.158435092795071064e-01
1.313749999999999929e+01 8.360286572054722587e-01
1.316249999999999964e+01 8.553604388944442416e-01
1.318750000000000000e+01 8.742090313419002001e-01
1.321250000000000036e+01 9.059006340957409531e-01
1.323750000000000071e+01 9.775479502427165679e-01
1.326249999999999929e+01 1.119848240062256917e+00
1.328749999999999964e+01 1.350096962648873244e+00
1.331250000000000000e+01 1.660865867795548123e+00
1.333750000000000036e+01 2.022289898253238238e+00
1.336250000000000071e+01 2.383630314604428868e+00
1.338749999999999929e+01 2.664935583354249626e+00
1.341249999999999964e+01 2.773816410093615126e+00
1.343750000000000000e+01 2.666519186909315220e+00
1.346250000000000036e+01 2.387381834899146238e+00
1.348750000000000071e+01 2.030507878439395064e+00
1.351249999999999929e+01 1.677640319809814429e+00
1.353749999999999964e+01 1.380846089648941843e+00
1.356250000000000000e+01 1.172024382902836503e+00
1.358750000000000036e+01 1.062151168809102764e+00
1.361250000000000071e+01 1.037903622733731712e+00
1.363749999999999929e+01 1.074415893410209932e+00
1.366249999999999964e+01 1.154713800931944867e+00
1.368750000000000000e+01 1.274927335563953879e+00
1.371250000000000036e+01 1.429020073298557847e+00
1.373750000000000071e+01 1.589702218486727769e+00
1.376249999999999929e+01 1.711815141399904094e+00
1.378749999999999964e+01 1.762994626870203030e+00
1.381250000000000000e+01 1.754939679795928242e+00
1.383750000000000036e+01 1.738808953820469849e+00
1.386250000000000071e+01 1.768351306385856470e+00
1.388749999999999929e+01 1.874502512934908438e+00
1.391249999999999964e+01 2.067784923254711860e+00
1.393750000000000000e+01 2.338952290698243175e+00
1.396250000000000036e+01 2.647192107325452515e+00
1.398750000000000071e+01 2.922187482823551008e+00
1.401249999999999929e+01 3.089068980626608951e+00
1.403749999999999964e+01 3.096900697381737899e+00
1.406250000000000000e+01 2.936074473482165992e+00
1.408750000000000036e+01 2.647513862652125738e+00
1.411250000000000071e+01 2.315012048547349099e+00
1.413749999999999929e+01 2.029343318972049559e+00
1.416249999999999964e+01 1.847457758806058781e+00
1.418750000000000000e+01 1.780227066405762226e+00
1.421250000000000036e+01 1.802739404684275293e+00
1.423750000000000071e+01 1.865548570902769931e+00
1.426249999999999929e+01 1.916158557150321684e+00
1.428749999999999964e+01 1.931633695226647518e+00
1.431250000000000000e+01 1.927374818820239089e+00
1.433750000000000036e+01 1.931043148535799059e+00
1.436250000000000071e+01 1.956434537026167764e+00
1.438749999999999929e+01 1.997020732885533612e+00
1.441249999999999964e+01 2.027739126812274861e+00
1.443750000000000000e+01 2.016314476059315908e+00
1.446250000000000036e+01 1.949709930649054179e+00
1.448750000000000071e+01 1.853566796656580529e+00
1.451249999999999929e+01 1.777952705983100179e+00
1.453749999999999964e+01 1.762990606858494402e+00
1.456250000000000000e+01 1.816943235643531329e+00
1.458750000000000036e+01 1.917177271335189115e+00
1.461250000000000071e+01 2.025565526808678740e+00
1.463749999999999929e+01 2.109662555112573390e+00
1.466249999999999964e+01 2.160938508339540043e+00
1.468750000000000000e+01 2.196724309075866799e+00
1.471250000000000036e+01 2.240738268233529507e+00
1.473750000000000071e+01 2.296191506724449383e+00
1.476249999999999929e+01 2.333811965003068867e+00
1.478749999999999964e+01 2.308202454584250329e+00
1.481250000000000000e+01 2.190793544103945667e+00
1.483750000000000036e+01 1.990300372212719715e+00
1.486250000000000071e+01 1.744908379213689242e+00
1.488749999999999929e+01 1.500162812733419671e+00
1.491249999999999964e+01 1.293038354074967478e+00
1.493750000000000000e+01 1.146074353102374044e+00
1.496250000000000036e+01 1.065423137069074100e+00
1.498750000000000071e+01 1.044110060255291739e+00
1.501249999999999929e+01 1.070784108284091651e+00
1.503749999999999964e+01 1.135704072616809723e+00
1.506250000000000000e+01 1.227369225117532991e+00
1.508750000000000036e+01 1.325192949206741355e+00
1.511250000000000071e+01 1.399372820398849360e+00
1.513749999999999929e+01 1.421794952608431473e+00
1.516249999999999964e+01 1.380692698551342801e+00
1.518750000000000000e+01 1.287354694719300419e+00
1.521250000000000036e+01 1.169422338574098275e+00
1.523750000000000071e+01 1.056192695630175926e+00
1.526249999999999929e+01 9.662760040613562751e-01
1.528749999999999964e+01 9.043242809023145368e-01
1.531250000000000000e+01 8.661151170325955828e-01
1.533750000000000036e+01 8.456877190439803238e-01
1.536250000000000071e+01 8.390819061873751039e-01
1.538749999999999929e+01 8.444264193170627486e-01
1.541249999999999964e+01 8.601436567972922109e-01
1.543750000000000000e+01 8.822293260609689325e-01
1.546250000000000036e+01 9.028797287923179260e-01
1.548750000000000071e+01 9.139298819137644525e-01
1.551249999999999929e+01 9.131774471723862474e-01
1.553749999999999964e+01 9.063479211298270943e-01
1.556250000000000000e+01 9.014875541256638369e-01
1.558750000000000036e+01 9.021634761343675368e-01
1.561250000000000071e+01 9.067775615020339242e-01
1.563749999999999929e+01 9.126652542735823603e-01
1.566249999999999964e+01 9.179551891427022436e-01
1.568750000000000000e+01 9.191755099631120363e-01
1.571250000000000036e+01 9.106263807484600292e-01
1.573750000000000071e+01 8.892553878708718829e-01
1.576249999999999929e+01 8.589874744315297850e-01
1.578749999999999964e+01 8.280825348261017238e-01
1.581250000000000000e+01 8.029557976667157648e-01
1.583750000000000036e+01 7.854307651022516268e-01
1.586250000000000071e+01 7.743381733203500428e-01
1.588749999999999929e+01 7.678603249371263040e-01
1.591249999999999964e+01 7.645839462547723286e-01
1.593750000000000000e+01 7.636885633839142207e-01
1.596250000000000036e+01 7.648598626101688058e-01
1.598750000000000071e+01 7.681255528575805513e-01
1.601249999999999929e+01 7.736909676396888091e-01
1.603750000000000142e+01 7.817985209946600733e-01
1.606250000000000000e+01 7.925117611255417804e-01
1.608749999999999858e+01 8.052879075392314068e-01
1.611250000000000071e+01 8.185955557396109583e-01
1.613749999999999929e+01 8.300664521613834168e-01
1.616250000000000142e+01 8.375834597089730771e-01
1.618750000000000000e+01 8.407933897617698715e-01
1.621249999999999858e+01 8.414321395560250272e-01
1.623750000000000071e+01 8.417962444474795802e-01
1.626249999999999929e+01 8.428834348984013403e-01
1.628750000000000142e+01 8.439287904200506452e-01
1.631250000000000000e+01 8.431756540952046741e-01
1.633749999999999858e+01 8.388437701570139460e-01
1.636250000000000071e+01 8.300228431330082257e-01
1.638749999999999929e+01 8.174879680016222672e-01
1.641250000000000142e+01 8.037947954167334874e-01
1.643750000000000000e+01 7.921696552246355605e-01
1.646249999999999858e+01 7.849161322250407524e-01
1.648750000000000071e+01 7.825603109493790566e-01
1.651249999999999929e+01 7.842772812193705700e-01
1.653750000000000142e+01 7.887008722505701730e-01
1.656250000000000000e+01 7.941058239076497216e-01
1.658749999999999858e+01 7.985096340848907293e-01
1.661250000000000071e+01 8.006277548079772099e-01
1.663749999999999929e+01 8.006783078195228720e-01
1.666250000000000142e+01 7.997491057583177021e-01
1.668750000000000000e+01 7.988356648316818909e-01
1.671249999999999858e+01 7.988081275076683863e-01
1.673750000000000071e+01 8.004363505335088114e-01
1.676249999999999929e+01 8.037776650913734944e-01
1.678750000000000142e+01 8.080698249020361601e-01
1.681250000000000000e+01 8.125841797952618739e-01
1.683749999999999858e+01 8.169472069389502877e-01
1.686250000000000071e+01 8.202683186257295755e-01
1.688749999999999929e+01 8.207284311576303892e-01
1.691250000000000142e+01 8.168372278743833981e-01
1.693750000000000000e+01 8.088511321039606461e-01
1.696249999999999858e+01 7.986163837169917290e-01
1.698750000000000071e+01 7.883561861168916218e-01
1.701249999999999929e+01 7.797701926635174363e-01
1.703750000000000142e+01 7.737910843822038975e-01
1.706250000000000000e+01 7.705967249782735840e-01
1.708749999999999858e+01 7.696331238288958154e-01
1.711250000000000071e+01 7.697854153784449149e-01
1.713749999999999929e+01 7.698656251570163978e-01
1.716250000000000142e+01 7.691910487782768202e-01
1.718750000000000000e+01 7.678205439074952121e-01
1.721249999999999858e+01 7.663149095695069857e-01
1.723750000000000071e+01 7.652892274326017485e-01
1.726249999999999929e+01 7.650521303711201870e-01
1.728750000000000142e+01 7.654984703675495883e-01
1.731250000000000000e+01 7.662969471240848041e-01
1.733749999999999858e+01 7.671625910864374731e-01
1.736250000000000071e+01 7.679052036670079850e-01
1.738749999999999929e+01 7.682433781999451483e-01
1.741250000000000142e+01 7.677469945393095019e-01
1.743750000000000000e+01 7.661036743488727208e-01
1.746249999999999858e+01 7.634112022623541494e-01
1.748750000000000071e+01 7.601825907500321389e-01
1.751249999999999929e+01 7.571367995490525526e-01
1.753750000000000142e+01 7.549716475208115840e-01
1.756250000000000000e+01 7.541446881935861546e-01
1.758749999999999858e+01 7.547382890790234056e-01
1.761250000000000071e+01 7.565837714459560104e-01
1.763749999999999929e+01 7.595711483339608883e-01
1.766250000000000142e+01 7.637000982588033615e-01
1.768750000000000000e+01 7.685933440833142560e-01
1.771249999999999858e+01 7.730614805957116697e-01
1.773750000000000071e+01 7.755915142511169424e-01
1.776249999999999929e+01 7.754971609954861567e-01
1.778750000000000142e+01 7.733300029079868132e-01
1.781250000000000000e+01 7.701609991579999592e-01
1.783749999999999858e+01 7.669282623883926231e-01
1.786250000000000071e+01 7.645938122885141963e-01
1.788749999999999929e+01 7.645995485199539310e-01
1.791250000000000142e+01 7.686901774863736936e-01
1.793750000000000000e+01 7.779252617390816082e-01
1.796249999999999858e+01 7.919100081829543170e-01
1.798750000000000071e+01 8.106881900782513251e-01
1.801249999999999929e+01 8.386053235560990693e-01
1.803750000000000142e+01 8.853602545484122732e-01
1.806250000000000000e+01 9.624626092278296685e-01
1.808749999999999858e+01 1.077734621973747142e+00
1.811250000000000071e+01 1.230989544449086148e+00
1.813749999999999929e+01 1.411343030394750953e+00
1.816250000000000142e+01 1.595210480254729779e+00
1.818750000000000000e+01 1.742609705258211017e+00
1.821249999999999858e+01 1.801325807001804780e+00
1.823750000000000071e+01 1.735292523499789130e+00
1.826249999999999929e+01 1.559984762863835250e+00
1.828750000000000142e+01 1.339360088715915387e+00
1.831250000000000000e+01 1.140792835689503182e+00
1.833749999999999858e+01 9.973487109728303990e-01
1.836250000000000071e+01 9.080530730981437593e-01
1.838749999999999929e+01 8.576311997729193504e-01
1.841250000000000142e+01 8.302518978369999303e-01
1.843750000000000000e+01 8.145817345199386494e-01
1.846249999999999858e+01 8.048774120093900031e-01
1.848750000000000071e+01 7.986218777574070060e-01
1.851249999999999929e+01 7.935156772122546887e-01
1.853750000000000142e+01 7.871582161422728818e-01
1.856250000000000000e+01 7.787656797413418097e-01
1.858749999999999858e+01 7.694855716228833353e-01
1.861250000000000071e+01 7.611240492299020666e-01
1.863749999999999929e+01 7.548237293729457287e-01
1.866250000000000142e+01 7.506308356019288919e-01
1.868750000000000000e+01 7.479072232850598745e-01
1.871249999999999858e+01 7.461379665737324363e-01
1.873750000000000071e+01 7.452655798632615847e-01
1.876249999999999929e+01 7.453694240092680889e-01
1.878750000000000142e+01 7.463626620550023461e-01
1.881250000000000000e+01 7.480519755587246022e-01
1.883749999999999858e+01 7.501681561665696218e-01
1.886250000000000071e+01 7.523240311134251623e-01
1.888749999999999929e+01 7.542054731267586742e-01
1.891250000000000142e+01 7.559363606163487237e-01
1.893750000000000000e+01 7.582651924558088119e-01
1.896249999999999858e+01 7.623493323830307089e-01
1.898750000000000071e+01 7.693287084954983923e-01
1.901249999999999929e+01 7.804512406887424980e-01
1.903750000000000142e+01 7.984688795001074757e-01
1.906250000000000000e+01 8.294728161182644000e-01
1.908749999999999858e+01 8.830498886316673346e-01
1.911250000000000071e+01 9.689314742677170855e-01
1.913749999999999929e+01 1.089908643440173019e+00
1.916250000000000142e+01 1.233640570917954093e+00
1.918750000000000000e+01 1.370717074744568276e+00
1.921249999999999858e+01 1.465755296310760514e+00
1.923750000000000071e+01 1.495953409860770078e+00
1.926249999999999929e+01 1.460821707490961074e+00
1.928750000000000142e+01 1.375565252717905196e+00
1.931250000000000000e+01 1.259304089250552927e+00
1.933749999999999858e+01 1.131149868765471078e+00
1.936250000000000071e+01 1.011100330767000344e+00
1.938749999999999929e+01 9.160294942407646301e-01
1.941250000000000142e+01 8.525518069322086667e-01
1.943750000000000000e+01 8.159194364461526128e-01
1.946249999999999858e+01 7.963063021201903791e-01
1.948750000000000071e+01 7.853396735776183579e-01
1.951249999999999929e+01 7.778863294266890049e-01
1.953750000000000142e+01 7.709636567755271397e-01
1.956250000000000000e+01 7.631140576809338771e-01
1.958749999999999858e+01 7.545260459219895743e-01
1.961250000000000071e+01 7.465300835923516232e-01
1.963749999999999929e+01 7.403684353247220740e-01
1.966250000000000142e+01 7.363127702742634506e-01
1.968750000000000000e+01 7.337016362788968404e-01
1.971249999999999858e+01 7.316524264200918726e-01
1.973750000000000071e+01 7.297640131675118269e-01
1.976249999999999929e+01 7.281826649003753094e-01
1.978750000000000142e+01 7.271160601330082240e-01
1.981250000000000000e+01 7.264497210857023823e-01
1.983749999999999858e+01 7.258907509962230220e-01
1.986250000000000071e+01 7.254417109708061195e-01
1.988749999999999929e+01 7.256688325239755155e-01
1.991250000000000142e+01 7.275110924640163512e-01
1.993750000000000000e+01 7.318003896846390077e-01
1.996249999999999858e+01 7.388386133910946896e-01
1.998750000000000071e+01 7.482635354769504588e-01
2.001249999999999929e+01 7.591193453485139964e-01
2.003750000000000142e+01 7.699468350541701644e-01
2.006250000000000000e+01 7.789932483919224104e-01
2.008749999999999858e+01 7.848974467783045306e-01
2.011250000000000071e+01 7.873438232004492665e-01
2.013749999999999929e+01 7.867548500218354279e-01
2.016250000000000142e+01 7.834067590556157423e-01
2.018750000000000000e+01 7.771993265109242710e-01
2.021249999999999858e+01 7.682860940636146996e-01
2.023750000000000071e+01 7.576513313528653315e-01
2.026249999999999929e+01 7.468982070233141091e-01
2.028750000000000142e+01 7.375101925760552124e-01
2.031250000000000000e+01 7.302736119452810648e-01
2.033749999999999858e+01 7.252348444995515564e-01
2.036250000000000071e+01 7.220737824567478036e-01
2.038749999999999929e+01 7.204570009791754215e-01
2.041250000000000142e+01 7.200777608698865073e-01
2.043750000000000000e+01 7.205398818549686446e-01
2.046249999999999858e+01 7.212905194255260222e-01
2.048750000000000071e+01 7.216973445386598573e-01
2.051249999999999929e+01 7.211923940863691485e-01
2.053750000000000142e+01 7.194444831095104798e-01
2.056250000000000000e+01 7.165608419805333806e-01
2.058749999999999858e+01 7.131906682921667073e-01
2.061250000000000071e+01 7.102775604748454708e-01
2.063749999999999929e+01 7.085188217653808351e-01
2.066250000000000142e+01 7.080264340805400014e-01
2.068750000000000000e+01 7.084930110788092428e-01
2.071249999999999858e+01 7.095962019079599115e-01
2.073750000000000071e+01 7.111998067753083630e-01
2.076249999999999929e+01 7.132087257296788607e-01
2.078750000000000142e+01 7.153090549514229401e-01
2.081250000000000000e+01 7.168984807177534169e-01
2.083749999999999858e+01 7.173895857019674249e-01
2.086250000000000071e+01 7.167173614606618948e-01
2.088749999999999929e+01 7.155669004022366941e-01
2.091250000000000142e+01 7.150277303004979323e-01
2.093750000000000000e+01 7.159270075748931372e-01
2.096249999999999858e+01 7.183194783118835858e-01
2.098750000000000071e+01 7.214914964854839408e-01
2.101249999999999929e+01 7.245022015213014033e-01
2.103750000000000142e+01 7.268235615655280757e-01
2.106250000000000000e+01 7.284531388570949506e-01
2.108749999999999858e+01 7.294452489825562491e-01
2.111250000000000071e+01 7.294743345805994039e-01
2.113749999999999929e+01 7.279947473968695348e-01
2.116250000000000142e+01 7.248650937856220278e-01
2.118750000000000000e+01 7.207448849865283336e-01
2.121249999999999858e+01 7.168111163718693390e-01
2.123750000000000071e+01 7.140881259282646498e-01
2.126249999999999929e+01 7.128915636660515531e-01
2.128750000000000142e+01 7.127144963134649513e-01
2.131250000000000000e+01 7.126715979563112979e-01
2.133749999999999858e+01 7.122684513266678286e-01
2.136250000000000071e+01 7.119597742070842283e-01
2.138749999999999929e+01 7.130160947313212150e-01
2.141250000000000142e+01 7.167628545511601779e-01
2.143750000000000000e+01 7.238247524257559462e-01
2.146249999999999858e+01 7.339934741247226002e-01
2.148750000000000071e+01 7.465065866255740090e-01
2.151249999999999929e+01 7.602716017510245949e-01
2.153750000000000142e+01 7.744535373970252712e-01
2.156250000000000000e+01 7.893640769652723321e-01
2.158749999999999858e+01 8.078371566467805742e-01
2.161250000000000071e+01 8.359311897261236801e-01
2.163749999999999929e+01 8.809284792336624648e-01
2.166250000000000142e+01 9.445692002072729743e-01
2.168750000000000000e+01 1.016247483253863715e+00
2.171249999999999858e+01 1.074512584692259187e+00
2.173750000000000071e+01 1.098013381253519771e+00
2.176249999999999929e+01 1.077504863073398322e+00
2.178750000000000142e+01 1.020063621168760593e+00
2.181250000000000000e+01 9.440071774639818836e-01
2.183749999999999858e+01 8.695814195807056723e-01
2.186250000000000071e+01 8.110851202339466326e-01
2.188749999999999929e+01 7.732341620307188190e-01
2.191250000000000142e+01 7.523976421810646409e-01
2.193750000000000000e+01 7.411379826686981254e-01
2.196249999999999858e+01 7.328857435781277463e-01
2.198750000000000071e+01 7.245020340267809278e-01
2.201249999999999929e+01 7.160621008732898085e-01
2.203750000000000142e+01 7.093579504923595014e-01
2.206250000000000000e+01 7.059079279905429161e-01
2.208749999999999858e+01 7.057997870585199784e-01
2.211250000000000071e+01 7.079411836834637040e-01
2.213749999999999929e+01 7.114563341439210653e-01
2.216250000000000142e+01 7.165799766454082897e-01
2.218750000000000000e+01 7.245256280463530096e-01
2.221249999999999858e+01 7.371734733299379894e-01
2.223750000000000071e+01 7.568263045506677944e-01
2.226249999999999929e+01 7.857027549228425833e-01
2.228750000000000142e+01 8.252499128274977114e-01
2.231250000000000000e+01 8.762314979069166787e-01
2.233749999999999858e+01 9.393373509122102671e-01
2.236250000000000071e+01 1.014212919692341952e+00
2.238749999999999929e+01 1.095517778779873108e+00
2.241250000000000142e+01 1.170768528898302741e+00
2.243750000000000000e+01 1.228323984940992375e+00
2.246249999999999858e+01 1.271126941847193770e+00
2.248750000000000071e+01 1.319089390347196966e+00
2.251249999999999929e+01 1.394376444779430013e+00
2.253750000000000142e+01 1.505340831456729367e+00
2.256250000000000000e+01 1.644505387909772187e+00
2.258749999999999858e+01 1.795743051986872008e+00
2.261250000000000071e+01 1.939009032919223330e+00
2.263749999999999929e+01 2.053113593708636664e+00
2.266250000000000142e+01 2.121668234679471521e+00
2.268750000000000000e+01 2.136136995678135087e+00
2.271249999999999858e+01 2.091231139351785284e+00
2.273750000000000071e+01 1.983187713822273324e+00
2.276249999999999929e+01 1.818425322097211083e+00
2.278750000000000142e+01 1.619590461398634496e+00
2.281250000000000000e+01 1.417079882804349156e+00
2.283749999999999858e+01 1.235684278123092339e+00
2.286250000000000071e+01 1.089468818485758828e+00
2.288749999999999929e+01 9.831135007275029203e-01
2.291250000000000142e+01 9.134503485923494148e-01
2.293750000000000000e+01 8.721187757328159318e-01
2.296249999999999858e+01 8.502860229428381711e-01
2.298750000000000071e+01 8.426684913622112250e-01
2.301249999999999929e+01 8.490063090938232415e-01
2.303750000000000142e+01 8.732271611219355467e-01
2.306250000000000000e+01 9.205428493612196617e-01
2.308749999999999858e+01 9.931151666597171079e-01
2.311250000000000071e+01 1.086026399918248897e+00
2.313749999999999929e+01 1.185476609802081249e+00
2.316250000000000142e+01 1.270879235712657707e+00
2.318750000000000000e+01 1.321329822838154699e+00
2.321249999999999858e+01 1.324790583683071787e+00
2.323750000000000071e+01 1.284975294821825376e+00
2.326249999999999929e+01 1.220946610216491202e+00
2.328750000000000142e+01 1.159355105493831140e+00
2.331250000000000000e+01 1.122322219324449755e+00
2.333749999999999858e+01 1.115629846082430765e+00
2.336250000000000071e+01 1.125967305897020099e+00
2.338749999999999929e+01 1.131943299269794867e+00
2.341250000000000142e+01 1.119898070929817413e+00
2.343750000000000000e+01 1.089365544575067402e+00
2.346249999999999858e+01 1.044935940177169398e+00
2.348750000000000071e+01 9.888845452928897162e-01
2.351249999999999929e+01 9.243710602912700303e-01
2.353750000000000142e+01 8.602338878913875497e-01
2.356250000000000000e+01 8.067742536100523942e-01
2.358749999999999858e+01 7.683006130217006069e-01
2.361250000000000071e+01 7.426563067164373422e-01
2.363749999999999929e+01 7.260682363997017497e-01
2.366250000000000142e+01 7.159215766630095956e-01
2.368750000000000000e+01 7.101009613548358024e-01
2.371249999999999858e+01 7.062499204894989724e-01
2.373750000000000071e+01 7.024752564688490075e-01
2.376249999999999929e+01 6.985221866818188685e-01
2.378750000000000142e+01 6.956746618262794613e-01
2.381250000000000000e+01 6.952818031013295874e-01
2.383749999999999858e+01 6.975492011630739508e-01
2.386250000000000071e+01 7.016001132689508868e-01
2.388749999999999929e+01 7.059699848233818020e-01
2.391250000000000142e+01 7.091282467981003812e-01
2.393750000000000000e+01 7.103299750100751098e-01
2.396249999999999858e+01 7.100794501267237990e-01
2.398750000000000071e+01 7.095979498572324573e-01
2.401249999999999929e+01 7.098410769148493227e-01
2.403750000000000142e+01 7.106078361234163809e-01
2.406250000000000000e+01 7.104014345158085053e-01
2.408749999999999858e+01 7.078825335588955214e-01
2.411250000000000071e+01 7.034689884919457237e-01
2.413749999999999929e+01 6.992384696709410541e-01
2.416250000000000142e+01 6.976750391213536462e-01
2.418750000000000000e+01 7.002069154282157815e-01
2.421249999999999858e+01 7.056606170607320205e-01
2.423750000000000071e+01 7.104619538150184210e-01
2.426249999999999929e+01 7.118967111006703208e-01
2.428750000000000142e+01 7.114346801797478692e-01
2.431250000000000000e+01 7.139351875126036528e-01
2.433749999999999858e+01 7.228486959393622957e-01
2.436250000000000071e+01 7.360302033397438937e-01
2.438749999999999929e+01 7.469428251821328413e-01
2.441250000000000142e+01 7.507801223999195361e-01
2.443750000000000000e+01 7.487942608299287262e-01
2.446249999999999858e+01 7.470326469714253514e-01
2.448750000000000071e+01 7.523870376926835579e-01
2.451249999999999929e+01 7.682936349098542506e-01
2.453750000000000142e+01 7.905747843654533646e-01
2.456250000000000000e+01 8.084072126842432038e-01
2.458749999999999858e+01 8.134629040398992927e-01
2.461250000000000071e+01 8.096443669176133229e-01
2.463749999999999929e+01 8.120012835093681769e-01
2.466250000000000142e+01 8.333377245212957307e-01
2.468750000000000000e+01 8.698337042252171081e-01
2.471249999999999858e+01 9.009850488562308746e-01
2.473750000000000071e+01 9.079103071990642926e-01
2.476249999999999929e+01 8.940745743197766604e-01
2.478750000000000142e+01 8.911027680295797726e-01
2.481250000000000000e+01 9.442304145581408292e-01
2.483749999999999858e+01 1.079820540467699264e+00
2.486250000000000071e+01 1.272533679892688507e+00
2.488749999999999929e+01 1.463245247499825430e+00
2.491250000000000142e+01 1.644594743951790283e+00
2.493750000000000000e+01 1.948875638133851007e+00
2.496249999999999858e+01 2.603594755138336492e+00
2.498750000000000071e+01 3.704828512710670374e+00
2.501249999999999929e+01 4.979707622780497722e+00
2.503750000000000142e+01 5.850327173938556946e+00
2.506250000000000000e+01 5.848440113833886400e+00
2.508749999999999858e+01 4.978964507557832597e+00
2.511250000000000071e+01 3.668680788681567329e+00
2.513749999999999929e+01 2.423031136609588465e+00
2.516250000000000142e+01 1.540776309705983005e+00
2.518750000000000000e+01 1.055393345238103686e+00
2.521249999999999858e+01 8.460388924293351653e-01
2.523750000000000071e+01 7.765699693333929510e-01
2.526249999999999929e+01 7.652780032107195929e-01
2.528750000000000142e+01 7.845851849714866599e-01
2.531250000000000000e+01 8.334071399208421438e-01
2.533749999999999858e+01 9.170348607837617294e-01
2.536250000000000071e+01 1.031592561753874593e+00
2.538749999999999929e+01 1.155308967821909505e+00
2.541250000000000142e+01 1.251849847851314701e+00
2.543750000000000000e+01 1.291152311845639833e+00
2.546249999999999858e+01 1.268763805061994265e+00
2.548750000000000071e+01 1.202271975744371835e+00
2.551249999999999929e+01 1.114086589204269728e+00
2.553750000000000142e+01 1.023328832620109763e+00
2.556250000000000000e+01 9.472632005515949638e-01
2.558749999999999858e+01 9.005872040632383335e-01
2.561250000000000071e+01 8.918441840640708440e-01
2.563749999999999929e+01 9.218104767848229741e-01
2.566250000000000142e+01 9.840862390900415591e-01
2.568750000000000000e+01 1.066394818808328981e+00
2.571249999999999858e+01 1.151159687103051166e+00
2.573750000000000071e+01 1.217192860247243047e+00
2.576249999999999929e+01 1.246276015615531918e+00
2.578750000000000142e+01 1.232947993434977185e+00
2.581250000000000000e+01 1.187819817748839490e+00
2.583749999999999858e+01 1.130706046545315147e+00
2.586250000000000071e+01 1.081533535575196492e+00
2.588749999999999929e+01 1.055561138866798920e+00
2.591250000000000142e+01 1.061747856395720779e+00
2.593750000000000000e+01 1.101344813779107312e+00
2.596249999999999858e+01 1.166654256751068708e+00
2.598750000000000071e+01 1.242109144744448557e+00
2.601249999999999929e+01 1.310951191815514782e+00
2.603750000000000142e+01 1.365703843766064907e+00
2.606250000000000000e+01 1.412298597328127681e+00
2.608749999999999858e+01 1.462116086497053713e+00
2.611250000000000071e+01 1.522228801081309424e+00
2.613749999999999929e+01 1.593230158509966632e+00
2.616250000000000142e+01 1.669561026666675829e+00
2.618750000000000000e+01 1.736128521375569278e+00
2.621249999999999858e+01 1.767948258473891254e+00
2.623750000000000071e+01 1.741026974724230847e+00
2.626249999999999929e+01 1.647571993208468477e+00
2.628750000000000142e+01 1.501258397722233351e+00
2.631250000000000000e+01 1.329819055341594725e+00
2.633749999999999858e+01 1.163030066328126999e+00
2.636250000000000071e+01 1.023046968199020856e+00
2.638749999999999929e+01 9.194982569738816558e-01
2.641250000000000142e+01 8.501878109026586028e-01
2.643750000000000000e+01 8.063986563209284419e-01
2.646249999999999858e+01 7.789886899376550211e-01
2.648750000000000071e+01 7.613266810244470051e-01
2.651249999999999929e+01 7.493360216128599482e-01
2.653750000000000142e+01 7.406565430634606262e-01
2.656250000000000000e+01 7.343862369886919872e-01
2.658749999999999858e+01 7.307470381971685747e-01
2.661250000000000071e+01 7.301717583123774613e-01
2.663749999999999929e+01 7.322526054306346399e-01
2.666250000000000142e+01 7.355509908176802725e-01
2.668750000000000000e+01 7.384596768503723929e-01
2.671249999999999858e+01 7.401154359191017829e-01
2.673750000000000071e+01 7.403416866093968096e-01
2.676249999999999929e+01 7.389569685849066705e-01
2.678750000000000142e+01 7.356405441770939024e-01
2.681250000000000000e+01 7.306792230226555329e-01
2.683749999999999858e+01 7.255667574370860962e-01
2.686250000000000071e+01 7.224777820187100463e-01
2.688749999999999929e+01 7.230102536276319380e-01
2.691250000000000142e+01 7.272055382975948223e-01
2.693750000000000000e+01 7.335201590223141555e-01
2.696249999999999858e+01 7.399332032471146459e-01
2.698750000000000071e+01 7.454364728986144772e-01
2.701249999999999929e+01 7.503883623216960341e-01
2.703750000000000142e+01 7.553460417813302463e-01
2.706250000000000000e+01 7.598930544703574874e-01
2.708749999999999858e+01 7.627538639664379616e-01
2.711250000000000071e+01 7.628193387520240121e-01
2.713749999999999929e+01 7.601165179687854323e-01
2.716250000000000142e+01 7.559378713277344897e-01
2.718750000000000000e+01 7.517924941197605682e-01
2.721249999999999858e+01 7.481841104203010850e-01
2.723750000000000071e+01 7.446725151988176084e-01
2.726249999999999929e+01 7.409571694399672559e-01
2.728750000000000142e+01 7.375207193101211978e-01
2.731250000000000000e+01 7.352957276247221730e-01
2.733749999999999858e+01 7.350004179234193025e-01
2.736250000000000071e+01 7.366412872182539484e-01
2.738749999999999929e+01 7.393702583148303864e-01
2.741250000000000142e+01 7.417972073425028734e-01
2.743750000000000000e+01 7.426475995384718143e-01
2.746249999999999858e+01 7.413809574560472626e-01
2.748750000000000071e+01 7.383978309515961680e-01
2.751249999999999929e+01 7.347989146716897846e-01
2.753750000000000142e+01 7.319724267758986880e-01
2.756250000000000000e+01 7.310915148233123606e-01
2.758749999999999858e+01 7.324992990413979888e-01
2.761250000000000071e+01 7.354300884232416458e-01
2.763749999999999929e+01 7.385615862584126168e-01
2.766250000000000142e+01 7.410285708174881858e-01
2.768750000000000000e+01 7.429996797136418918e-01
2.771249999999999858e+01 7.453679258001471020e-01
2.773750000000000071e+01 7.489376600074784118e-01
2.776249999999999929e+01 7.539115656201960114e-01
2.778750000000000142e+01 7.604351061662770750e-01
2.781250000000000000e+01 7.701038425700963419e-01
2.783749999999999858e+01 7.873557766959489168e-01
2.786250000000000071e+01 8.195084543492182627e-01
2.788749999999999929e+01 8.731587504965154789e-01
2.791250000000000142e+01 9.466772967502353753e-01
2.793750000000000000e+01 1.027079944980656467e+00
2.796249999999999858e+01 1.098851997646078438e+00
2.798750000000000071e+01 1.155421019553308337e+00
2.801249999999999929e+01 1.196709355503939420e+00
2.803750000000000142e+01 1.217099388476389210e+00
2.806250000000000000e+01 1.202983510773867115e+00
2.808749999999999858e+01 1.144436203219941106e+00
2.811250000000000071e+01 1.048355928275784166e+00
2.813749999999999929e+01 9.395035579414944271e-01
2.816250000000000142e+01 8.463565977599316614e-01
2.818750000000000000e+01 7.843689102543538461e-01
2.821249999999999858e+01 7.522515962786664456e-01
2.823750000000000071e+01 7.405407223602848976e-01
2.826249999999999929e+01 7.403257134763421288e-01
2.828750000000000142e+01 7.465840272919335163e-01
2.831250000000000000e+01 7.590730445287943162e-01
2.833749999999999858e+01 7.827066894638938788e-01
2.836250000000000071e+01 8.236344811379139319e-01
2.838749999999999929e+01 8.795550446997753014e-01
2.841250000000000142e+01 9.326753445015516508e-01
2.843750000000000000e+01 9.579954840819183692e-01
2.846249999999999858e+01 9.436128621582640097e-01
2.848750000000000071e+01 9.017793613603535263e-01
2.851249999999999929e+01 8.588293043116019820e-01
2.853750000000000142e+01 8.357898833470300826e-01
2.856250000000000000e+01 8.373029455515010877e-01
2.858749999999999858e+01 8.543847492805940469e-01
2.861250000000000071e+01 8.757227531506193152e-01
2.863749999999999929e+01 8.967347856700658149e-01
2.866250000000000142e+01 9.189957478954545733e-01
2.868750000000000000e+01 9.442075103615101828e-01
2.871249999999999858e+01 9.727664992215940831e-01
2.873750000000000071e+01 1.006265372255915169e+00
2.876249999999999929e+01 1.044554526521076721e+00
2.878750000000000142e+01 1.078170319949402822e+00
2.881250000000000000e+01 1.089240407747876116e+00
2.883749999999999858e+01 1.064705477035884806e+00
2.886250000000000071e+01 1.007660890361103068e+00
2.888749999999999929e+01 9.347460953176990328e-01
2.891250000000000142e+01 8.644567313284060583e-01
2.893750000000000000e+01 8.081918104931101743e-01
2.896249999999999858e+01 7.690601441222266743e-01
2.898750000000000071e+01 7.452919748712492076e-01
2.901249999999999929e+01 7.336334242213773393e-01
2.903750000000000142e+01 7.309239197877979155e-01
2.906250000000000000e+01 7.343567329553315481e-01
2.908749999999999858e+01 7.412115137334849280e-01
2.911250000000000071e+01 7.488372900209174787e-01
2.913749999999999929e+01 7.547627583332622292e-01
2.916250000000000142e+01 7.570158252540395427e-01
2.918750000000000000e+01 7.545126516568885222e-01
2.921249999999999858e+01 7.474128657543569476e-01
2.923750000000000071e+01 7.368589859760596994e-01
2.926249999999999929e+01 7.243516367220677044e-01
2.928750000000000142e+01 7.115006980674201120e-01
2.931250000000000000e+01 7.001045184340707328e-01
2.933749999999999858e+01 6.919242341377065397e-01
2.936250000000000071e+01 6.880894322707904465e-01
2.938749999999999929e+01 6.887713946113855901e-01
2.941250000000000142e+01 6.932456628263387044e-01
2.943750000000000000e+01 7.001062801413042713e-01
2.946249999999999858e+01 7.075567121715505836e-01
2.948750000000000071e+01 7.140621314420099175e-01
2.951249999999999929e+01 7.188558946369223435e-01
2.953750000000000142e+01 7.215138553976419011e-01
2.956250000000000000e+01 7.211773037830735422e-01
2.958749999999999858e+01 7.168894927291409314e-01
2.961250000000000071e+01 7.087030041391013668e-01
2.963749999999999929e+01 6.978861994734509855e-01
2.966250000000000142e+01 6.860708391453476107e-01
2.968750000000000000e+01 6.746263130751968262e-01
2.971249999999999858e+01 6.646176117617430545e-01
2.973750000000000071e+01 6.567188026311009397e-01
2.976249999999999929e+01 6.510123016403013274e-01
2.978750000000000142e+01 6.470912592239768113e-01
2.981250000000000000e+01 6.444245053667174705e-01
2.983749999999999858e+01 6.425858224604530378e-01
2.986250000000000071e+01 6.412149899477697090e-01
2.988749999999999929e+01 6.400004331579733918e-01
2.991250000000000142e+01 6.388409627104265631e-01
2.993750000000000000e+01 6.379687453101603456e-01
2.996249999999999858e+01 6.378075680133993286e-01
2.998750000000000071e+01 6.386555448551181069e-01
3.001249999999999929e+01 6.403949187184631020e-01
3.003750000000000142e+01 6.424161935719439054e-01
3.006250000000000000e+01 6.438743057960915062e-01
3.008749999999999858e+01 6.441623877074300619e-01
3.011250000000000071e+01 6.432477526331756845e-01
3.013749999999999929e+01 6.416629482190305822e-01
3.016250000000000142e+01 6.402014666460352776e-01
3.018750000000000000e+01 6.394605004254115821e-01
3.021249999999999858e+01 6.394776432128337351e-01
3.023750000000000071e+01 6.397119019564770914e-01
3.026249999999999929e+01 6.394011445486719181e-01
3.028750000000000142e+01 6.380799733620559078e-01
3.031250000000000000e+01 6.359466831088913530e-01
3.033749999999999858e+01 6.338405342852375668e-01
3.036250000000000071e+01 6.328195861620100615e-01
3.038749999999999929e+01 6.336712579104366583e-01
3.041250000000000142e+01 6.366832783331922707e-01
3.043750000000000000e+01 6.416254140649207960e-01
3.046249999999999858e+01 6.477531126109269399e-01
3.048750000000000071e+01 6.539225712527323431e-01
3.051249999999999929e+01 6.588257650358811945e-01
3.053750000000000142e+01 6.612336647026688663e-01
3.056250000000000000e+01 6.604196801762979296e-01
3.058749999999999858e+01 6.567719179286508613e-01
3.061250000000000071e+01 6.518756142725459224e-01
3.063749999999999929e+01 6.476503015894595761e-01
3.066250000000000142e+01 6.452830250971213211e-01
3.068750000000000000e+01 6.448641633111850124e-01
3.071249999999999858e+01 6.458774781480465244e-01
3.073750000000000071e+01 6.479913110411485988e-01
3.076249999999999929e+01 6.515101546157847645e-01
3.078750000000000142e+01 6.572938063483693139e-01
3.081250000000000000e+01 6.665492557967158671e-01
3.083749999999999858e+01 6.811289386150585212e-01
3.086250000000000071e+01 7.040575296189763854e-01
3.088749999999999929e+01 7.389225797308800470e-01
3.091250000000000142e+01 7.866555881271655171e-01
3.093750000000000000e+01 8.409790096906941681e-01
3.096249999999999858e+01 8.872900691563194719e-01
3.098750000000000071e+01 9.089655384541424077e-01
3.101249999999999929e+01 8.982244976210052023e-01
3.103750000000000142e+01 8.623679868767739620e-01
3.106250000000000000e+01 8.196801507214905858e-01
3.108749999999999858e+01 7.891088906729601948e-01
3.111250000000000071e+01 7.827467704925475944e-01
3.113749999999999929e+01 8.051766739515757720e-01
3.116250000000000142e+01 8.580430676356870512e-01
3.118750000000000000e+01 9.451535521303778831e-01
3.121249999999999858e+01 1.074798294537890886e+00
3.123750000000000071e+01 1.256201628975615492e+00
3.126249999999999929e+01 1.489199968769721272e+00
3.128750000000000142e+01 1.751262082880176152e+00
3.131250000000000000e+01 1.993603013885842046e+00
3.133749999999999858e+01 2.156846915161000577e+00
3.136250000000000071e+01 2.200092414112694961e+00
3.138749999999999929e+01 2.120100528558219732e+00
3.141250000000000142e+01 1.945920017629586996e+00
3.143750000000000000e+01 1.720364753088719389e+00
3.146249999999999858e+01 1.486104976775339592e+00
3.148750000000000071e+01 1.278501180700002848e+00
3.151249999999999929e+01 1.120909649789197715e+00
3.153750000000000142e+01 1.023399040057414222e+00
3.156250000000000000e+01 9.868548920102102606e-01
3.158749999999999858e+01 1.007891772001065167e+00
3.161250000000000071e+01 1.079751679687282806e+00
3.163749999999999929e+01 1.188071390137567684e+00
3.166250000000000142e+01 1.306719520182841210e+00
3.168750000000000000e+01 1.399395087244301283e+00
3.171249999999999858e+01 1.430690079746367749e+00
3.173750000000000071e+01 1.383084612584278172e+00
3.176249999999999929e+01 1.268146429134675124e+00
3.178750000000000142e+01 1.120387478503571010e+00
3.181250000000000000e+01 9.774816791170879426e-01
3.183749999999999858e+01 8.629227453958785432e-01
3.186250000000000071e+01 7.818095729880841782e-01
3.188749999999999929e+01 7.275002293081576088e-01
3.191250000000000142e+01 6.907100155797351038e-01
3.193750000000000000e+01 6.647047077605383603e-01
3.196249999999999858e+01 6.457681661404108819e-01
3.198750000000000071e+01 6.316458506860807010e-01
3.201250000000000284e+01 6.207925107408416299e-01
3.203750000000000142e+01 6.123104576919753406e-01
3.206250000000000000e+01 6.058753161620327177e-01
3.208749999999999858e+01 6.012229468005698685e-01
3.211249999999999716e+01 5.977988470101665008e-01
3.213750000000000284e+01 5.947937935743558002e-01
3.216250000000000142e+01 5.914852165541394369e-01
3.218750000000000000e+01 5.875479072219176313e-01
3.221249999999999858e+01 5.831749671972920046e-01
3.223749999999999716e+01 5.789368367673612958e-01
3.226250000000000284e+01 5.754322921358345777e-01
3.228750000000000142e+01 5.729961485121318754e-01
3.231250000000000000e+01 5.716106636790395656e-01
3.233749999999999858e+01 5.709612293223934598e-01
3.236249999999999716e+01 5.705929380322385391e-01
3.238750000000000284e+01 5.701628762819778151e-01
3.241250000000000142e+01 5.695975766135104035e-01
3.243750000000000000e+01 5.689940641231426843e-01
3.246249999999999858e+01 5.684296910776005518e-01
3.248749999999999716e+01 5.679506689408055919e-01
3.251250000000000284e+01 5.677236438532662355e-01
3.253750000000000142e+01 5.680522489922161800e-01
3.256250000000000000e+01 5.692674792296827935e-01
3.258749999999999858e+01 5.717348417645999881e-01
3.261249999999999716e+01 5.759395535179756553e-01
3.263750000000000284e+01 5.822770603945119916e-01
3.266250000000000142e+01 5.905856963192646081e-01
3.268750000000000000e+01 5.999147610968806887e-01
3.271249999999999858e+01 6.087225462953376187e-01
3.273749999999999716e+01 6.151772036079414807e-01
3.276250000000000284e+01 6.175723478820754897e-01
3.278750000000000142e+01 6.151993545613752001e-01
3.281250000000000000e+01 6.090922888296887994e-01
3.283749999999999858e+01 6.015442736311304994e-01
3.286249999999999716e+01 5.947470041263815954e-01
3.288750000000000284e+01 5.899799256856304019e-01
3.291250000000000142e+01 5.876911154062954834e-01
3.293750000000000000e+01 5.877638529477793305e-01
3.296249999999999858e+01 5.897945123044050497e-01
3.298749999999999716e+01 5.936871465048143559e-01
3.301250000000000284e+01 6.002055310103714403e-01
3.303750000000000142e+01 6.111497545274860999e-01
3.306250000000000000e+01 6.289953120989257851e-01
3.308749999999999858e+01 6.556534720186275589e-01
3.311249999999999716e+01 6.903539868009824776e-01
3.313750000000000284e+01 7.277901864561068246e-01
3.316250000000000142e+01 7.578293694709937744e-01
3.318750000000000000e+01 7.685387927367481886e-01
3.321249999999999858e+01 7.537623000103581550e-01
3.323749999999999716e+01 7.197081707518939719e-01
3.326250000000000284e+01 6.814292642270718403e-01
3.328750000000000142e+01 6.515682922518171161e-01
3.331250000000000000e+01 6.338535369450259971e-01
3.333749999999999858e+01 6.259298650999772784e-01
3.336249999999999716e+01 6.247038108087168418e-01
3.338750000000000284e+01 6.281919050864306353e-01
3.341250000000000142e+01 6.348301246879686222e-01
3.343750000000000000e+01 6.435429598636990267e-01
3.346249999999999858e+01 6.552074118807553749e-01
3.348749999999999716e+01 6.733128583481673424e-01
3.351250000000000284e+01 7.019236910400322715e-01
3.353750000000000142e+01 7.422657792686929712e-01
3.356250099999999748e+01 7.906227250470998502e-01
3.358750100000000316e+01 8.385936152989665882e-01
3.361250100000000174e+01 8.753262131607038032e-01
3.363750100000000032e+01 8.917577514460663934e-01
3.366250099999999890e+01 8.842487918404707825e-01
3.368750099999999748e+01 8.540547320829421363e-01
3.371250100000000316e+01 8.053360964426062862e-01
3.373750100000000174e+01 7.459539751321748735e-01
3.376250100000000032e+01 6.875989207478696574e-01
3.378750099999999890e+01 6.410059039445646922e-01
3.381250099999999748e+01 6.100942010907177693e-01
3.383750100000000316e+01 5.913331243567776507e-01
3.386250100000000174e+01 5.786578429848082683e-01
3.388750100000000032e+01 5.684362460243970183e-01
3.391250099999999890e+01 5.603621846172459620e-01
3.393750099999999748e+01 5.552869145694865338e-01
3.396250100000000316e+01 5.533590735129948479e-01
3.398750100000000174e+01 5.539202216126679623e-01
3.401250100000000032e+01 5.559723734495428671e-01
3.403750099999999890e+01 5.583604215374879942e-01
3.406250099999999748e+01 5.599535466796566885e-01
3.408750100000000316e+01 5.602014921857962904e-01
3.411250100000000174e+01 5.594828474707798094e-01
3.413750100000000032e+01 5.586359638727911303e-01
3.416250099999999890e+01 5.580557450511847151e-01
3.418750099999999748e+01 5.574168824167540226e-01
3.421250100000000316e+01 5.563552859681620832e-01
3.423750100000000174e+01 5.551082232102443337e-01
3.426250100000000032e+01 5.542118218912356342e-01
3.428750099999999890e+01 5.539524612568615947e-01
3.431250099999999748e+01 5.545685393421503351e-01
3.433750100000000316e+01 5.564620908578213898e-01
3.436250100000000174e+01 5.594970002327065428e-01
3.438750100000000032e+01 5.624619768387355556e-01
3.441250099999999890e+01 5.640567130795862694e-01
3.443750099999999748e+01 5.643580001277397340e-01
3.446250100000000316e+01 5.647564824201796174e-01
3.448750100000000174e+01 5.663401912057927090e-01
3.451250100000000032e+01 5.686729424985169645e-01
3.453750099999999890e+01 5.705905366792303202e-01
3.456250099999999748e+01 5.720459999700737708e-01
3.458750100000000316e+01 5.743528214991516778e-01
3.461250100000000174e+01 5.784194365354456968e-01
3.463750100000000032e+01 5.839163008094008234e-01
3.466250099999999890e+01 5.906609986639183019e-01
3.468750099999999748e+01 5.994877562976518304e-01
3.471250100000000316e+01 6.106320043142712262e-01
3.473750100000000174e+01 6.221559621863713696e-01
3.476250100000000032e+01 6.316006916001498661e-01
3.478750099999999890e+01 6.391067361438257377e-01
3.481250099999999748e+01 6.469131398596996707e-01
3.483750100000000316e+01 6.552036962199425663e-01
3.486250100000000174e+01 6.614114329056415276e-01
3.488750100000000032e+01 6.657362048188221193e-01
3.491250099999999890e+01 6.745303872057935024e-01
3.493750099999999748e+01 6.940057642490039536e-01
3.496250100000000316e+01 7.220652844399134684e-01
3.498750100000000174e+01 7.512628659210515147e-01
3.501250100000000032e+01 7.791420989537720665e-01
3.503750099999999890e+01 8.092200367584179155e-01
3.506250099999999748e+01 8.416461619711327335e-01
3.508750100000000316e+01 8.723564613020646785e-01
3.511250100000000174e+01 9.069156051917043326e-01
3.513750100000000032e+01 9.640519923165893346e-01
3.516250099999999890e+01 1.050863417193896199e+00
3.518750099999999748e+01 1.142641155139799247e+00
3.521250100000000316e+01 1.214895962293122800e+00
3.523750100000000174e+01 1.303437544829581185e+00
3.526250100000000032e+01 1.503420439072610693e+00
3.528750099999999890e+01 1.894168521202960864e+00
3.531250099999999748e+01 2.502882030330469743e+00
3.533750100000000316e+01 3.376062497495802894e+00
3.536250100000000174e+01 4.586128268514608308e+00
3.538750100000000032e+01 5.994680356780900610e+00
3.541250099999999890e+01 7.039719857897235755e+00
3.543750099999999748e+01 7.037159526613383065e+00
3.546250100000000316e+01 5.838611662385249090e+00
3.548750100000000174e+01 4.035508254805508344e+00
3.551250100000000032e+01 2.427707108518569967e+00
3.553750099999999890e+01 1.424665569716959013e+00
3.556250099999999748e+01 9.721455453315942519e-01
3.558750100000000316e+01 8.421973178649573288e-01
3.561250100000000174e+01 8.635626309464820016e-01
3.563750100000000032e+01 9.600125259208730499e-01
3.566250099999999890e+01 1.097056168303146562e+00
3.568750099999999748e+01 1.238233203700146223e+00
3.571250100000000316e+01 1.337190243608627815e+00
3.573750100000000174e+01 1.354052595600943043e+00
3.576250100000000032e+01 1.275076231030666030e+00
3.578750099999999890e+01 1.123036769059640116e+00
3.581250099999999748e+01 9.458602658636898752e-01
3.583750100000000316e+01 7.899214266494476444e-01
3.586250100000000174e+01 6.791720622327084289e-01
3.588750100000000032e+01 6.128152661921761890e-01
3.591250099999999890e+01 5.769260293370477299e-01
3.593750099999999748e+01 5.573791798237521800e-01
3.596250100000000316e+01 5.453507634963550288e-01
3.598750100000000174e+01 5.366249576066949301e-01
3.601250100000000032e+01 5.294026587641891268e-01
3.603750099999999890e+01 5.233065834307449871e-01
3.606250099999999748e+01 5.185065918360205472e-01
3.608750100000000316e+01 5.150303565807641260e-01
3.611250100000000174e+01 5.126728769230544103e-01
3.613750100000000032e+01 5.112261476678747751e-01
3.616250099999999890e+01 5.104652130599957038e-01
3.618750099999999748e+01 5.100666928009776058e-01
3.621250100000000316e+01 5.097841267358627082e-01
3.623750100000000174e+01 5.095810350752707496e-01
3.626250100000000032e+01 5.094274240662733932e-01
3.628750099999999890e+01 5.091280015362200650e-01
3.631250099999999748e+01 5.084478802109341222e-01
3.633750100000000316e+01 5.072398631573928895e-01
3.636250100000000174e+01 5.053943220719915308e-01
3.638750100000000032e+01 5.029195685944062300e-01
3.641250099999999890e+01 5.001845698358101666e-01
3.643750099999999748e+01 4.978604084984404876e-01
3.646250100000000316e+01 4.964705213598217814e-01
3.648750100000000174e+01 4.961396937356549186e-01
3.651250100000000032e+01 4.969448059555413022e-01
3.653750099999999890e+01 4.993187789492054551e-01
3.656250099999999748e+01 5.038478088247725362e-01
3.658750100000000316e+01 5.105552903217407401e-01
3.661250100000000174e+01 5.182879578566127465e-01
3.663750100000000032e+01 5.246480054997207931e-01
3.666250099999999890e+01 5.267618609170179322e-01
3.668750099999999748e+01 5.228591033678078315e-01
3.671250100000000316e+01 5.135878342793730456e-01
3.673750100000000174e+01 5.016832597212939060e-01
3.676250100000000032e+01 4.902604903470496600e-01
3.678750099999999890e+01 4.813945415663010152e-01
3.681250099999999748e+01 4.758048999142211466e-01
3.683750100000000316e+01 4.731520244540116660e-01
3.686250100000000174e+01 4.724365875559956018e-01
3.688750100000000032e+01 4.725795941025208724e-01
3.691250099999999890e+01 4.731221060604698936e-01
3.693750099999999748e+01 4.744477291474503700e-01
3.696250100000000316e+01 4.771310409436937405e-01
3.698750100000000174e+01 4.809224068762374404e-01
3.701250100000000032e+01 4.844618460725235165e-01
3.703750099999999890e+01 4.860935075424199781e-01
3.706250099999999748e+01 4.849452109153041257e-01
3.708750100000000316e+01 4.813062850479514765e-01
3.711250100000000174e+01 4.763294481679936077e-01
3.713750100000000032e+01 4.714512832449626600e-01
3.716250099999999890e+01 4.676113584364585130e-01
3.718750099999999748e+01 4.647263984323500852e-01
3.721250100000000316e+01 4.622773390050898268e-01
3.723750100000000174e+01 4.605048254248227391e-01
3.726250100000000032e+01 4.605456396282554543e-01
3.728750099999999890e+01 4.632335382024130865e-01
3.731250099999999748e+01 4.684358669061001734e-01
3.733750100000000316e+01 4.761349924666131717e-01
3.736250100000000174e+01 4.875643515652277604e-01
3.738750100000000032e+01 5.044671289781540446e-01
3.741250099999999890e+01 5.283441992941318999e-01
3.743750099999999748e+01 5.624317551610165111e-01
3.746250100000000316e+01 6.122453163586312197e-01
3.748750100000000174e+01 6.782973556326541420e-01
3.751250100000000032e+01 7.477519210699876684e-01
3.753750099999999890e+01 7.994817118482844265e-01
3.756250099999999748e+01 8.188165630957304764e-01
3.758750100000000316e+01 8.023550479400770596e-01
3.761250100000000174e+01 7.515592514422579917e-01
3.763750100000000032e+01 6.725872822478817792e-01
3.766250099999999890e+01 5.821378479445362686e-01
3.768750099999999748e+01 5.024454441010209882e-01
3.771250100000000316e+01 4.470100743570232238e-01
3.773750100000000174e+01 4.148982711517830158e-01
3.776250100000000032e+01 3.976946764840492143e-01
3.778750099999999890e+01 3.878493119646047593e-01
3.781250099999999748e+01 3.813068022656335154e-01
3.783750100000000316e+01 3.764428702656414383e-01
3.786250100000000174e+01 3.726497965600347184e-01
3.788750100000000032e+01 3.695988383183205217e-01
3.791250099999999890e+01 3.670573845744190544e-01
3.793750099999999748e+01 3.648893938678136606e-01
3.796250100000000316e+01 3.630361230152102658e-01
3.798750100000000174e+01 3.614181972183512781e-01
3.801250100000000032e+01 3.599129706053229572e-01
3.803750099999999890e+01 3.584772182426836373e-01
3.806250099999999748e+01 3.573025543749862587e-01
3.808750100000000316e+01 3.568320445261407015e-01
3.811250100000000174e+01 3.577798191363998903e-01
3.813750100000000032e+01 3.611007272832907899e-01
3.816250099999999890e+01 3.677071735971628175e-01
3.818750099999999748e+01 3.778024545547549184e-01
3.821250100000000316e+01 3.899569879124070160e-01
3.823750100000000174e+01 4.005041864248625183e-01
3.826250100000000032e+01 4.044495470011061355e-01
3.828750099999999890e+01 3.984383725850272340e-01
3.831250099999999748e+01 3.835888487439355066e-01
3.833750100000000316e+01 3.649807972159131997e-01
3.836250100000000174e+01 3.480992558681071936e-01
3.838750100000000032e+01 3.357490144841223101e-01
3.841250099999999890e+01 3.276696831065386561e-01
3.843750099999999748e+01 3.220491793689046478e-01
3.846250100000000316e+01 3.171798772863149707e-01
3.848750100000000174e+01 3.123013362801545512e-01
3.851250100000000032e+01 3.076727011992442806e-01
3.853750099999999890e+01 3.040977202340162111e-01
3.856250099999999748e+01 3.022909719617968838e-01
3.858750100000000316e+01 3.023764312296477463e-01
3.861250100000000174e+01 3.036830372460908589e-01
3.863750100000000032e+01 3.048324415113904395e-01
3.866250099999999890e+01 3.041936626849893743e-01
3.868750099999999748e+01 3.007674753146262203e-01
3.871250100000000316e+01 2.948952902083079031e-01
3.873750100000000174e+01 2.879770008517313351e-01
3.876250100000000032e+01 2.814686177442557447e-01
3.878750099999999890e+01 2.762375216925941901e-01
3.881250099999999748e+01 2.725762109262740984e-01
3.883750100000000316e+01 2.703614413698718355e-01
3.886250100000000174e+01 2.691095921823664083e-01
3.888750100000000032e+01 2.680953328144337067e-01
3.891250099999999890e+01 2.666311951385327284e-01
3.893750099999999748e+01 2.643693854263698961e-01
3.896250100000000316e+01 2.614386722633321725e-01
3.898750100000000174e+01 2.583083550401599204e-01
3.901250100000000032e+01 2.554489694507002806e-01
3.903750099999999890e+01 2.530332774282668673e-01
3.906250099999999748e+01 2.508891891693637577e-01
3.908750100000000316e+01 2.487062170682817208e-01
3.911250100000000174e+01 2.463097319429515264e-01
3.913750100000000032e+01 2.438111127664071565e-01
3.916250099999999890e+01 2.415121207856811558e-01
3.918750099999999748e+01 2.396602004992559598e-01
3.921250100000000316e+01 2.382479225580722004e-01
3.923750100000000174e+01 2.370060004160698397e-01
3.926250100000000032e+01 2.355370464342556314e-01
3.928750099999999890e+01 2.334832292558696731e-01
3.931250099999999748e+01 2.306484322224494066e-01
3.933750100000000316e+01 2.270688324348842380e-01
3.936250100000000174e+01 2.230384246574300677e-01
3.938750100000000032e+01 2.191058668454155534e-01
3.941250099999999890e+01 2.159543259964857298e-01
3.943750099999999748e+01 2.141039788027994661e-01
3.946250100000000316e+01 2.135655550469895969e-01
3.948750100000000174e+01 2.137574043654038580e-01
3.951250100000000032e+01 2.138210555940656676e-01
3.953750099999999890e+01 2.130860134286057250e-01
3.956250099999999748e+01 2.113466824484577233e-01
3.958750100000000316e+01 2.088258864196396725e-01
3.961250100000000174e+01 2.059001798320537757e-01
3.963750100000000032e+01 2.028550907935390279e-01
3.966250099999999890e+01 1.998891948202130009e-01
3.968750099999999748e+01 1.972467932463912721e-01
3.971250100000000316e+01 1.952021942977431312e-01
3.973750100000000174e+01 1.938773076275138729e-01
3.976250100000000032e+01 1.930811989978949428e-01
3.978750099999999890e+01 1.923196964014178834e-01
3.981250099999999748e+01 1.910084766165105197e-01
3.983750100000000316e+01 1.888193154720232414e-01
3.986250100000000174e+01 1.858980676131926635e-01
3.988750100000000032e+01 1.827338832371285249e-01
3.991250099999999890e+01 1.798051822377642051e-01
3.993750099999999748e+01 1.773813248831647149e-01
3.996250100000000316e+01 1.756105011695758555e-01
3.998750100000000174e+01 1.746551778070186134e-01
