0.000000 1.000000000000
0.087500 0.404536068821
0.112500 0.163691648967
0.137500 0.066253139147
0.162500 0.000000004539
0.187500 0.000000001507
0.237500 0.014581295684
0.262500 0.014196995321
0.287500 0.000000000198
0.312500 0.000022329206
0.337500 0.000347277820
0.362500 0.000155329162
0.387500 0.002485914253
0.412500 0.003365093003
0.437500 0.000000000050
0.462500 0.000250023987
0.487500 0.000054003649
0.512500 0.000000246720
0.537500 0.000004003077
0.562500 0.001480033496
0.587500 0.000084575849
0.612500 0.000107995017
0.637500 0.000009656783
0.662500 0.000001009569
0.687500 0.000022979144
0.712500 0.000293369907
0.737500 0.000387080428
0.762500 0.000031556491
0.787500 0.000008636731
0.812500 0.000005159067
0.837500 0.000009142758
0.862500 0.000000434773
0.887500 0.000258439967
0.912500 0.000023231862
0.937500 0.000012848201
0.962500 0.000006594666
0.987500 0.000003649861
1.012500 0.000000971265
1.037500 0.000063614836
1.062500 0.000103393555
1.087500 0.000005993652
1.112500 0.000001608322
1.137500 0.000003026831
1.162500 0.000000531704
1.187500 0.000023844003
1.212500 0.000050414724
1.237500 0.000003417979
1.262500 0.000002375010
1.287500 0.000003157173
1.312500 0.000000262658
1.337500 0.000000608184
1.362500 0.000025462132
1.387500 0.000030919775
1.412500 0.000002771525
1.437500 0.000000762622
1.462500 0.000000318815
1.487500 0.000000581700
1.512500 0.000007667867
1.537500 0.000019888261
1.562500 0.000001444118
1.587500 0.000002191655
1.612500 0.000000385877
1.637500 0.000000357645
1.662500 0.000011349656
1.687500 0.000000783697
1.712500 0.000008810245
1.737500 0.000000262485
1.762500 0.000000383570
1.787500 0.000004740332
1.812500 0.000000452542
1.837500 0.000003480788
1.862500 0.000021358986
1.887500 0.000001365811
1.912500 0.000001787265
1.937500 0.000000138007
1.962500 0.000000309316
1.987500 0.000006321588
2.012500 0.000000572212
2.037500 0.000011111706
2.062500 0.000000444280
2.087500 0.000000042794
2.112500 0.000000331026
2.137500 0.000001528821
2.162500 0.000000311303
2.187500 0.000007787137
2.212500 0.000000532066
2.237500 0.000001115461
2.262500 0.000000142618
2.287500 0.000000159346
2.312500 0.000003915722
2.337500 0.000000129349
2.362500 0.000004799161
2.387500 0.000000163818
2.412500 0.000000069991
2.437500 0.000000137623
2.462500 0.000000849331
2.487500 0.000000073910
2.512500 0.000003476473
2.537500 0.000000923492
2.562500 0.000000141997
2.587500 0.000000093623
2.612500 0.000000141559
2.637500 0.000002482228
2.662500 0.000000089077
2.687500 0.000002853078
2.712500 0.000000090322
2.737500 0.000000080421
2.762500 0.000000052578
2.787500 0.000000466434
2.812500 0.000000035579
2.837500 0.000002275572
2.862500 0.000000716325
2.887500 0.000000074500
2.912500 0.000000043255
2.937500 0.000001570087
2.962500 0.000000156273
2.987500 0.000000045815
3.012500 0.000001748708
3.037500 0.000000078019
3.062500 0.000000039737
3.087500 0.000000065916
3.112500 0.000000246069
3.137500 0.000000038164
3.162500 0.000001795841
3.187500 0.000000624385
3.212500 0.000000074760
3.237500 0.000000033082
3.262500 0.000001287589
3.287500 0.000000145623
3.312500 0.000000076381
3.337500 0.000001172339
3.362500 0.000000158182
3.387500 0.000000083018
3.412500 0.000000246095
3.437500 0.000000052555
3.462500 0.000000131141
3.487500 0.000000711831
3.512500 0.000000450231
3.537500 0.000000113044
3.562500 0.000000039071
3.587500 0.000002521640
3.612500 0.000000169778
3.637500 0.000000051968
3.662500 0.000003137814
3.687500 0.000000168505
3.712500 0.000000066340
3.737500 0.000000186481
3.762500 0.000000141342
3.787500 0.000000019495
3.812500 0.000001615991
3.837500 0.000000194603
3.862500 0.000000064506
3.887500 0.000000575669
3.912500 0.000000240087
3.937500 0.000000021941
3.962500 0.000000163316
3.987500 0.000001346855
4.012500 0.000000262357
4.037500 0.000000067008
4.062500 0.000000326659
4.087500 0.000000083858
4.112500 0.000000172248
4.137500 0.000000857261
4.162500 0.000000415386
4.187500 0.000000055640
4.212500 0.000000912295
4.237500 0.000000148637
4.262500 0.000000160377
4.287500 0.000000175007
4.312500 0.000000848226
4.337500 0.000000077863
4.362500 0.000000051069
4.387500 0.000000129992
4.412500 0.000000029510
4.437500 0.000000069943
4.462500 0.000001101831
4.487500 0.000000174639
4.512500 0.000000018472
4.537500 0.000000611576
4.562500 0.000000055529
4.587500 0.000000095200
4.612500 0.000000096886
4.637500 0.000003519869
4.662500 0.000000202063
4.687500 0.000000061607
4.712500 0.000004818134
4.737500 0.000000177855
4.762500 0.000000295195
4.787500 0.000001276733
4.812500 0.000000115100
4.837500 0.000000504481
4.862500 0.000000350901
4.887500 0.000000455951
4.912500 0.000000049142
4.937500 0.000000099647
4.962500 0.000000310622
4.987500 0.000000027688
5.012500 0.000000123063
5.037500 0.000000104291
5.062500 0.000000068128
5.087500 0.000000242032
5.112500 0.000000155738
5.137500 0.000000057658
5.162500 0.000000266490
5.187500 0.000000042940
5.212500 0.000000116719
5.237500 0.000000020048
5.262500 0.000000139683
5.287500 0.000000363473
5.312500 0.000000076439
5.337500 0.000000058508
5.362500 0.000000461961
5.387500 0.000000156078
5.412500 0.000000255390
5.437500 0.000000278622
5.462500 0.000000199689
5.487500 0.000000315408
5.512500 0.000000091434
5.537500 0.000000269967
5.562500 0.000000015822
5.587500 0.000000126564
5.612500 0.000000219717
5.637500 0.000000045089
5.662500 0.000000143723
5.687500 0.000000110499
5.712500 0.000000071227
5.737500 0.000000273744
5.762500 0.000000548713
5.787500 0.000000167335
5.812500 0.000000242130
5.837500 0.000000040636
5.862500 0.000000394669
5.887500 0.000000083128
5.912500 0.000000046535
5.937500 0.000000178337
5.962500 0.000000114675
5.987500 0.000000273875
6.012500 0.000000076951
6.037500 0.000000235283
6.062500 0.000000092046
6.087500 0.000000073798
6.112500 0.000000046425
6.137500 0.000000220309
6.162500 0.000000077059
6.187500 0.000000229952
6.212500 0.000000146848
6.237500 0.000000148072
6.262500 0.000000496635
6.287500 0.000000246241
6.312500 0.000000181584
6.337500 0.000000291178
6.362500 0.000000198067
6.387500 0.000000097733
6.412500 0.000000117794
6.437500 0.000000228436
6.462500 0.000000295961
6.487500 0.000000293224
6.512500 0.000000224181
6.537500 0.000000420321
6.562500 0.000000579047
6.587500 0.000000343418
6.612500 0.000000155239
6.637500 0.000000285768
6.662500 0.000000393044
6.687500 0.000000469267
6.712500 0.000000170586
6.737500 0.000000737117
6.762500 0.000000454927
6.787500 0.000000173256
6.812500 0.000000593659
6.837500 0.000001549619
6.862500 0.000000722874
6.887500 0.000001155160
6.912500 0.000002729913
6.937500 0.000001692610
6.962500 0.000000788122
6.987500 0.000001541794
7.012500 0.000000980818
7.037500 0.000000923994
7.062500 0.000000515862
7.087500 0.000001282363
7.112500 0.000001134955
7.137500 0.000001593081
7.162500 0.000000435784
7.187500 0.000000792711
7.212500 0.000000484762
7.237500 0.000000270720
7.262500 0.000000300303
7.287500 0.000000104256
7.312500 0.000000448143
7.337500 0.000000153466
7.362500 0.000000092059
7.387500 0.000000408312
7.412500 0.000000159822
7.437500 0.000000164055
7.462500 0.000000200156
7.487500 0.000000172762
7.512500 0.000000144669
7.537500 0.000000169269
7.562500 0.000000353674
7.587500 0.000000160300
7.612500 0.000000183684
7.637500 0.000000562997
7.662500 0.000000298394
7.687500 0.000000241077
7.712500 0.000000530170
7.737500 0.000000200760
7.762500 0.000000373085
7.787500 0.000000583441
7.812500 0.000000360619
7.837500 0.000000246624
7.862500 0.000000414096
7.887500 0.000000656167
7.912500 0.000000225211
7.937500 0.000000916481
7.962500 0.000000386839
7.987500 0.000000701697
8.012500 0.000000656580
8.037500 0.000000526320
8.062500 0.000000921940
8.087500 0.000000892342
8.112500 0.000001045987
8.137500 0.000000290607
8.162500 0.000000644066
8.187500 0.000000453527
8.212500 0.000000262355
8.237500 0.000000343494
8.262500 0.000000461670
8.287500 0.000000355995
8.312500 0.000000300260
8.337500 0.000000261535
8.362500 0.000000300759
8.387500 0.000000241399
8.412500 0.000000195997
8.437500 0.000000191971
8.462500 0.000000197285
8.487500 0.000000272524
8.512500 0.000000242745
8.537500 0.000000703282
8.562500 0.000000207231
8.587500 0.000000516571
8.612500 0.000000388983
8.637500 0.000000297468
8.662500 0.000000303660
8.687500 0.000000322236
8.712500 0.000000305716
8.737500 0.000000309136
8.762500 0.000000265970
8.787500 0.000000196305
8.812500 0.000000468968
8.837500 0.000000366339
8.862500 0.000000427109
8.887500 0.000000325782
8.912500 0.000000787412
8.937500 0.000000376071
8.962500 0.000000199347
8.987500 0.000000373135
9.012500 0.000000191556
9.037500 0.000000289014
9.062500 0.000000202115
9.087500 0.000000307160
9.112500 0.000000255347
9.137500 0.000000410385
9.162500 0.000000277602
9.187500 0.000000327081
9.212500 0.000000335837
9.237500 0.000000375939
9.262500 0.000000240123
9.287500 0.000000374167
9.312500 0.000000222007
9.337500 0.000000600943
9.362500 0.000001390630
9.387500 0.000000452702
9.412500 0.000000702859
9.437500 0.000002671728
9.462500 0.000000618288
9.487500 0.000000434694
9.512500 0.000001065441
9.537500 0.000000386915
9.562500 0.000000804252
9.587500 0.000000209165
9.612500 0.000001175147
9.637500 0.000000231009
9.662500 0.000000957380
9.687500 0.000000329510
9.712500 0.000000271767
9.737500 0.000000485798
9.762500 0.000000361260
9.787500 0.000000448036
9.812500 0.000000431638
9.837500 0.000000545641
9.862500 0.000000718005
9.887500 0.000000302261
9.912500 0.000000756690
9.937500 0.000000446967
9.962500 0.000000644224
9.987500 0.000000716638
10.012500 0.000000808743
10.037500 0.000000487648
10.062500 0.000000710153
10.087500 0.000000655046
10.112500 0.000000398796
10.137500 0.000000965855
10.162500 0.000000418970
10.187500 0.000001205578
10.212500 0.000001009071
10.237500 0.000000786262
10.262500 0.000001093751
10.287500 0.000001413045
10.312500 0.000000720113
10.337500 0.000000725991
10.362500 0.000000682542
10.387500 0.000000441876
10.412500 0.000000520280
10.437500 0.000000340899
10.462500 0.000000457713
10.487500 0.000000585932
10.512500 0.000000675450
10.537500 0.000000436899
10.562500 0.000000550725
10.587500 0.000000602959
10.612500 0.000000424465
10.637500 0.000000768318
10.662500 0.000000299750
10.687500 0.000000892424
10.712500 0.000000390777
10.737500 0.000001185831
10.762500 0.000000416365
10.787500 0.000000511414
10.812500 0.000000645077
10.837500 0.000000791653
10.862500 0.000000540708
10.887500 0.000000450623
10.912500 0.000000651180
10.937500 0.000000547451
10.962500 0.000000277550
10.987500 0.000000715476
11.012500 0.000000355008
11.037500 0.000000670213
11.062500 0.000001408762
11.087500 0.000000660250
11.112500 0.000001075328
11.137500 0.000002809385
11.162500 0.000001032403
11.187500 0.000000762702
11.212500 0.000001482690
11.237500 0.000000655928
11.262500 0.000000543919
11.287500 0.000000688576
11.312500 0.000000827623
11.337500 0.000000720006
11.362500 0.000000715246
11.387500 0.000000967182
11.412500 0.000000609098
11.437500 0.000000762118
11.462500 0.000000856189
11.487500 0.000000653840
11.512500 0.000000421937
11.537500 0.000001167710
11.562500 0.000000357242
11.587500 0.000000571275
11.612500 0.000000762788
11.637500 0.000000746805
11.662500 0.000000701161
11.687500 0.000001235929
11.712500 0.000000808527
11.737500 0.000000886117
11.762500 0.000001390021
11.787500 0.000001035962
11.812500 0.000000404262
11.837500 0.000000421391
11.862500 0.000000708064
11.887500 0.000000406970
11.912500 0.000000479669
11.937500 0.000000472647
11.962500 0.000000584326
11.987500 0.000000742364
12.012500 0.000000780791
12.037500 0.000000600379
12.062500 0.000001112135
12.087500 0.000002969061
12.112500 0.000000719622
12.137500 0.000000779638
12.162500 0.000001633074
12.187500 0.000000596557
12.212500 0.000000599339
12.237500 0.000000628696
12.262500 0.000000446470
12.287500 0.000000748717
12.312500 0.000001213023
12.337500 0.000002486814
12.362500 0.000000722660
12.387500 0.000000370995
12.412500 0.000017206689
12.437500 0.000004177767
12.462500 0.000008679479
12.487500 0.000021691073
12.512500 0.000008965619
12.537500 0.000022881580
12.562500 0.000009582320
12.587500 0.000002097395
12.612500 0.000013301154
12.637500 0.000004860007
12.662500 0.000017109061
12.687500 0.000001296409
12.712500 0.000001665672
12.737500 0.000016107629
12.762500 0.000002094459
12.787500 0.000002213077
12.812500 0.000003240006
12.837500 0.000001959012
12.862500 0.000001557517
12.887500 0.000001226000
12.912500 0.000000935702
12.937500 0.000001442272
12.962500 0.000001823114
12.987500 0.000000688815
13.012500 0.000001283851
13.037500 0.000002530579
13.062500 0.000000935257
13.087500 0.000001223196
13.112500 0.000000893174
13.137500 0.000001079073
13.162500 0.000002505684
13.187500 0.000001467849
13.212500 0.000001048039
13.237500 0.000001430808
13.262500 0.000001628795
13.287500 0.000001559409
13.312500 0.000004908172
13.337500 0.000008989266
13.362500 0.000005753883
13.387500 0.000008605561
13.412500 0.000019473562
13.437500 0.000008941434
13.462500 0.000005255215
13.487500 0.000008429087
13.512500 0.000004793896
13.537500 0.000001419947
13.562500 0.000001942468
13.587500 0.000001650791
13.612500 0.000002223913
13.637500 0.000002673165
13.662500 0.000002175900
13.687500 0.000004683367
13.712500 0.000001321800
13.737500 0.000009756210
13.762500 0.000002181912
13.787500 0.000012242904
13.812500 0.000003558609
13.837500 0.000003376207
13.862500 0.000010015478
13.887500 0.000002787718
13.912500 0.000006257042
13.937500 0.000005606220
13.962500 0.000007173931
13.987500 0.000012808048
14.012500 0.000015252642
14.037500 0.000019336307
14.062500 0.000015012679
14.087500 0.000015677655
14.112500 0.000013764121
14.137500 0.000006205516
14.162500 0.000004716463
14.187500 0.000006642543
14.212500 0.000010391182
14.237500 0.000002565260
14.262500 0.000008875765
14.287500 0.000011567388
14.312500 0.000002366798
14.337500 0.000008976206
14.362500 0.000005955118
14.387500 0.000007616023
14.412500 0.000009758863
14.437500 0.000005957456
14.462500 0.000009998292
14.487500 0.000004620140
14.512500 0.000003760356
14.537500 0.000003545019
14.562500 0.000007252893
14.587500 0.000008158175
14.612500 0.000008431131
14.637500 0.000008286532
14.662500 0.000007816463
14.687500 0.000007770549
14.712500 0.000004616251
14.737500 0.000007269409
14.762500 0.000009262317
14.787500 0.000006289201
14.812500 0.000008628133
14.837500 0.000016617328
14.862500 0.000008025363
14.887500 0.000008603051
14.912500 0.000005726255
14.937500 0.000004847605
14.962500 0.000002412803
14.987500 0.000001960314
15.012500 0.000002349412
15.037500 0.000002388635
15.062500 0.000002753340
15.087500 0.000003511141
15.112500 0.000003430015
15.137500 0.000004445921
15.162500 0.000005417475
15.187500 0.000007212757
15.212500 0.000003236771
15.237500 0.000005274883
15.262500 0.000001662488
15.287500 0.000002070991
15.312500 0.000002041946
15.337500 0.000001445673
15.362500 0.000001538862
15.387500 0.000001322247
15.412500 0.000001784671
15.437500 0.000001986506
15.462500 0.000001129097
15.487500 0.000002082583
15.512500 0.000002215123
15.537500 0.000001783449
15.562500 0.000001395621
15.587500 0.000001178827
15.612500 0.000002343831
15.637500 0.000002243013
15.662500 0.000001643742
15.687500 0.000002143558
15.712500 0.000002280536
15.737500 0.000001821449
15.762500 0.000001399249
15.787500 0.000001391195
15.812500 0.000001026919
15.837500 0.000001238286
15.862500 0.000000717100
15.887500 0.000000845216
15.912500 0.000000821204
15.937500 0.000000892613
15.962500 0.000000868463
15.987500 0.000000812991
16.012500 0.000000877524
16.037500 0.000001208552
16.062500 0.000001442188
16.087500 0.000001196525
16.112500 0.000001819648
16.137500 0.000002189372
16.162500 0.000001658537
16.187500 0.000001770470
16.212500 0.000001116985
16.237500 0.000001143991
16.262500 0.000001401444
16.287500 0.000000797119
16.312500 0.000001885365
16.337500 0.000001311892
16.362500 0.000001414441
16.387500 0.000001101475
16.412500 0.000000978451
16.437500 0.000000814284
16.462500 0.000000794522
16.487500 0.000000747496
16.512500 0.000001267169
16.537500 0.000000824616
16.562500 0.000001058486
16.587500 0.000001221569
16.612500 0.000001092371
16.637500 0.000000901057
16.662500 0.000001016898
16.687500 0.000000825616
16.712500 0.000000914086
16.737500 0.000000865876
16.762500 0.000000946195
16.787500 0.000001080988
16.812500 0.000000985209
16.837500 0.000000938693
16.862500 0.000001182483
16.887500 0.000000665343
16.912500 0.000001179698
16.937500 0.000001122029
16.962500 0.000000886649
16.987500 0.000001381870
17.012500 0.000000844693
17.037500 0.000000952287
17.062500 0.000000831376
17.087500 0.000000812734
17.112500 0.000000728621
17.137500 0.000000774329
17.162500 0.000000717815
17.187500 0.000000639336
17.212500 0.000000999206
17.237500 0.000000993590
17.262500 0.000000810264
17.287500 0.000000922510
17.312500 0.000001042456
17.337500 0.000000941916
17.362500 0.000000701196
17.387500 0.000000790898
17.412500 0.000000992239
17.437500 0.000000918003
17.462500 0.000000977618
17.487500 0.000000974873
17.512500 0.000001056302
17.537500 0.000000701242
17.562500 0.000000788182
17.587500 0.000000651030
17.612500 0.000000542608
17.637500 0.000000650733
17.662500 0.000000833568
17.687500 0.000000731862
17.712500 0.000000731007
17.737500 0.000001029253
17.762500 0.000000820879
17.787500 0.000000878255
17.812500 0.000000877316
17.837500 0.000000948948
17.862500 0.000001061382
17.887500 0.000000825153
17.912500 0.000000846794
17.937500 0.000000865158
17.962500 0.000000903208
17.987500 0.000001166316
18.012500 0.000001165256
18.037500 0.000000962209
18.062500 0.000001931709
18.087500 0.000002482553
18.112500 0.000002543889
18.137500 0.000005512188
18.162500 0.000005740251
18.187500 0.000002858034
18.212500 0.000010926516
18.237500 0.000006851325
18.262500 0.000005947236
18.287500 0.000001634525
18.312500 0.000003711167
18.337500 0.000001434617
18.362500 0.000001557082
18.387500 0.000000859821
18.412500 0.000001759003
18.437500 0.000001093037
18.462500 0.000000870033
18.487500 0.000001313338
18.512500 0.000001992479
18.537500 0.000000882081
18.562500 0.000001394036
18.587500 0.000001239651
18.612500 0.000000839008
18.637500 0.000001113165
18.662500 0.000000750676
18.687500 0.000001324952
18.712500 0.000000651020
18.737500 0.000000891786
18.762500 0.000001122284
18.787500 0.000000877564
18.812500 0.000000725537
18.837500 0.000001063278
18.862500 0.000000826236
18.887500 0.000000833105
18.912500 0.000000912289
18.937500 0.000000767040
18.962500 0.000001027502
18.987500 0.000001060828
19.012500 0.000001095838
19.037500 0.000001465216
19.062500 0.000001338673
19.087500 0.000001926850
19.112500 0.000001479963
19.137500 0.000002170723
19.162500 0.000002162117
19.187500 0.000003393253
19.212500 0.000005544256
19.237500 0.000004382828
19.262500 0.000005268360
19.287500 0.000007057680
19.312500 0.000003825835
19.337500 0.000004676958
19.362500 0.000001789270
19.387500 0.000002261120
19.412500 0.000001320426
19.437500 0.000001119072
19.462500 0.000001234538
19.487500 0.000001384812
19.512500 0.000001414265
19.537500 0.000001100557
19.562500 0.000001254682
19.587500 0.000001167167
19.612500 0.000001048469
19.637500 0.000000901974
19.662500 0.000000883219
19.687500 0.000000898457
19.712500 0.000000850609
19.737500 0.000000825940
19.762500 0.000000816390
19.787500 0.000000750371
19.812500 0.000000866235
19.837500 0.000000659813
19.862500 0.000000713832
19.887500 0.000000696206
19.912500 0.000000729206
19.937500 0.000000752042
19.962500 0.000000902753
19.987500 0.000000771881
20.012500 0.000001481715
20.037500 0.000000966602
20.062500 0.000001315281
20.087500 0.000001163473
20.112500 0.000000953019
20.137500 0.000001112427
20.162500 0.000001169459
20.187500 0.000000873254
20.212500 0.000001098485
20.237500 0.000001110671
20.262500 0.000000795521
20.287500 0.000001015113
20.312500 0.000000773835
20.337500 0.000000905095
20.362500 0.000000757721
20.387500 0.000000963777
20.412500 0.000001024022
20.437500 0.000000946412
20.462500 0.000001080738
20.487500 0.000000921722
20.512500 0.000001016107
20.537500 0.000000734652
20.562500 0.000000842010
20.587500 0.000000726711
20.612500 0.000000907097
20.637500 0.000000791435
20.662500 0.000001151909
20.687500 0.000000639685
20.712500 0.000001069060
20.737500 0.000000741669
20.762500 0.000000725071
20.787500 0.000000995127
20.812500 0.000000680101
20.837500 0.000000795185
20.862500 0.000000644161
20.887500 0.000000578452
20.912500 0.000000728904
20.937500 0.000000727358
20.962500 0.000000653623
20.987500 0.000000882524
21.012500 0.000000916957
21.037500 0.000000774468
21.062500 0.000001034043
21.087500 0.000000844409
21.112500 0.000000935899
21.137500 0.000000672541
21.162500 0.000000800445
21.187500 0.000000763691
21.212500 0.000000780292
21.237500 0.000000926018
21.262500 0.000000808889
21.287500 0.000000864997
21.312500 0.000000792879
21.337500 0.000000760068
21.362500 0.000000747211
21.387500 0.000000867680
21.412500 0.000001091985
21.437500 0.000001045535
21.462500 0.000001317010
21.487500 0.000001012621
21.512500 0.000001300782
21.537500 0.000001142055
21.562500 0.000001423131
21.587500 0.000001154479
21.612500 0.000002069483
21.637500 0.000001273628
21.662500 0.000001799833
21.687500 0.000004659836
21.712500 0.000001045035
21.737500 0.000006006047
21.762500 0.000001368237
21.787500 0.000004675095
21.812500 0.000001481098
21.837500 0.000002445916
21.862500 0.000001289447
21.887500 0.000001297462
21.912500 0.000000987520
21.937500 0.000001017174
21.962500 0.000001093663
21.987500 0.000000842642
22.012500 0.000001002398
22.037500 0.000001185915
22.062500 0.000000820445
22.087500 0.000000989099
22.112500 0.000000931431
22.137500 0.000000999566
22.162500 0.000000951490
22.187500 0.000000967778
22.212500 0.000001362440
22.237500 0.000000928793
22.262500 0.000001393827
22.287500 0.000000964285
22.312500 0.000002441115
22.337500 0.000001262412
22.362500 0.000002298010
22.387500 0.000003887630
22.412500 0.000004168828
22.437500 0.000004005253
22.462500 0.000001864183
22.487500 0.000003939301
22.512500 0.000006301485
22.537500 0.000006011526
22.562500 0.000007796203
22.587500 0.000011132914
22.612500 0.000012840358
22.637500 0.000008600726
22.662500 0.000007495160
22.687500 0.000006086804
22.712500 0.000007186441
22.737500 0.000006623328
22.762500 0.000004080469
22.787500 0.000006907653
22.812500 0.000005139639
22.837500 0.000003413165
22.862500 0.000003212227
22.887500 0.000002044606
22.912500 0.000001725816
22.937500 0.000001902695
22.962500 0.000002049870
22.987500 0.000002390957
23.012500 0.000003101647
23.037500 0.000003593930
23.062500 0.000006470213
23.087500 0.000003902671
23.112500 0.000003750658
23.137500 0.000005741017
23.162500 0.000002277352
23.187500 0.000002423269
23.212500 0.000002142308
23.237500 0.000002526423
23.262500 0.000004546240
23.287500 0.000002585889
23.312500 0.000004977437
23.337500 0.000004618198
23.362500 0.000003418956
23.387500 0.000002270366
23.412500 0.000001754662
23.437500 0.000001802980
23.462500 0.000002525755
23.487500 0.000001929746
23.512500 0.000001268290
23.537500 0.000001790408
23.562500 0.000001193946
23.587500 0.000001414423
23.612500 0.000000927277
23.637500 0.000001053250
23.662500 0.000000947502
23.687500 0.000001042316
23.712500 0.000000858881
23.737500 0.000000955003
23.762500 0.000000839921
23.787500 0.000001172376
23.812500 0.000000902250
23.837500 0.000000846794
23.862500 0.000000987666
23.887500 0.000000954509
23.912500 0.000001153691
23.937500 0.000001101833
23.962500 0.000000922069
23.987500 0.000001107386
24.012500 0.000000858691
24.037500 0.000000772501
24.062500 0.000001180466
24.087500 0.000000774880
24.112500 0.000001077714
24.137500 0.000000977375
24.162500 0.000000829186
24.187500 0.000000919267
24.212500 0.000000909083
24.237500 0.000001186596
24.262500 0.000001070081
24.287500 0.000001049590
24.312500 0.000000622789
24.337500 0.000001099602
24.362500 0.000000994350
24.387500 0.000001169415
24.412500 0.000001279735
24.437500 0.000001007791
24.462500 0.000000804419
24.487500 0.000000842729
24.512500 0.000000833261
24.537500 0.000000984495
24.562500 0.000001361038
24.587500 0.000001127506
24.612500 0.000000742063
24.637500 0.000000634892
24.662500 0.000000732765
24.687500 0.000000736335
24.712500 0.000002068506
24.737500 0.000001585602
24.762500 0.000000726968
24.787500 0.000000938425
24.812500 0.000000817426
24.837500 0.000000736998
24.862500 0.000000607812
24.887500 0.000005959279
24.912500 0.000002534055
24.937500 0.000002770639
24.962500 0.000003610899
24.987500 0.000000668858
25.012500 0.000005872562
25.037500 0.000040718713
25.062500 0.000022542219
25.087500 0.000001265755
25.112500 0.000002152814
25.137500 0.000000983901
25.162500 0.000000847873
25.187500 0.000000993603
25.212500 0.000000951774
25.237500 0.000001047204
25.262500 0.000000849026
25.287500 0.000000858144
25.312500 0.000000843633
25.337500 0.000001938197
25.362500 0.000001013319
25.387500 0.000003217696
25.412500 0.000003842190
25.437500 0.000005980085
25.462500 0.000001129976
25.487500 0.000004205060
25.512500 0.000003169750
25.537500 0.000001429672
25.562500 0.000001982201
25.587500 0.000001775703
25.612500 0.000001221965
25.637500 0.000002001855
25.662500 0.000002447610
25.687500 0.000002241132
25.712500 0.000002903493
25.737500 0.000004120831
25.762500 0.000003800883
25.787500 0.000003966786
25.812500 0.000005970825
25.837500 0.000003134713
25.862500 0.000003686422
25.887500 0.000002537555
25.912500 0.000002998963
25.937500 0.000003049903
25.962500 0.000002564730
25.987500 0.000004764142
26.012500 0.000004876877
26.037500 0.000003906821
26.062500 0.000004243924
26.087500 0.000004822698
26.112500 0.000006612027
26.137500 0.000005559037
26.162500 0.000008893420
26.187500 0.000008462149
26.212500 0.000006019791
26.237500 0.000006915911
26.262500 0.000005186918
26.287500 0.000003699407
26.312500 0.000004011316
26.337500 0.000001995704
26.362500 0.000002474592
26.387500 0.000001445556
26.412500 0.000001486282
26.437500 0.000001243930
26.462500 0.000001091481
26.487500 0.000001021880
26.512500 0.000000962523
26.537500 0.000000846356
26.562500 0.000000933605
26.587500 0.000000803239
26.612500 0.000000840169
26.637500 0.000000798523
26.662500 0.000000756930
26.687500 0.000000838688
26.712500 0.000000703090
26.737500 0.000000951684
26.762500 0.000000862692
26.787500 0.000001005036
26.812500 0.000000752054
26.837500 0.000000712292
26.862500 0.000000691494
26.887500 0.000000675502
26.912500 0.000000960726
26.937500 0.000000997233
26.962500 0.000000785089
26.987500 0.000001215825
27.012500 0.000001081050
27.037500 0.000001126536
27.062500 0.000000919655
27.087500 0.000001153364
27.112500 0.000001097210
27.137500 0.000000711251
27.162500 0.000000845469
27.187500 0.000000856283
27.212500 0.000000760134
27.237500 0.000000683897
27.262500 0.000000829893
27.287500 0.000000668673
27.312500 0.000000748580
27.337500 0.000000619360
27.362500 0.000000605319
27.387500 0.000000632876
27.412500 0.000000837753
27.437500 0.000000674640
27.462500 0.000000750627
27.487500 0.000000877613
27.512500 0.000000682375
27.537500 0.000000922011
27.562500 0.000000687449
27.587500 0.000000836872
27.612500 0.000000841700
27.637500 0.000000874419
27.662500 0.000001310790
27.687500 0.000000961736
27.712500 0.000000991546
27.737500 0.000000807009
27.762500 0.000001022268
27.787500 0.000000756091
27.812500 0.000001461722
27.837500 0.000001073146
27.862500 0.000000847724
27.887500 0.000000793563
27.912500 0.000001451043
27.937500 0.000000908497
27.962500 0.000003300075
27.987500 0.000004318905
28.012500 0.000001738945
28.037500 0.000002990882
28.062500 0.000004525780
28.087500 0.000003212466
28.112500 0.000000569440
28.137500 0.000000965868
28.162500 0.000000660648
28.187500 0.000000556323
28.212500 0.000000813861
28.237500 0.000000931648
28.262500 0.000000718450
28.287500 0.000000816804
28.312500 0.000000875252
28.337500 0.000000633932
28.362500 0.000000579657
28.387500 0.000002020044
28.412500 0.000003117855
28.437500 0.000001325867
28.462500 0.000002176927
28.487500 0.000000568177
28.512500 0.000000896189
28.537500 0.000001040417
28.562500 0.000000997647
28.587500 0.000001688786
28.612500 0.000001936708
28.637500 0.000002226454
28.662500 0.000001478189
28.687500 0.000003592577
28.712500 0.000003910804
28.737500 0.000002238609
28.762500 0.000003827429
28.787500 0.000001073547
28.812500 0.000003335076
28.837500 0.000001929119
28.862500 0.000001324756
28.887500 0.000001586355
28.912500 0.000000974515
28.937500 0.000001008977
28.962500 0.000000808401
28.987500 0.000000832681
29.012500 0.000000702912
29.037500 0.000000683855
29.062500 0.000000875121
29.087500 0.000001035899
29.112500 0.000001360484
29.137500 0.000001196804
29.162500 0.000001236145
29.187500 0.000000969900
29.212500 0.000001000289
29.237500 0.000000954365
29.262500 0.000000763005
29.287500 0.000000542352
29.312500 0.000000821531
29.337500 0.000000605493
29.362500 0.000000693349
29.387500 0.000000453949
29.412500 0.000000907183
29.437500 0.000000606398
29.462500 0.000001001914
29.487500 0.000000518567
29.512500 0.000000949028
29.537500 0.000000904018
29.562500 0.000001026788
29.587500 0.000000621434
29.612500 0.000000917521
29.637500 0.000000855367
29.662500 0.000000532459
29.687500 0.000000802832
29.712500 0.000000588169
29.737500 0.000000797908
29.762500 0.000000579063
29.787500 0.000000678633
29.812500 0.000000565161
29.837500 0.000000710951
29.862500 0.000000465499
29.887500 0.000000531417
29.912500 0.000000563646
29.937500 0.000000492851
29.962500 0.000000502166
29.987500 0.000000547815
30.012500 0.000000558250
30.037500 0.000000614647
30.062500 0.000000470908
30.087500 0.000000614127
30.112500 0.000000462065
30.137500 0.000000575275
30.162500 0.000000575303
30.187500 0.000000495940
30.212500 0.000000535671
30.237500 0.000000558299
30.262500 0.000000466720
30.287500 0.000000542506
30.312500 0.000000535314
30.337500 0.000000527667
30.362500 0.000000615435
30.387500 0.000000521961
30.412500 0.000000606342
30.437500 0.000000651197
30.462500 0.000000607979
30.487500 0.000000698796
30.512500 0.000000594607
30.537500 0.000000647784
30.562500 0.000000583879
30.587500 0.000000671180
30.612500 0.000000551216
30.637500 0.000000617594
30.662500 0.000000633100
30.687500 0.000000653665
30.712500 0.000000895495
30.737500 0.000000834559
30.762500 0.000000904018
30.787500 0.000000929332
30.812500 0.000000953615
30.837500 0.000001016378
30.862500 0.000000986146
30.887500 0.000001041127
30.912500 0.000001117882
30.937500 0.000002556342
30.962500 0.000003334488
30.987500 0.000001281898
31.012500 0.000002664853
31.037500 0.000001392254
31.062500 0.000001169297
31.087500 0.000001388912
31.112500 0.000001448373
31.137500 0.000001482048
31.162500 0.000001989866
31.187500 0.000002784324
31.212500 0.000004671011
31.237500 0.000006121975
31.262500 0.000009246458
31.287500 0.000006984131
31.312500 0.000010093261
31.337500 0.000009103426
31.362500 0.000006607948
31.387500 0.000007120707
31.412500 0.000006227311
31.437500 0.000005663736
31.462500 0.000004036290
31.487500 0.000003573554
31.512500 0.000002778025
31.537500 0.000002880328
31.562500 0.000003462423
31.587500 0.000004717032
31.612500 0.000003787140
31.637500 0.000008039953
31.662500 0.000006412636
31.687500 0.000003368479
31.712500 0.000003165882
31.737500 0.000002848511
31.762500 0.000002601028
31.787500 0.000001507918
31.812500 0.000002126145
31.837500 0.000001354727
31.862500 0.000001305581
31.887500 0.000000813124
31.912500 0.000001129870
31.937500 0.000000894447
31.962500 0.000001127698
31.987500 0.000000773623
32.012500 0.000001032787
32.037500 0.000000604157
32.062500 0.000000718501
32.087500 0.000000493790
32.112500 0.000000511484
32.137500 0.000000529904
32.162500 0.000000553497
32.187500 0.000000458396
32.212500 0.000000797439
32.237500 0.000000647988
32.262500 0.000000931905
32.287500 0.000000630959
32.312500 0.000000936046
32.337500 0.000000587656
32.362500 0.000000578898
32.387500 0.000000558998
32.412500 0.000000404095
32.437500 0.000000463014
32.462500 0.000000366031
32.487500 0.000000482737
32.512500 0.000000450834
32.537500 0.000000357529
32.562500 0.000000420746
32.587500 0.000000413641
32.612500 0.000000439040
32.637500 0.000000440575
32.662500 0.000000711625
32.687500 0.000000461029
32.712500 0.000000604039
32.737500 0.000000436924
32.762500 0.000000594868
32.787500 0.000000380752
32.812500 0.000000637933
32.837500 0.000000374251
32.862500 0.000000712727
32.887500 0.000000421627
32.912500 0.000000563791
32.937500 0.000000389191
32.962500 0.000000470563
32.987500 0.000000496808
33.012500 0.000000602923
33.037500 0.000000466003
33.062500 0.000000800784
33.087500 0.000001047431
33.112500 0.000000389781
33.137500 0.000001854490
33.162500 0.000002410272
33.187500 0.000000553029
33.212500 0.000001682026
33.237500 0.000000710832
33.262500 0.000000463107
33.287500 0.000000590018
33.312500 0.000000558813
33.337500 0.000000690219
33.362500 0.000000789206
33.387500 0.000000640885
33.412500 0.000000835408
33.437500 0.000000730865
33.462500 0.000000962519
33.487500 0.000000731797
33.512500 0.000000784855
33.537500 0.000001218721
33.562501 0.000001399449
33.587501 0.000002297631
33.612501 0.000002038171
33.637501 0.000001843361
33.662501 0.000003414402
33.687501 0.000000394860
33.712501 0.000003003468
33.737501 0.000001407130
33.762501 0.000000388448
33.787501 0.000000752156
33.812501 0.000000524467
33.837501 0.000000953134
33.862501 0.000000601101
33.887501 0.000000582479
33.912501 0.000000483169
33.937501 0.000000605860
33.962501 0.000000518425
33.987501 0.000000602467
34.012501 0.000000652977
34.037501 0.000000463687
34.062501 0.000000648586
34.087501 0.000000742551
34.112501 0.000000565118
34.137501 0.000000482592
34.162501 0.000000423421
34.187501 0.000000743891
34.212501 0.000000662619
34.237501 0.000000314855
34.262501 0.000000376590
34.287501 0.000000381458
34.312501 0.000000366258
34.337501 0.000000267076
34.362501 0.000000295047
34.387501 0.000000310168
34.412501 0.000000513905
34.437501 0.000000337860
34.462501 0.000000261451
34.487501 0.000000477517
34.512501 0.000000482247
34.537501 0.000000429895
34.562501 0.000000229217
34.587501 0.000000275154
34.612501 0.000000424858
34.637501 0.000000467482
34.662501 0.000000475839
34.687501 0.000000308011
34.712501 0.000000316084
34.737501 0.000000836718
34.762501 0.000000611720
34.787501 0.000000382508
34.812501 0.000000335085
34.837501 0.000000756750
34.862501 0.000001103583
34.887501 0.000000542188
34.912501 0.000000481763
34.937501 0.000000787098
34.962501 0.000001520274
34.987501 0.000001100920
35.012501 0.000000367174
35.037501 0.000000321942
35.062501 0.000001311894
35.087501 0.000002107309
35.112501 0.000000418168
35.137501 0.000000591297
35.162501 0.000000469027
35.187501 0.000002405873
35.212501 0.000004253889
35.237501 0.000000662254
35.262501 0.000001138779
35.287501 0.000000886611
35.312501 0.000014630924
35.337501 0.000000553122
35.362501 0.000005143387
35.387501 0.000001221964
35.412501 0.000027863383
35.437501 0.000044334336
35.462501 0.000003147351
35.487501 0.000001939409
35.512501 0.000000598539
35.537501 0.000000878625
35.562501 0.000001324340
35.587501 0.000000904198
35.612501 0.000001098173
35.637501 0.000002027266
35.662501 0.000003191293
35.687501 0.000004409359
35.712501 0.000006456579
35.737501 0.000004154314
35.762501 0.000002922554
35.787501 0.000001336975
35.812501 0.000000506646
35.837501 0.000000330555
35.862501 0.000000720810
35.887501 0.000000352985
35.912501 0.000000200648
35.937501 0.000000331002
35.962501 0.000000402263
35.987501 0.000000301191
36.012501 0.000000470268
36.037501 0.000000161121
36.062501 0.000000697436
36.087501 0.000000190778
36.112501 0.000000354666
36.137501 0.000000255928
36.162501 0.000000244189
36.187501 0.000000336168
36.212501 0.000000130026
36.237501 0.000000710645
36.262501 0.000000276793
36.287501 0.000000886336
36.312501 0.000000348182
36.337501 0.000000431280
36.362501 0.000000343761
36.387501 0.000000202126
36.412501 0.000000275544
36.437501 0.000000267262
36.462501 0.000000236233
36.487501 0.000000239204
36.512501 0.000000188401
36.537501 0.000000183382
36.562501 0.000000246276
36.587501 0.000000240407
36.612501 0.000000246813
36.637501 0.000000441150
36.662501 0.000000297849
36.687501 0.000000422653
36.712501 0.000000176026
36.737501 0.000000166036
36.762501 0.000000174348
36.787501 0.000000328957
36.812501 0.000000231934
36.837501 0.000000169132
36.862501 0.000000214462
36.887501 0.000000208731
36.912501 0.000000205989
36.937501 0.000000159321
36.962501 0.000000162205
36.987501 0.000000375155
37.012501 0.000000221499
37.037501 0.000000365029
37.062501 0.000000386821
37.087501 0.000000264648
37.112501 0.000000280637
37.137501 0.000000234647
37.162501 0.000000187919
37.187501 0.000000349124
37.212501 0.000000442794
37.237501 0.000000483187
37.262501 0.000000132954
37.287501 0.000000546403
37.312501 0.000000797360
37.337501 0.000000445366
37.362501 0.000000128205
37.387501 0.000000474761
37.412501 0.000001195418
37.437501 0.000000765205
37.462501 0.000000234770
37.487501 0.000000095780
37.512501 0.000000988241
37.537501 0.000003399132
37.562501 0.000002917049
37.587501 0.000000128417
37.612501 0.000002970391
37.637501 0.000003047395
37.662501 0.000000495135
37.687501 0.000000300164
37.712501 0.000000276995
37.737501 0.000000633286
37.762501 0.000000175989
37.787501 0.000000153815
37.812501 0.000000133004
37.837501 0.000000231222
37.862501 0.000000233182
37.887501 0.000000180525
37.912501 0.000000113746
37.937501 0.000000138092
37.962501 0.000000169657
37.987501 0.000000116699
38.012501 0.000000117938
38.037501 0.000000123788
38.062501 0.000000176514
38.087501 0.000000209720
38.112501 0.000000151298
38.137501 0.000000296248
38.162501 0.000000140413
38.187501 0.000000606715
38.212501 0.000000355928
38.237501 0.000000349240
38.262501 0.000000197013
38.287501 0.000000172278
38.312501 0.000000194401
38.337501 0.000000214096
38.362501 0.000000106736
38.387501 0.000000135455
38.412501 0.000000160540
38.437501 0.000000199241
38.462501 0.000000154461
38.487501 0.000000241098
38.512501 0.000000110582
38.537501 0.000000187234
38.562501 0.000000242284
38.587501 0.000000454089
38.612501 0.000000387051
38.637501 0.000001050600
38.662501 0.000000057308
38.687501 0.000000663038
38.712501 0.000000159965
38.737501 0.000000446361
38.762501 0.000000075723
38.787501 0.000000198367
38.812501 0.000000107196
38.837501 0.000000088085
38.862501 0.000000100887
38.887501 0.000000088033
38.912501 0.000000072283
38.937501 0.000000062468
38.962501 0.000000050124
38.987501 0.000000079594
39.012501 0.000000048350
39.037501 0.000000069933
39.062501 0.000000087277
39.087501 0.000000093123
39.112501 0.000000105050
39.137501 0.000000043646
39.162501 0.000000114730
39.187501 0.000000184910
39.212501 0.000000052284
39.237501 0.000000199141
39.262501 0.000000035174
39.287501 0.000000125994
39.312501 0.000000057674
39.337501 0.000000105143
39.362501 0.000000104549
39.387501 0.000000033759
39.412501 0.000000076508
39.437501 0.000000058290
39.462501 0.000000129356
39.487501 0.000000082808
39.512501 0.000000257396
39.537501 0.000000121217
39.562501 0.000000120593
39.587501 0.000000135574
39.612501 0.000000079337
39.637501 0.000000163680
39.662501 0.000000052486
39.687501 0.000000097277
39.712501 0.000000040270
39.737501 0.000000053449
39.762501 0.000000061498
39.787501 0.000000059001
39.812501 0.000000070891
39.837501 0.000000050424
39.862501 0.000000106962
39.887501 0.000000021920
39.912501 0.000000136895
39.937501 0.000000075532
39.962501 0.000000023131
39.987501 0.000000059609
