0.000000 1.000000000000
0.087500 0.405447533980
0.112500 0.164430408769
0.137500 0.066702601024
0.162500 0.000008753426
0.187500 0.000002844543
0.237500 0.015682209486
0.262500 0.013619934951
0.287500 0.000000262419
0.312500 0.000009426004
0.337500 0.000459416547
0.362500 0.000055097656
0.387500 0.003573664410
0.412500 0.003037838644
0.437500 0.000000074551
0.462500 0.000232412359
0.487500 0.000054962914
0.512500 0.000001402226
0.537500 0.000321444556
0.562500 0.001081078770
0.587500 0.000108385128
0.612500 0.000073555012
0.637500 0.000001037599
0.662500 0.000000834281
0.687500 0.000022567880
0.712500 0.000261425130
0.737500 0.000342548871
0.762500 0.000023700108
0.787500 0.000009358422
0.812500 0.000005809621
0.837500 0.000007287070
0.862500 0.000128353224
0.887500 0.000198174397
0.912500 0.000020656866
0.937500 0.000013323282
0.962500 0.000001131388
0.987500 0.000003520111
1.012500 0.000044041643
1.037500 0.000004648065
1.062500 0.000095424076
1.087500 0.000007208626
1.112500 0.000000180433
1.137500 0.000003032855
1.162500 0.000025818923
1.187500 0.000002429650
1.212500 0.000055562512
1.237500 0.000004735353
1.262500 0.000000624516
1.287500 0.000001900173
1.312500 0.000010781792
1.337500 0.000013751211
1.362500 0.000000341432
1.387500 0.000031433016
1.412500 0.000003236345
1.437500 0.000001037249
1.462500 0.000000259392
1.487500 0.000007799395
1.512500 0.000000417548
1.537500 0.000020429831
1.562500 0.000001375538
1.587500 0.000000678431
1.612500 0.000000096869
1.637500 0.000006164801
1.662500 0.000000464508
1.687500 0.000000267609
1.712500 0.000009128646
1.737500 0.000000360953
1.762500 0.000000259607
1.787500 0.000012256029
1.812500 0.000000801235
1.837500 0.000000365375
1.862500 0.000021592973
1.887500 0.000001461644
1.912500 0.000000580042
1.937500 0.000002334336
1.962500 0.000000484859
1.987500 0.000000145179
2.012500 0.000000170506
2.037500 0.000010181122
2.062500 0.000000378744
2.087500 0.000000066441
2.112500 0.000002347313
2.137500 0.000000131482
2.162500 0.000000106670
2.187500 0.000007668667
2.212500 0.000000542653
2.237500 0.000000245624
2.262500 0.000003023959
2.287500 0.000000210834
2.312500 0.000000070039
2.337500 0.000000602740
2.362500 0.000004570919
2.387500 0.000000133696
2.412500 0.000000800006
2.437500 0.000000207809
2.462500 0.000000050234
2.487500 0.000000040635
2.512500 0.000003581474
2.537500 0.000000240216
2.562500 0.000000759022
2.587500 0.000000112693
2.612500 0.000000132864
2.637500 0.000000375848
2.662500 0.000000095146
2.687500 0.000002905369
2.712500 0.000000100871
2.737500 0.000001392362
2.762500 0.000000072114
2.787500 0.000000047823
2.812500 0.000000417979
2.837500 0.000002280429
2.862500 0.000000221145
2.887500 0.000000397674
2.912500 0.000000045905
2.937500 0.000000052761
2.962500 0.000000022412
2.987500 0.000000027878
3.012500 0.000001802326
3.037500 0.000000263042
3.062500 0.000000044087
3.087500 0.000000064037
3.112500 0.000000329751
3.137500 0.000000051377
3.162500 0.000001570710
3.187500 0.000000911280
3.212500 0.000000114499
3.237500 0.000000042608
3.262500 0.000000456129
3.287500 0.000000146031
3.312500 0.000000070328
3.337500 0.000001307811
3.362500 0.000000206345
3.387500 0.000000076739
3.412500 0.000000119864
3.437500 0.000000038857
3.462500 0.000000125700
3.487500 0.000000742757
3.512500 0.000000138504
3.537500 0.000000106233
3.562500 0.000000041881
3.587500 0.000002006375
3.612500 0.000000144339
3.637500 0.000000048356
3.662500 0.000003415209
3.687500 0.000000180739
3.712500 0.000000066155
3.737500 0.000000368671
3.762500 0.000000144994
3.787500 0.000000026211
3.812500 0.000001546475
3.837500 0.000000171166
3.862500 0.000000062712
3.887500 0.000000032747
3.912500 0.000000133951
3.937500 0.000000016843
3.962500 0.000000163032
3.987500 0.000001364928
4.012500 0.000000255058
4.037500 0.000000193032
4.062500 0.000000416797
4.087500 0.000000081740
4.112500 0.000000175769
4.137500 0.000000790368
4.162500 0.000000414581
4.187500 0.000000053437
4.212500 0.000000691265
4.237500 0.000000142979
4.262500 0.000000152552
4.287500 0.000000339099
4.312500 0.000000828926
4.337500 0.000000078357
4.362500 0.000000054712
4.387500 0.000000104520
4.412500 0.000000031235
4.437500 0.000000065817
4.462500 0.000000852760
4.487500 0.000000167990
4.512500 0.000000250362
4.537500 0.000000231487
4.562500 0.000000048574
4.587500 0.000000223321
4.612500 0.000000109596
4.637500 0.000003380540
4.662500 0.000000410416
4.687500 0.000000060857
4.712500 0.000004741187
4.737500 0.000000178315
4.762500 0.000000268137
4.787500 0.000001241902
4.812500 0.000000126419
4.837500 0.000000505201
4.862500 0.000000044995
4.887500 0.000000452804
4.912500 0.000000046719
4.937500 0.000000100485
4.962500 0.000000312551
4.987500 0.000000242092
5.012500 0.000000120025
5.037500 0.000000105904
5.062500 0.000000166155
5.087500 0.000000054642
5.112500 0.000000151203
5.137500 0.000000235738
5.162500 0.000000038569
5.187500 0.000000022179
5.212500 0.000000288847
5.237500 0.000000028296
5.262500 0.000000145435
5.287500 0.000000372289
5.312500 0.000000073064
5.337500 0.000000052571
5.362500 0.000000474207
5.387500 0.000000157528
5.412500 0.000000089811
5.437500 0.000000283099
5.462500 0.000000384306
5.487500 0.000000114756
5.512500 0.000000085255
5.537500 0.000000337872
5.562500 0.000000017160
5.587500 0.000000127511
5.612500 0.000000386029
5.637500 0.000000048767
5.662500 0.000000142854
5.687500 0.000000292746
5.712500 0.000000079680
5.737500 0.000000120031
5.762500 0.000000564248
5.787500 0.000000160265
5.812500 0.000000072531
5.837500 0.000000065630
5.862500 0.000000402787
5.887500 0.000000086749
5.912500 0.000000219605
5.937500 0.000000182168
5.962500 0.000000121970
5.987500 0.000000326975
6.012500 0.000000092580
6.037500 0.000000100929
6.062500 0.000000150226
6.087500 0.000000158254
6.112500 0.000000044298
6.137500 0.000000077451
6.162500 0.000000283674
6.187500 0.000000243312
6.212500 0.000000128393
6.237500 0.000000163197
6.262500 0.000000492470
6.287500 0.000000191878
6.312500 0.000000249672
6.337500 0.000000347536
6.362500 0.000000064901
6.387500 0.000000305257
6.412500 0.000000459804
6.437500 0.000000092317
6.462500 0.000000203520
6.487500 0.000000432374
6.512500 0.000000192870
6.537500 0.000000299092
6.562500 0.000000594259
6.587500 0.000000318406
6.612500 0.000000343826
6.637500 0.000000299910
6.662500 0.000000368858
6.687500 0.000000340079
6.712500 0.000000197970
6.737500 0.000000696995
6.762500 0.000000324699
6.787500 0.000000340924
6.812500 0.000000659909
6.837500 0.000001506020
6.862500 0.000000799842
6.887500 0.000001009204
6.912500 0.000002939027
6.937500 0.000001408724
6.962500 0.000001077640
6.987500 0.000002374124
7.012500 0.000001040870
7.037500 0.000001812581
7.062500 0.000001334698
7.087500 0.000001135349
7.112500 0.000000260692
7.137500 0.000000633281
7.162500 0.000000422184
7.187500 0.000000154759
7.212500 0.000000269991
7.237500 0.000000553893
7.262500 0.000000269827
7.287500 0.000000109734
7.312500 0.000000541490
7.337500 0.000000210190
7.362500 0.000000117867
7.387500 0.000000437179
7.412500 0.000000195291
7.437500 0.000000128698
7.462500 0.000000171709
7.487500 0.000000320225
7.512500 0.000000142589
7.537500 0.000000138870
7.562500 0.000000557319
7.587500 0.000000182786
7.612500 0.000000226820
7.637500 0.000000461416
7.662500 0.000000251095
7.687500 0.000000244320
7.712500 0.000000566011
7.737500 0.000000230906
7.762500 0.000000345794
7.787500 0.000000674712
7.812500 0.000000341137
7.837500 0.000000297495
7.862500 0.000000436762
7.887500 0.000000645552
7.912500 0.000000261732
7.937500 0.000000955628
7.962500 0.000000489174
7.987500 0.000000674873
8.012500 0.000001196195
8.037500 0.000000480333
8.062500 0.000000781199
8.087500 0.000001077106
8.112500 0.000000671026
8.137500 0.000000448294
8.162500 0.000000599255
8.187500 0.000000564352
8.212500 0.000000217170
8.237500 0.000000318261
8.262500 0.000000349107
8.287500 0.000000330620
8.312500 0.000000272644
8.337500 0.000000306192
8.362500 0.000000224078
8.387500 0.000000277261
8.412500 0.000000340797
8.437500 0.000000201463
8.462500 0.000000194504
8.487500 0.000000500602
8.512500 0.000000248173
8.537500 0.000000707228
8.562500 0.000000243993
8.587500 0.000000432617
8.612500 0.000000488364
8.637500 0.000000493639
8.662500 0.000000222402
8.687500 0.000000335056
8.712500 0.000000383807
8.737500 0.000000232663
8.762500 0.000000249140
8.787500 0.000000190467
8.812500 0.000000466213
8.837500 0.000000417420
8.862500 0.000000372813
8.887500 0.000000451708
8.912500 0.000000685386
8.937500 0.000000373444
8.962500 0.000000441972
8.987500 0.000000346845
9.012500 0.000000244591
9.037500 0.000000304369
9.062500 0.000000277087
9.087500 0.000000313317
9.112500 0.000000386065
9.137500 0.000000470156
9.162500 0.000000213665
9.187500 0.000000464718
9.212500 0.000000271357
9.237500 0.000000299112
9.262500 0.000000355601
9.287500 0.000000383085
9.312500 0.000000433442
9.337500 0.000000572113
9.362500 0.000001493778
9.387500 0.000000446159
9.412500 0.000000711945
9.437500 0.000002652932
9.462500 0.000000528059
9.487500 0.000000456792
9.512500 0.000001007197
9.537500 0.000000317860
9.562500 0.000000761407
9.587500 0.000000374958
9.612500 0.000001180581
9.637500 0.000000215107
9.662500 0.000001025811
9.687500 0.000000347169
9.712500 0.000000272447
9.737500 0.000000597277
9.762500 0.000000392741
9.787500 0.000000497035
9.812500 0.000000526365
9.837500 0.000000591353
9.862500 0.000000591805
9.887500 0.000000646429
9.912500 0.000000975242
9.937500 0.000000380232
9.962500 0.000000717215
9.987500 0.000000663383
10.012500 0.000000551112
10.037500 0.000000706634
10.062500 0.000000879647
10.087500 0.000000653760
10.112500 0.000001002544
10.137500 0.000000675260
10.162500 0.000000672452
10.187500 0.000000871636
10.212500 0.000000986452
10.237500 0.000000713780
10.262500 0.000000876587
10.287500 0.000001341077
10.312500 0.000000668597
10.337500 0.000000604671
10.362500 0.000000967976
10.387500 0.000000443640
10.412500 0.000000523549
10.437500 0.000000478813
10.462500 0.000000412514
10.487500 0.000000594623
10.512500 0.000000729130
10.537500 0.000000358310
10.562500 0.000000929977
10.587500 0.000000412211
10.612500 0.000000970773
10.637500 0.000000269213
10.662500 0.000000761379
10.687500 0.000000288611
10.712500 0.000000592809
10.737500 0.000000938428
10.762500 0.000000542552
10.787500 0.000000463856
10.812500 0.000000478987
10.837500 0.000001209837
10.862500 0.000000558917
10.887500 0.000000509602
10.912500 0.000000526108
10.937500 0.000000507967
10.962500 0.000000276707
10.987500 0.000000959634
11.012500 0.000000368435
11.037500 0.000000578662
11.062500 0.000001528808
11.087500 0.000000603193
11.112500 0.000001138483
11.137500 0.000002423211
11.162500 0.000001059028
11.187500 0.000000730605
11.212500 0.000001631753
11.237500 0.000000947420
11.262500 0.000000702672
11.287500 0.000001109726
11.312500 0.000000932726
11.337500 0.000000651987
11.362500 0.000000748528
11.387500 0.000000822493
11.412500 0.000000412072
11.437500 0.000000768153
11.462500 0.000000458151
11.487500 0.000000648580
11.512500 0.000000462455
11.537500 0.000001266313
11.562500 0.000000344906
11.587500 0.000000693808
11.612500 0.000000816290
11.637500 0.000000626475
11.662500 0.000000860111
11.687500 0.000001284177
11.712500 0.000000854623
11.737500 0.000000721945
11.762500 0.000001672122
11.787500 0.000000623453
11.812500 0.000000352296
11.837500 0.000000581693
11.862500 0.000000418751
11.887500 0.000000391071
11.912500 0.000001323394
11.937500 0.000000459486
11.962500 0.000000712900
11.987500 0.000001453036
12.012500 0.000000758261
12.037500 0.000001156743
12.062500 0.000000870277
12.087500 0.000000708577
12.112500 0.000000467388
12.137500 0.000000825503
12.162500 0.000000888680
12.187500 0.000000490351
12.212500 0.000000601935
12.237500 0.000003322472
12.262500 0.000000476048
12.287500 0.000000821651
12.312500 0.000003239006
12.337500 0.000000797627
12.362500 0.000000703636
12.387500 0.000006105543
12.412500 0.000001400473
12.437500 0.000004002314
12.462500 0.000025365534
12.487500 0.000005790570
12.512500 0.000008564653
12.537500 0.000029924900
12.562500 0.000009502005
12.587500 0.000002260118
12.612500 0.000020431200
12.637500 0.000004982704
12.662500 0.000001268974
12.687500 0.000017390320
12.712500 0.000002291804
12.737500 0.000001335220
12.762500 0.000007098742
12.787500 0.000002860863
12.812500 0.000001547344
12.837500 0.000001203614
12.862500 0.000003220929
12.887500 0.000000950343
12.912500 0.000000884917
12.937500 0.000003685511
12.962500 0.000001164606
12.987500 0.000000741090
13.012500 0.000001432877
13.037500 0.000001166811
13.062500 0.000000807374
13.087500 0.000001163562
13.112500 0.000001165883
13.137500 0.000000793902
13.162500 0.000003127480
13.187500 0.000001357362
13.212500 0.000001259789
13.237500 0.000002145808
13.262500 0.000001695700
13.287500 0.000001608874
13.312500 0.000004578976
13.337500 0.000008616780
13.362500 0.000004939260
13.387500 0.000009018082
13.412500 0.000019170891
13.437500 0.000009237916
13.462500 0.000005092289
13.487500 0.000008507953
13.512500 0.000005035359
13.537500 0.000001369383
13.562500 0.000002004261
13.587500 0.000001819023
13.612500 0.000001294017
13.637500 0.000003985311
13.662500 0.000002624046
13.687500 0.000003452071
13.712500 0.000001711755
13.737500 0.000008990874
13.762500 0.000001781732
13.787500 0.000012852869
13.812500 0.000003805623
13.837500 0.000002777866
13.862500 0.000010018463
13.887500 0.000004814744
13.912500 0.000009679215
13.937500 0.000005908641
13.962500 0.000013725900
13.987500 0.000011057915
14.012500 0.000017381271
14.037500 0.000013568363
14.062500 0.000014749221
14.087500 0.000014411541
14.112500 0.000005044464
14.137500 0.000007996585
14.162500 0.000006512231
14.187500 0.000007152224
14.212500 0.000003583372
14.237500 0.000008733408
14.262500 0.000011548660
14.287500 0.000004416553
14.312500 0.000006963099
14.337500 0.000005983616
14.362500 0.000005686225
14.387500 0.000006630814
14.412500 0.000006248825
14.437500 0.000012646177
14.462500 0.000006376930
14.487500 0.000006863496
14.512500 0.000005151854
14.537500 0.000005964440
14.562500 0.000005353270
14.587500 0.000008002412
14.612500 0.000006047720
14.637500 0.000010900471
14.662500 0.000005750193
14.687500 0.000008580461
14.712500 0.000007029494
14.737500 0.000008191919
14.762500 0.000011546934
14.787500 0.000010783129
14.812500 0.000012538735
14.837500 0.000008465921
14.862500 0.000008354723
14.887500 0.000006378298
14.912500 0.000004150466
14.937500 0.000002605853
14.962500 0.000002671906
14.987500 0.000002416834
15.012500 0.000002422241
15.037500 0.000002865379
15.062500 0.000003187113
15.087500 0.000004713712
15.112500 0.000004832742
15.137500 0.000006551703
15.162500 0.000005185746
15.187500 0.000004598102
15.212500 0.000002991774
15.237500 0.000002833611
15.262500 0.000001856317
15.287500 0.000002318871
15.312500 0.000001495249
15.337500 0.000001460604
15.362500 0.000001595960
15.387500 0.000001427622
15.412500 0.000001039389
15.437500 0.000001288867
15.462500 0.000001878720
15.487500 0.000002256848
15.512500 0.000002172185
15.537500 0.000001229582
15.562500 0.000001979180
15.587500 0.000001865744
15.612500 0.000002126789
15.637500 0.000002109609
15.662500 0.000001098833
15.687500 0.000002760357
15.712500 0.000002101740
15.737500 0.000001687140
15.762500 0.000001527348
15.787500 0.000001100846
15.812500 0.000001374805
15.837500 0.000000899934
15.862500 0.000001027890
15.887500 0.000000815648
15.912500 0.000000774234
15.937500 0.000000965242
15.962500 0.000000782107
15.987500 0.000000877837
16.012500 0.000001279102
16.037500 0.000001272606
16.062500 0.000001377921
16.087500 0.000001640088
16.112500 0.000001737752
16.137500 0.000001397029
16.162500 0.000002118118
16.187500 0.000001375321
16.212500 0.000001505379
16.237500 0.000000991080
16.262500 0.000001315377
16.287500 0.000001435624
16.312500 0.000001078496
16.337500 0.000001558148
16.362500 0.000001212042
16.387500 0.000001274410
16.412500 0.000000970135
16.437500 0.000000844597
16.462500 0.000000937966
16.487500 0.000000855290
16.512500 0.000001417379
16.537500 0.000000741194
16.562500 0.000001052615
16.587500 0.000001181392
16.612500 0.000001050585
16.637500 0.000000763424
16.662500 0.000001099115
16.687500 0.000000921974
16.712500 0.000001062835
16.737500 0.000000873633
16.762500 0.000001217857
16.787500 0.000001088572
16.812500 0.000000939709
16.837500 0.000000950622
16.862500 0.000000941824
16.887500 0.000001048649
16.912500 0.000001098855
16.937500 0.000001114261
16.962500 0.000000986534
16.987500 0.000001265976
17.012500 0.000000785455
17.037500 0.000000806295
17.062500 0.000000811743
17.087500 0.000000884584
17.112500 0.000000671329
17.137500 0.000000910694
17.162500 0.000000693309
17.187500 0.000000839419
17.212500 0.000000875694
17.237500 0.000000906477
17.262500 0.000000866975
17.287500 0.000001005112
17.312500 0.000001068983
17.337500 0.000000812707
17.362500 0.000000919557
17.387500 0.000000926312
17.412500 0.000001029127
17.437500 0.000000817883
17.462500 0.000001082253
17.487500 0.000000901125
17.512500 0.000000903527
17.537500 0.000000800402
17.562500 0.000000644299
17.587500 0.000000741773
17.612500 0.000000648225
17.637500 0.000000793601
17.662500 0.000000816045
17.687500 0.000000656472
17.712500 0.000000998339
17.737500 0.000000948170
17.762500 0.000000798685
17.787500 0.000000907290
17.812500 0.000000914657
17.837500 0.000000878200
17.862500 0.000001071481
17.887500 0.000000660395
17.912500 0.000000944606
17.937500 0.000000797647
17.962500 0.000000850853
17.987500 0.000001385794
18.012500 0.000001271890
18.037500 0.000001324462
18.062500 0.000001452646
18.087500 0.000003455231
18.112500 0.000000913250
18.137500 0.000006228659
18.162500 0.000004962927
18.187500 0.000003535689
18.212500 0.000010920027
18.237500 0.000006794026
18.262500 0.000005822941
18.287500 0.000001363583
18.312500 0.000003442685
18.337500 0.000002113548
18.362500 0.000001267713
18.387500 0.000001050456
18.412500 0.000001825716
18.437500 0.000001141312
18.462500 0.000001058865
18.487500 0.000001343759
18.512500 0.000001984182
18.537500 0.000000967215
18.562500 0.000001365606
18.587500 0.000001259936
18.612500 0.000000733750
18.637500 0.000001122141
18.662500 0.000000805235
18.687500 0.000001112381
18.712500 0.000000860716
18.737500 0.000000749240
18.762500 0.000001285941
18.787500 0.000000890139
18.812500 0.000000778230
18.837500 0.000000962475
18.862500 0.000000894569
18.887500 0.000000847715
18.912500 0.000000864747
18.937500 0.000000755964
18.962500 0.000001113520
18.987500 0.000001071830
19.012500 0.000001114478
19.037500 0.000001659410
19.062500 0.000001265172
19.087500 0.000001501763
19.112500 0.000001856686
19.137500 0.000002077523
19.162500 0.000003019845
19.187500 0.000005300278
19.212500 0.000005476633
19.237500 0.000006289583
19.262500 0.000004846521
19.287500 0.000004494651
19.312500 0.000004685109
19.337500 0.000002883093
19.362500 0.000002185491
19.387500 0.000001437060
19.412500 0.000001257278
19.437500 0.000001436935
19.462500 0.000001356102
19.487500 0.000001005852
19.512500 0.000001467698
19.537500 0.000001292823
19.562500 0.000001338360
19.587500 0.000001020658
19.612500 0.000001057119
19.637500 0.000000949550
19.662500 0.000000973415
19.687500 0.000000835629
19.712500 0.000000873694
19.737500 0.000000844070
19.762500 0.000000755251
19.787500 0.000000767614
19.812500 0.000000794081
19.837500 0.000000695462
19.862500 0.000000731450
19.887500 0.000000763529
19.912500 0.000000723550
19.937500 0.000000810729
19.962500 0.000000728783
19.987500 0.000001038498
20.012500 0.000001161070
20.037500 0.000000927128
20.062500 0.000001403559
20.087500 0.000001330718
20.112500 0.000000925904
20.137500 0.000001463478
20.162500 0.000000893975
20.187500 0.000001330756
20.212500 0.000000935833
20.237500 0.000000977758
20.262500 0.000000856392
20.287500 0.000000933434
20.312500 0.000000792419
20.337500 0.000000975034
20.362500 0.000000735095
20.387500 0.000000790028
20.412500 0.000001079241
20.437500 0.000000928801
20.462500 0.000000850036
20.487500 0.000001159521
20.512500 0.000001009577
20.537500 0.000000970983
20.562500 0.000000962468
20.587500 0.000000839733
20.612500 0.000000786959
20.637500 0.000000763343
20.662500 0.000000964501
20.687500 0.000000723036
20.712500 0.000000984285
20.737500 0.000000787837
20.762500 0.000000776614
20.787500 0.000001029526
20.812500 0.000000748641
20.837500 0.000000826109
20.862500 0.000000721779
20.887500 0.000000696044
20.912500 0.000000704554
20.937500 0.000000761951
20.962500 0.000000700709
20.987500 0.000000756214
21.012500 0.000000812018
21.037500 0.000000736025
21.062500 0.000000870535
21.087500 0.000000864581
21.112500 0.000001023536
21.137500 0.000000941340
21.162500 0.000000878676
21.187500 0.000000855245
21.212500 0.000000855760
21.237500 0.000000710075
21.262500 0.000000833686
21.287500 0.000000862901
21.312500 0.000000745928
21.337500 0.000000900932
21.362500 0.000000769718
21.387500 0.000000860805
21.412500 0.000000893377
21.437500 0.000000956056
21.462500 0.000001195816
21.487500 0.000001085315
21.512500 0.000001256936
21.537500 0.000001453696
21.562500 0.000001406028
21.587500 0.000001385631
21.612500 0.000002128662
21.637500 0.000001494093
21.662500 0.000001163106
21.687500 0.000004441744
21.712500 0.000001646477
21.737500 0.000005720515
21.762500 0.000001520391
21.787500 0.000004018169
21.812500 0.000001558417
21.837500 0.000001938981
21.862500 0.000001329788
21.887500 0.000001033702
21.912500 0.000001502681
21.937500 0.000000974743
21.962500 0.000001494724
21.987500 0.000001053848
22.012500 0.000001054112
22.037500 0.000001005689
22.062500 0.000000890462
22.087500 0.000000974831
22.112500 0.000000915077
22.137500 0.000000950804
22.162500 0.000000938379
22.187500 0.000000806881
22.212500 0.000001159495
22.237500 0.000000990067
22.262500 0.000001171242
22.287500 0.000001785542
22.312500 0.000001506932
22.337500 0.000002585858
22.362500 0.000002107593
22.387500 0.000002023802
22.412500 0.000004749382
22.437500 0.000003831828
22.462500 0.000004184587
22.487500 0.000003710664
22.512500 0.000003854772
22.537500 0.000005688352
22.562500 0.000005702351
22.587500 0.000006386026
22.612500 0.000007536890
22.637500 0.000009630385
22.662500 0.000009986499
22.687500 0.000007797586
22.712500 0.000010235053
22.737500 0.000008295719
22.762500 0.000008168384
22.787500 0.000004738523
22.812500 0.000004896699
22.837500 0.000004345169
22.862500 0.000002700208
22.887500 0.000002604866
22.912500 0.000002511314
22.937500 0.000002043176
22.962500 0.000001983581
22.987500 0.000002068729
23.012500 0.000002269486
23.037500 0.000001628798
23.062500 0.000002527773
23.087500 0.000002657448
23.112500 0.000002384283
23.137500 0.000005252817
23.162500 0.000002791325
23.187500 0.000006854298
23.212500 0.000003818053
23.237500 0.000004196260
23.262500 0.000004103203
23.287500 0.000002470419
23.312500 0.000002578853
23.337500 0.000003121497
23.362500 0.000003367990
23.387500 0.000004051659
23.412500 0.000003738197
23.437500 0.000001737389
23.462500 0.000003374280
23.487500 0.000002759953
23.512500 0.000002073267
23.537500 0.000001102314
23.562500 0.000001176588
23.587500 0.000001414717
23.612500 0.000000986577
23.637500 0.000001180018
23.662500 0.000000961302
23.687500 0.000001187930
23.712500 0.000001077876
23.737500 0.000000967762
23.762500 0.000001060598
23.787500 0.000000875585
23.812500 0.000001009337
23.837500 0.000001168272
23.862500 0.000000812074
23.887500 0.000000944642
23.912500 0.000001092929
23.937500 0.000000780140
23.962500 0.000000898202
23.987500 0.000001090078
24.012500 0.000000848162
24.037500 0.000001015977
24.062500 0.000001309265
24.087500 0.000000969063
24.112500 0.000000971090
24.137500 0.000000937235
24.162500 0.000000910152
24.187500 0.000000956704
24.212500 0.000000993982
24.237500 0.000001166576
24.262500 0.000000996126
24.287500 0.000001201773
24.312500 0.000000733112
24.337500 0.000001171238
24.362500 0.000000870310
24.387500 0.000001236892
24.412500 0.000000917471
24.437500 0.000000945726
24.462500 0.000000969479
24.487500 0.000000809553
24.512500 0.000000799978
24.537500 0.000000962324
24.562500 0.000001477974
24.587500 0.000000976694
24.612500 0.000001154331
24.637500 0.000000765301
24.662500 0.000000725083
24.687500 0.000000814752
24.712500 0.000002069820
24.737500 0.000000810777
24.762500 0.000001517753
24.787500 0.000000938459
24.812500 0.000000747352
24.837500 0.000000702832
24.862500 0.000000572439
24.887500 0.000005807951
24.912500 0.000002647863
24.937500 0.000002882453
24.962500 0.000003654074
24.987500 0.000000679212
25.012500 0.000005858970
25.037500 0.000040039576
25.062500 0.000003569901
25.087500 0.000019537823
25.112500 0.000002293695
25.137500 0.000000868356
25.162500 0.000001115867
25.187500 0.000000900169
25.212500 0.000001057101
25.237500 0.000001041512
25.262500 0.000000854153
25.287500 0.000000856110
25.312500 0.000000825027
25.337500 0.000001874644
25.362500 0.000000985339
25.387500 0.000003186542
25.412500 0.000003800826
25.437500 0.000005860373
25.462500 0.000001230958
25.487500 0.000004033145
25.512500 0.000003346699
25.537500 0.000001251007
25.562500 0.000002411097
25.587500 0.000001158720
25.612500 0.000001871519
25.637500 0.000001648056
25.662500 0.000002487695
25.687500 0.000003174834
25.712500 0.000002782167
25.737500 0.000004999670
25.762500 0.000004893379
25.787500 0.000004243025
25.812500 0.000003346914
25.837500 0.000003829193
25.862500 0.000002645828
25.887500 0.000002846279
25.912500 0.000002271202
25.937500 0.000003383007
25.962500 0.000002722965
25.987500 0.000003433814
26.012500 0.000005709982
26.037500 0.000004041571
26.062500 0.000003807369
26.087500 0.000005367596
26.112500 0.000005194469
26.137500 0.000005293376
26.162500 0.000006321473
26.187500 0.000005148090
26.212500 0.000009542766
26.237500 0.000006314823
26.262500 0.000007698821
26.287500 0.000004999613
26.312500 0.000004072041
26.337500 0.000002753675
26.362500 0.000001853516
26.387500 0.000001457928
26.412500 0.000001604959
26.437500 0.000001268599
26.462500 0.000001211842
26.487500 0.000001126059
26.512500 0.000001026856
26.537500 0.000000998068
26.562500 0.000000851220
26.587500 0.000000848391
26.612500 0.000000868506
26.637500 0.000000758125
26.662500 0.000000966747
26.687500 0.000000807164
26.712500 0.000000735022
26.737500 0.000000836013
26.762500 0.000000791588
26.787500 0.000000960653
26.812500 0.000000727891
26.837500 0.000000819394
26.862500 0.000000828452
26.887500 0.000000806806
26.912500 0.000000859428
26.937500 0.000000991904
26.962500 0.000001131377
26.987500 0.000001098527
27.012500 0.000000945097
27.037500 0.000001067803
27.062500 0.000000950633
27.087500 0.000000933762
27.112500 0.000001020779
27.137500 0.000000976592
27.162500 0.000000855937
27.187500 0.000000884345
27.212500 0.000000908657
27.237500 0.000000688742
27.262500 0.000000784458
27.287500 0.000000740495
27.312500 0.000000779534
27.337500 0.000000662654
27.362500 0.000000636544
27.387500 0.000000716339
27.412500 0.000000670720
27.437500 0.000000955529
27.462500 0.000000820845
27.487500 0.000000677401
27.512500 0.000000606938
27.537500 0.000000832682
27.562500 0.000000646121
27.587500 0.000000954019
27.612500 0.000000683064
27.637500 0.000001186709
27.662500 0.000000979938
27.687500 0.000001155929
27.712500 0.000000897830
27.737500 0.000001080624
27.762500 0.000001121331
27.787500 0.000001058578
27.812500 0.000000629684
27.837500 0.000001067275
27.862500 0.000001288542
27.887500 0.000000903646
27.912500 0.000001215871
27.937500 0.000002071948
27.962500 0.000003501329
27.987500 0.000000957130
28.012500 0.000003050717
28.037500 0.000004336482
28.062500 0.000001713983
28.087500 0.000004250605
28.112500 0.000001559438
28.137500 0.000000958927
28.162500 0.000000754942
28.187500 0.000000953611
28.212500 0.000000729568
28.237500 0.000000547609
28.262500 0.000000765605
28.287500 0.000000751136
28.312500 0.000000930081
28.337500 0.000000888880
28.362500 0.000000726230
28.387500 0.000000801152
28.412500 0.000001712133
28.437500 0.000003766920
28.462500 0.000000971181
28.487500 0.000001721418
28.512500 0.000000969659
28.537500 0.000000907625
28.562500 0.000001160158
28.587500 0.000001465196
28.612500 0.000002462145
28.637500 0.000001087480
28.662500 0.000002256036
28.687500 0.000001392196
28.712500 0.000003081057
28.737500 0.000001556644
28.762500 0.000002475820
28.787500 0.000002514995
28.812500 0.000004864112
28.837500 0.000001589687
28.862500 0.000003492171
28.887500 0.000000912499
28.912500 0.000001790204
28.937500 0.000000968890
28.962500 0.000000942009
28.987500 0.000000816770
29.012500 0.000000736067
29.037500 0.000001001046
29.062500 0.000000601071
29.087500 0.000001307286
29.112500 0.000000682256
29.137500 0.000001669981
29.162500 0.000000978856
29.187500 0.000001500101
29.212500 0.000000740566
29.237500 0.000001079580
29.262500 0.000000790746
29.287500 0.000000899613
29.312500 0.000000680432
29.337500 0.000000742767
29.362500 0.000000671418
29.387500 0.000000576269
29.412500 0.000000820596
29.437500 0.000000593104
29.462500 0.000000846674
29.487500 0.000000957790
29.512500 0.000000590366
29.537500 0.000000958864
29.562500 0.000000884785
29.587500 0.000001111822
29.612500 0.000000624055
29.637500 0.000000788058
29.662500 0.000000678474
29.687500 0.000000657116
29.712500 0.000000585216
29.737500 0.000000697157
29.762500 0.000000604153
29.787500 0.000000833421
29.812500 0.000000587931
29.837500 0.000000746927
29.862500 0.000000652078
29.887500 0.000000644323
29.912500 0.000000522895
29.937500 0.000000519405
29.962500 0.000000552448
29.987500 0.000000457384
30.012500 0.000000584226
30.037500 0.000000553538
30.062500 0.000000608764
30.087500 0.000000590944
30.112500 0.000000468468
30.137500 0.000000638565
30.162500 0.000000421169
30.187500 0.000000513377
30.212500 0.000000445171
30.237500 0.000000521060
30.262500 0.000000598828
30.287500 0.000000688046
30.312500 0.000000617800
30.337500 0.000000568141
30.362500 0.000000541744
30.387500 0.000000555358
30.412500 0.000000550497
30.437500 0.000000507683
30.462500 0.000000618436
30.487500 0.000000677586
30.512500 0.000000579460
30.537500 0.000000697128
30.562500 0.000000731831
30.587500 0.000000620950
30.612500 0.000000638516
30.637500 0.000000594973
30.662500 0.000000583094
30.687500 0.000000711444
30.712500 0.000000679634
30.737500 0.000000853217
30.762500 0.000000751710
30.787500 0.000001022958
30.812500 0.000001116920
30.837500 0.000000867078
30.862500 0.000001278130
30.887500 0.000001055583
30.912500 0.000001248941
30.937500 0.000001679319
30.962500 0.000001909183
30.987500 0.000003063712
31.012500 0.000002049648
31.037500 0.000001901871
31.062500 0.000001416729
31.087500 0.000001307206
31.112500 0.000001210906
31.137500 0.000001750160
31.162500 0.000002112982
31.187500 0.000002236186
31.212500 0.000003829475
31.237500 0.000002552971
31.262500 0.000005868592
31.287500 0.000004744764
31.312500 0.000010457638
31.337500 0.000008984760
31.362500 0.000012419256
31.387500 0.000006348866
31.412500 0.000009669161
31.437500 0.000005004978
31.462500 0.000005400117
31.487500 0.000003218072
31.512500 0.000003303297
31.537500 0.000002554448
31.562500 0.000001984041
31.587500 0.000002936378
31.612500 0.000002606559
31.637500 0.000003369659
31.662500 0.000005379723
31.687500 0.000003946482
31.712500 0.000007890598
31.737500 0.000004365579
31.762500 0.000004949354
31.787500 0.000001957189
31.812500 0.000002712557
31.837500 0.000001064490
31.862500 0.000001779362
31.887500 0.000001390398
31.912500 0.000001135314
31.937500 0.000001012565
31.962500 0.000000919055
31.987500 0.000000947640
32.012500 0.000000724483
32.037500 0.000000913743
32.062500 0.000000632198
32.087500 0.000000797124
32.112500 0.000000634436
32.137500 0.000000647853
32.162500 0.000000564912
32.187500 0.000000514483
32.212500 0.000000543137
32.237500 0.000000490685
32.262500 0.000000635808
32.287500 0.000000798002
32.312500 0.000000659579
32.337500 0.000000967797
32.362500 0.000000663277
32.387500 0.000000914052
32.412500 0.000000448263
32.437500 0.000000539705
32.462500 0.000000409893
32.487500 0.000000528354
32.512500 0.000000320555
32.537500 0.000000556229
32.562500 0.000000496149
32.587500 0.000000350683
32.612500 0.000000436534
32.637500 0.000000353649
32.662500 0.000000517061
32.687500 0.000000461359
32.712500 0.000000663942
32.737500 0.000000435760
32.762500 0.000000765800
32.787500 0.000000529562
32.812500 0.000000535875
32.837500 0.000000388777
32.862500 0.000000564380
32.887500 0.000000402714
32.912500 0.000000615235
32.937500 0.000000428750
32.962500 0.000000652865
32.987500 0.000000645766
33.012500 0.000000389685
33.037500 0.000000690315
33.062500 0.000000707900
33.087500 0.000000468268
33.112500 0.000000794252
33.137500 0.000001793426
33.162500 0.000000382697
33.187500 0.000002696288
33.212500 0.000001722187
33.237500 0.000000605443
33.262500 0.000000739109
33.287500 0.000000705997
33.312500 0.000000494071
33.337500 0.000000748997
33.362500 0.000000507434
33.387500 0.000000718744
33.412500 0.000000849849
33.437500 0.000000782271
33.462500 0.000000874012
33.487500 0.000000823139
33.512500 0.000000929861
33.537500 0.000001065893
33.562501 0.000002027470
33.587501 0.000000878757
33.612501 0.000002888720
33.637501 0.000002754705
33.662501 0.000001260516
33.687501 0.000002772816
33.712501 0.000001431002
33.737501 0.000001586425
33.762501 0.000000690427
33.787501 0.000000831598
33.812501 0.000000475055
33.837501 0.000000813745
33.862501 0.000000570506
33.887501 0.000000666406
33.912501 0.000000637250
33.937501 0.000000502805
33.962501 0.000000589067
33.987501 0.000000615449
34.012501 0.000000510061
34.037501 0.000000635499
34.062501 0.000000754033
34.087501 0.000000573842
34.112501 0.000000653959
34.137501 0.000000622905
34.162501 0.000000436903
34.187501 0.000000747100
34.212501 0.000000520952
34.237501 0.000000362454
34.262501 0.000000406544
34.287501 0.000000403399
34.312501 0.000000318497
34.337501 0.000000288559
34.362501 0.000000276091
34.387501 0.000000394865
34.412501 0.000000327825
34.437501 0.000000375790
34.462501 0.000000431041
34.487501 0.000000383961
34.512501 0.000000423467
34.537501 0.000000460252
34.562501 0.000000388417
34.587501 0.000000251224
34.612501 0.000000380681
34.637501 0.000000460671
34.662501 0.000000310302
34.687501 0.000000431928
34.712501 0.000000383171
34.737501 0.000000520374
34.762501 0.000000676867
34.787501 0.000000511474
34.812501 0.000000367650
34.837501 0.000000730675
34.862501 0.000000765634
34.887501 0.000000925824
34.912501 0.000000564084
34.937501 0.000000706167
34.962501 0.000001107508
34.987501 0.000001105317
35.012501 0.000000782931
35.037501 0.000000330329
35.062501 0.000001282552
35.087501 0.000001106949
35.112501 0.000001449451
35.137501 0.000000471118
35.162501 0.000000636882
35.187501 0.000002358967
35.212501 0.000004084201
35.237501 0.000000631472
35.262501 0.000000859839
35.287501 0.000000858257
35.312501 0.000005276232
35.337501 0.000010522549
35.362501 0.000002888757
35.387501 0.000003612376
35.412501 0.000026179431
35.437501 0.000044660292
35.462501 0.000003087773
35.487501 0.000001927918
35.512501 0.000000550405
35.537501 0.000000926978
35.562501 0.000001085029
35.587501 0.000001262071
35.612501 0.000001258789
35.637501 0.000001017292
35.662501 0.000001776253
35.687501 0.000005656036
35.712501 0.000001169918
35.737501 0.000007922107
35.762501 0.000003055544
35.787501 0.000002933952
35.812501 0.000001510765
35.837501 0.000000384363
35.862501 0.000000340048
35.887501 0.000000620735
35.912501 0.000000330565
35.937501 0.000000304276
35.962501 0.000000337024
35.987501 0.000000377734
36.012501 0.000000310912
36.037501 0.000000405658
36.062501 0.000000401630
36.087501 0.000000477954
36.112501 0.000000384579
36.137501 0.000000214041
36.162501 0.000000212496
36.187501 0.000000277261
36.212501 0.000000319600
36.237501 0.000000378898
36.262501 0.000000550712
36.287501 0.000000767504
36.312501 0.000000520915
36.337501 0.000000412657
36.362501 0.000000306142
36.387501 0.000000185309
36.412501 0.000000343677
36.437501 0.000000165790
36.462501 0.000000361202
36.487501 0.000000186176
36.512501 0.000000257894
36.537501 0.000000172926
36.562501 0.000000254248
36.587501 0.000000188596
36.612501 0.000000350857
36.637501 0.000000160298
36.662501 0.000000522062
36.687501 0.000000384647
36.712501 0.000000294274
36.737501 0.000000189860
36.762501 0.000000197646
36.787501 0.000000314418
36.812501 0.000000145638
36.837501 0.000000282525
36.862501 0.000000198621
36.887501 0.000000197197
36.912501 0.000000219772
36.937501 0.000000179070
36.962501 0.000000210804
36.987501 0.000000260327
37.012501 0.000000263352
37.037501 0.000000452017
37.062501 0.000000270583
37.087501 0.000000329610
37.112501 0.000000296402
37.137501 0.000000256632
37.162501 0.000000220139
37.187501 0.000000367404
37.212501 0.000000405065
37.237501 0.000000378540
37.262501 0.000000369429
37.287501 0.000000428854
37.312501 0.000000460773
37.337501 0.000000622170
37.362501 0.000000419596
37.387501 0.000000423742
37.412501 0.000000574902
37.437501 0.000000892429
37.462501 0.000000791676
37.487501 0.000000780479
37.512501 0.000001681631
37.537501 0.000003121488
37.562501 0.000001485182
37.587501 0.000001589026
37.612501 0.000003008416
37.637501 0.000001154278
37.662501 0.000000270169
37.687501 0.000000482467
37.712501 0.000000785046
37.737501 0.000000233898
37.762501 0.000000234386
37.787501 0.000000243145
37.812501 0.000000285834
37.837501 0.000000146416
37.862501 0.000000306450
37.887501 0.000000147116
37.912501 0.000000141822
37.937501 0.000000156932
37.962501 0.000000098333
37.987501 0.000000164676
38.012501 0.000000087677
38.037501 0.000000225177
38.062501 0.000000137970
38.087501 0.000000168909
38.112501 0.000000189992
38.137501 0.000000203575
38.162501 0.000000238577
38.187501 0.000000174017
38.212501 0.000000464322
38.237501 0.000000102362
38.262501 0.000000666832
38.287501 0.000000305069
38.312501 0.000000296051
38.337501 0.000000169680
38.362501 0.000000124272
38.387501 0.000000176411
38.412501 0.000000227460
38.437501 0.000000081083
38.462501 0.000000266777
38.487501 0.000000107284
38.512501 0.000000230326
38.537501 0.000000143645
38.562501 0.000000347326
38.587501 0.000000206581
38.612501 0.000000684755
38.637501 0.000000208150
38.662501 0.000000978503
38.687501 0.000000629474
38.712501 0.000000094617
38.737501 0.000000288803
38.762501 0.000000375858
38.787501 0.000000225600
38.812501 0.000000078299
38.837501 0.000000112333
38.862501 0.000000125457
38.887501 0.000000075572
38.912501 0.000000083928
38.937501 0.000000098918
38.962501 0.000000056041
38.987501 0.000000080629
39.012501 0.000000040468
39.037501 0.000000117180
39.062501 0.000000054501
39.087501 0.000000112395
39.112501 0.000000082240
39.137501 0.000000115842
39.162501 0.000000129038
39.187501 0.000000056497
39.212501 0.000000163625
39.237501 0.000000092696
39.262501 0.000000155004
39.287501 0.000000088037
39.312501 0.000000127071
39.337501 0.000000164560
39.362501 0.000000047384
39.387501 0.000000100563
39.412501 0.000000061541
39.437501 0.000000098405
39.462501 0.000000059797
39.487501 0.000000160476
39.512501 0.000000112592
39.537501 0.000000220681
39.562501 0.000000148275
39.587501 0.000000201835
39.612501 0.000000044181
39.637501 0.000000177809
39.662501 0.000000073994
39.687501 0.000000088527
39.712501 0.000000048395
39.737501 0.000000066784
39.762501 0.000000067236
39.787501 0.000000061315
39.812501 0.000000095187
39.837501 0.000000052626
39.862501 0.000000103061
39.887501 0.000000063223
39.912501 0.000000135665
39.937501 0.000000032198
39.962501 0.000000076308
39.987501 0.000000041979
