0.000000 1.000000000000
0.087500 0.405253751720
0.112500 0.164278056524
0.137500 0.066613039780
0.162500 0.000000000336
0.187500 0.000000000516
0.212500 0.000000001214
0.237500 0.015005825553
0.262500 0.015390217126
0.287500 0.001233660582
0.312500 0.000000003414
0.337500 0.000156994601
0.362500 0.000464699175
0.387500 0.000000002649
0.412500 0.003046585861
0.437500 0.001686392923
0.462500 0.000105049558
0.487500 0.000195271201
0.512500 0.000023688427
0.537500 0.000002554320
0.562500 0.001068810535
0.587500 0.000311080527
0.612500 0.000552499174
0.637500 0.000051363456
0.662500 0.000008128335
0.687500 0.000007717890
0.712500 0.000013603936
0.737500 0.000386747431
0.762500 0.000120107844
0.787500 0.000114626631
0.812500 0.000013780614
0.837500 0.000010105372
0.862500 0.000004564456
0.887500 0.000179366386
0.912500 0.000017644139
0.937500 0.000114616304
0.962500 0.000009360289
0.987500 0.000009559194
1.012500 0.000000240728
1.037500 0.000002451629
1.062500 0.000102650865
1.087500 0.000008059333
1.112500 0.000048747455
1.137500 0.000005001083
1.162500 0.000000661051
1.187500 0.000001945193
1.212500 0.000053958653
1.237500 0.000008658534
1.262500 0.000000782007
1.287500 0.000031133224
1.312500 0.000001922737
1.337500 0.000000648849
1.362500 0.000000984066
1.387500 0.000036640414
1.412500 0.000002770486
1.437500 0.000001300673
1.462500 0.000018153212
1.487500 0.000001317457
1.512500 0.000000767883
1.537500 0.000025695048
1.562500 0.000001897027
1.587500 0.000000463654
1.612500 0.000000435536
1.637500 0.000009806021
1.662500 0.000001020977
1.687500 0.000000308856
1.712500 0.000017605676
1.737500 0.000000907236
1.762500 0.000000469907
1.787500 0.000000329811
1.812500 0.000007132537
1.837500 0.000000109468
1.862500 0.000012577409
1.887500 0.000000917883
1.912500 0.000000370109
1.937500 0.000000181858
1.962500 0.000000243383
1.987500 0.000004586525
2.012500 0.000000334900
2.037500 0.000009345394
2.062500 0.000000365361
2.087500 0.000000223928
2.112500 0.000000230558
2.137500 0.000001462837
2.162500 0.000001695131
2.187500 0.000006342428
2.212500 0.000000533324
2.237500 0.000000283271
2.262500 0.000000164847
2.287500 0.000000144885
2.312500 0.000000997671
2.337500 0.000000204418
2.362500 0.000004687365
2.387500 0.000000273605
2.412500 0.000002178159
2.437500 0.000000235461
2.462500 0.000000188028
2.487500 0.000004957568
2.512500 0.000004152135
2.537500 0.000000472526
2.562500 0.000000311269
2.587500 0.000000235128
2.612500 0.000000155489
2.637500 0.000000185121
2.662500 0.000002452623
2.687500 0.000003208386
2.712500 0.000000241827
2.737500 0.000000177539
2.762500 0.000000156647
2.787500 0.000000169204
2.812500 0.000000153618
2.837500 0.000003982075
2.862500 0.000000372480
2.887500 0.000000202234
2.912500 0.000000200203
2.937500 0.000000189953
2.962500 0.000000183065
2.987500 0.000000179391
3.012500 0.000003098590
3.037500 0.000000263467
3.062500 0.000000224260
3.087500 0.000000209091
3.112500 0.000000191199
3.137500 0.000000196813
3.162500 0.000001654154
3.187500 0.000001255901
3.212500 0.000000268968
3.237500 0.000000209473
3.262500 0.000000330457
3.287500 0.000000258973
3.312500 0.000000245455
3.337500 0.000001573032
3.362500 0.000001001583
3.387500 0.000000288476
3.412500 0.000000291972
3.437500 0.000000226108
3.462500 0.000000309346
3.487500 0.000001194759
3.512500 0.000000787275
3.537500 0.000000407198
3.562500 0.000000253085
3.587500 0.000000236436
3.612500 0.000000323740
3.637500 0.000000243743
3.662500 0.000001112197
3.687500 0.000000689082
3.712500 0.000000307797
3.737500 0.000000278571
3.762500 0.000000316641
3.787500 0.000000266075
3.812500 0.000000894777
3.837500 0.000000354015
3.862500 0.000000634773
3.887500 0.000000313789
3.912500 0.000000310129
3.937500 0.000000277204
3.962500 0.000000310365
3.987500 0.000000840636
4.012500 0.000000344484
4.037500 0.000000659803
4.062500 0.000000311888
4.087500 0.000000316647
4.112500 0.000000326197
4.137500 0.000000720034
4.162500 0.000000353075
4.187500 0.000000336432
4.212500 0.000000614787
4.237500 0.000000306741
4.262500 0.000000335624
4.287500 0.000000327332
4.312500 0.000000725281
4.337500 0.000000322805
4.362500 0.000000329026
4.387500 0.000000572557
4.412500 0.000000323402
4.437500 0.000000388948
4.462500 0.000000664149
4.487500 0.000000428722
4.512500 0.000000345293
4.537500 0.000000472888
4.562500 0.000000581966
4.587500 0.000000407658
4.612500 0.000000438053
4.637500 0.000000643305
4.662500 0.000000451054
4.687500 0.000000399053
4.712500 0.000000390653
4.737500 0.000000530927
4.762500 0.000000376571
4.787500 0.000000616108
4.812500 0.000000404248
4.837500 0.000000397852
4.862500 0.000000387691
4.887500 0.000000525767
4.912500 0.000000415510
4.937500 0.000000393041
4.962500 0.000000625449
4.987500 0.000000408434
5.012500 0.000000420177
5.037500 0.000000405544
5.062500 0.000000532986
5.087500 0.000000452753
5.112500 0.000000594559
5.137500 0.000000465720
5.162500 0.000000440134
5.187500 0.000000458130
5.212500 0.000000477301
5.237500 0.000000542068
5.262500 0.000000468214
5.287500 0.000000621168
5.312500 0.000000455003
5.337500 0.000000465799
5.362500 0.000000453740
5.387500 0.000000458386
5.412500 0.000000541227
5.437500 0.000000654933
5.462500 0.000000494475
5.487500 0.000000510584
5.512500 0.000000512507
5.537500 0.000000543896
5.562500 0.000000503483
5.587500 0.000000633377
5.612500 0.000000632397
5.637500 0.000000516898
5.662500 0.000000555524
5.687500 0.000000529763
5.712500 0.000000516713
5.737500 0.000000539233
5.762500 0.000000714356
5.787500 0.000000552218
5.812500 0.000000520842
5.837500 0.000000543925
5.862500 0.000000550489
5.887500 0.000000549474
5.912500 0.000000531740
5.937500 0.000000718188
5.962500 0.000000547274
5.987500 0.000000557333
6.012500 0.000000561639
6.037500 0.000000564843
6.062500 0.000000592380
6.087500 0.000000654563
6.112500 0.000000665903
6.137500 0.000000609401
6.162500 0.000000597248
6.187500 0.000000608258
6.212500 0.000000618996
6.237500 0.000000603266
6.262500 0.000000711120
6.287500 0.000000633347
6.312500 0.000000615341
6.337500 0.000000611969
6.362500 0.000000620800
6.387500 0.000000623935
6.412500 0.000000695415
6.437500 0.000000677700
6.462500 0.000000660218
6.487500 0.000000692806
6.512500 0.000000737329
6.537500 0.000000682078
6.562500 0.000000718430
6.587500 0.000000766781
6.612500 0.000000708110
6.637500 0.000000696555
6.662500 0.000000715648
6.687500 0.000000678338
6.712500 0.000000683607
6.737500 0.000000747232
6.762500 0.000000726392
6.787500 0.000000736129
6.812500 0.000000750019
6.837500 0.000000824194
6.862500 0.000000786655
6.887500 0.000000856735
6.912500 0.000001085596
6.937500 0.000000883688
6.962500 0.000000854848
6.987500 0.000000877117
7.012500 0.000000858909
7.037500 0.000000758308
7.062500 0.000000829468
7.087500 0.000000785914
7.112500 0.000000746465
7.137500 0.000000800961
7.162500 0.000000794651
7.187500 0.000000794269
7.212500 0.000000800803
7.237500 0.000000854604
7.262500 0.000000824110
7.287500 0.000000765911
7.312500 0.000000880410
7.337500 0.000000802325
7.362500 0.000000848512
7.387500 0.000000866671
7.412500 0.000000799799
7.437500 0.000000827077
7.462500 0.000000823837
7.487500 0.000001009517
7.512500 0.000000845027
7.537500 0.000001259067
7.562500 0.000001409731
7.587500 0.000000860421
7.612500 0.000001827381
7.637500 0.000001318340
7.662500 0.000001003604
7.687500 0.000001240532
7.712500 0.000001097874
7.737500 0.000000862584
7.762500 0.000000837242
7.787500 0.000000899555
7.812500 0.000000902174
7.837500 0.000000885342
7.862500 0.000000878290
7.887500 0.000000912031
7.912500 0.000000882581
7.937500 0.000000926552
7.962500 0.000000882030
7.987500 0.000000940754
8.012500 0.000000865534
8.037500 0.000000906091
8.062500 0.000000916536
8.087500 0.000000901477
8.112500 0.000000933254
8.137500 0.000000920256
8.162500 0.000000934121
8.187500 0.000000914538
8.212500 0.000000960852
8.237500 0.000000973029
8.262500 0.000000977163
8.287500 0.000000931006
8.312500 0.000000941945
8.337500 0.000000937798
8.362500 0.000000945374
8.387500 0.000000968994
8.412500 0.000000952159
8.437500 0.000000923308
8.462500 0.000000966484
8.487500 0.000000950365
8.512500 0.000000964886
8.537500 0.000001020295
8.562500 0.000000955317
8.587500 0.000001011005
8.612500 0.000000960740
8.637500 0.000000971335
8.662500 0.000000977746
8.687500 0.000000993363
8.712500 0.000000982496
8.737500 0.000000991687
8.762500 0.000001007933
8.787500 0.000000964501
8.812500 0.000000980649
8.837500 0.000000997883
8.862500 0.000001031323
8.887500 0.000001011667
8.912500 0.000001016414
8.937500 0.000001019297
8.962500 0.000001026675
8.987500 0.000001052578
9.012500 0.000001031958
9.037500 0.000001056630
9.062500 0.000001036178
9.087500 0.000001030178
9.112500 0.000001034366
9.137500 0.000001095521
9.162500 0.000001057621
9.187500 0.000001122724
9.212500 0.000001099312
9.237500 0.000001077292
9.262500 0.000001062526
9.287500 0.000001098945
9.312500 0.000001061079
9.337500 0.000001127060
9.362500 0.000001240104
9.387500 0.000001141169
9.412500 0.000001212939
9.437500 0.000001410612
9.462500 0.000001236102
9.487500 0.000001121765
9.512500 0.000001253182
9.537500 0.000001184671
9.562500 0.000001118587
9.587500 0.000001121972
9.612500 0.000001108144
9.637500 0.000001099108
9.662500 0.000001096965
9.687500 0.000001131684
9.712500 0.000001153545
9.737500 0.000001151667
9.762500 0.000001170318
9.787500 0.000001130815
9.812500 0.000001137879
9.837500 0.000001121161
9.862500 0.000001131245
9.887500 0.000001126262
9.912500 0.000001185218
9.937500 0.000001167485
9.962500 0.000001146069
9.987500 0.000001169247
10.012500 0.000001168185
10.037500 0.000001192965
10.062500 0.000001237870
10.087500 0.000001214469
10.112500 0.000001189956
10.137500 0.000001185086
10.162500 0.000001190255
10.187500 0.000001298350
10.212500 0.000001527355
10.237500 0.000001355760
10.262500 0.000001444878
10.287500 0.000001840684
10.312500 0.000001453417
10.337500 0.000001346309
10.362500 0.000001404258
10.387500 0.000001283766
10.412500 0.000001235792
10.437500 0.000001238939
10.462500 0.000001208089
10.487500 0.000001256331
10.512500 0.000001229108
10.537500 0.000001231644
10.562500 0.000001258619
10.587500 0.000001195250
10.612500 0.000001242758
10.637500 0.000001244183
10.662500 0.000001244127
10.687500 0.000001257770
10.712500 0.000001247970
10.737500 0.000001299281
10.762500 0.000001266253
10.787500 0.000001246620
10.812500 0.000001260823
10.837500 0.000001288111
10.862500 0.000001246985
10.887500 0.000001273008
10.912500 0.000001386599
10.937500 0.000001307902
10.962500 0.000001320484
10.987500 0.000001308725
11.012500 0.000001338444
11.037500 0.000001282445
11.062500 0.000001292215
11.087500 0.000001594890
11.112500 0.000001286742
11.137500 0.000001327887
11.162500 0.000001324876
11.187500 0.000001324772
11.212500 0.000001372378
11.237500 0.000001342460
11.262500 0.000004539282
11.287500 0.000001388523
11.312500 0.000001341854
11.337500 0.000009277600
11.362500 0.000001678228
11.387500 0.000001394045
11.412500 0.000001311698
11.437500 0.000005006470
11.462500 0.000001397344
11.487500 0.000001381005
11.512500 0.000001387201
11.537500 0.000001422979
11.562500 0.000001400877
11.587500 0.000001406176
11.612500 0.000001972943
11.637500 0.000001412485
11.662500 0.000001544381
11.687500 0.000001578904
11.712500 0.000001483348
11.737500 0.000001617735
11.762500 0.000001511750
11.787500 0.000001652135
11.812500 0.000001434184
11.837500 0.000001432908
11.862500 0.000001463704
11.887500 0.000001410938
11.912500 0.000001419832
11.937500 0.000001657530
11.962500 0.000001448800
11.987500 0.000001489928
12.012500 0.000001482949
12.037500 0.000001416844
12.062500 0.000001438476
12.087500 0.000001431621
12.112500 0.000001510079
12.137500 0.000001535153
12.162500 0.000001692120
12.187500 0.000001513489
12.212500 0.000001552563
12.237500 0.000001634325
12.262500 0.000001589255
12.287500 0.000001791335
12.312500 0.000002293672
12.337500 0.000001868197
12.362500 0.000002008033
12.387500 0.000001708575
12.412500 0.000001962056
12.437500 0.000003507605
12.462500 0.000005968568
12.487500 0.000003944058
12.512500 0.000006011497
12.537500 0.000012810737
12.562500 0.000006312276
12.587500 0.000001780223
12.612500 0.000008255443
12.637500 0.000003647513
12.662500 0.000001868991
12.687500 0.000001796648
12.712500 0.000001681861
12.737500 0.000001650560
12.762500 0.000001743124
12.787500 0.000002007593
12.812500 0.000001894663
12.837500 0.000001513861
12.862500 0.000001670856
12.887500 0.000001738492
12.912500 0.000001605383
12.937500 0.000001719980
12.962500 0.000002417065
12.987500 0.000001653625
13.012500 0.000002975076
13.037500 0.000003618363
13.062500 0.000001631913
13.087500 0.000005131461
13.112500 0.000003599085
13.137500 0.000001682880
13.162500 0.000003842849
13.187500 0.000002394070
13.212500 0.000001797156
13.237500 0.000001750895
13.262500 0.000002009353
13.287500 0.000001902879
13.312500 0.000003752523
13.337500 0.000005937731
13.362500 0.000004124342
13.387500 0.000006217541
13.412500 0.000013200286
13.437500 0.000006966112
13.462500 0.000005195093
13.487500 0.000009354072
13.512500 0.000004833333
13.537500 0.000003653811
13.562500 0.000002591684
13.587500 0.000002366885
13.612500 0.000001887479
13.637500 0.000002696691
13.662500 0.000004444005
13.687500 0.000002813438
13.712500 0.000001713727
13.737500 0.000005329478
13.762500 0.000007408939
13.787500 0.000007294197
13.812500 0.000002191049
13.837500 0.000003704966
13.862500 0.000005145072
13.887500 0.000001685262
13.912500 0.000002482226
13.937500 0.000001732409
13.962500 0.000002103971
13.987500 0.000001689065
14.012500 0.000001913504
14.037500 0.000001957039
14.062500 0.000001707326
14.087500 0.000002055358
14.112500 0.000001959715
14.137500 0.000001916142
14.162500 0.000001847011
14.187500 0.000002752579
14.212500 0.000002743949
14.237500 0.000003715554
14.262500 0.000004206386
14.287500 0.000004742079
14.312500 0.000006918839
14.337500 0.000004400020
14.362500 0.000004835670
14.387500 0.000002539119
14.412500 0.000002463391
14.437500 0.000002330568
14.462500 0.000001840907
14.487500 0.000001918738
14.512500 0.000002155390
14.537500 0.000001984393
14.562500 0.000001978423
14.587500 0.000001868851
14.612500 0.000002076487
14.637500 0.000001969380
14.662500 0.000001966601
14.687500 0.000001787442
14.712500 0.000001876857
14.737500 0.000001775867
14.762500 0.000001816780
14.787500 0.000001759429
14.812500 0.000001913319
14.837500 0.000001876773
14.862500 0.000002046628
14.887500 0.000002041092
14.912500 0.000001886464
14.937500 0.000002203279
14.962500 0.000002575674
14.987500 0.000002754492
15.012500 0.000004602409
15.037500 0.000004332153
15.062500 0.000006595744
15.087500 0.000003834065
15.112500 0.000005094407
15.137500 0.000004630370
15.162500 0.000003147914
15.187500 0.000003809862
15.212500 0.000004403217
15.237500 0.000002954215
15.262500 0.000002625762
15.287500 0.000003087576
15.312500 0.000002552636
15.337500 0.000002873581
15.362500 0.000003225604
15.387500 0.000002694199
15.412500 0.000004203136
15.437500 0.000002763811
15.462500 0.000004177110
15.487500 0.000003018751
15.512500 0.000003775153
15.537500 0.000002909611
15.562500 0.000004602199
15.587500 0.000002774106
15.612500 0.000002598516
15.637500 0.000002519828
15.662500 0.000002331199
15.687500 0.000001947472
15.712500 0.000001949106
15.737500 0.000001844790
15.762500 0.000001737526
15.787500 0.000001786575
15.812500 0.000001699315
15.837500 0.000001624884
15.862500 0.000001585007
15.887500 0.000001604966
15.912500 0.000001571815
15.937500 0.000001577742
15.962500 0.000001554918
15.987500 0.000001563561
16.012500 0.000001569898
16.037500 0.000001598000
16.062500 0.000001586847
16.087500 0.000001571731
16.112500 0.000001584786
16.137500 0.000001563918
16.162500 0.000001556833
16.187500 0.000001583226
16.212500 0.000001610742
16.237500 0.000001573253
16.262500 0.000001682552
16.287500 0.000001587075
16.312500 0.000001635142
16.337500 0.000001659205
16.362500 0.000001602009
16.387500 0.000001601348
16.412500 0.000001604358
16.437500 0.000001603985
16.462500 0.000001707203
16.487500 0.000001591951
16.512500 0.000001850877
16.537500 0.000001804547
16.562500 0.000001590918
16.587500 0.000001883564
16.612500 0.000001731500
16.637500 0.000001637647
16.662500 0.000001651150
16.687500 0.000001653858
16.712500 0.000001562774
16.737500 0.000001589225
16.762500 0.000001579528
16.787500 0.000001564515
16.812500 0.000001567505
16.837500 0.000001610721
16.862500 0.000001541566
16.887500 0.000001560329
16.912500 0.000001618848
16.937500 0.000001601890
16.962500 0.000001590259
16.987500 0.000001580690
17.012500 0.000001629118
17.037500 0.000001634682
17.062500 0.000001760444
17.087500 0.000001639106
17.112500 0.000001759220
17.137500 0.000001893928
17.162500 0.000001839130
17.187500 0.000001772823
17.212500 0.000001742492
17.237500 0.000001675304
17.262500 0.000001644310
17.287500 0.000001585430
17.312500 0.000001590716
17.337500 0.000001609011
17.362500 0.000001583219
17.387500 0.000001675857
17.412500 0.000001576875
17.437500 0.000001647736
17.462500 0.000001541908
17.487500 0.000001588833
17.512500 0.000001556973
17.537500 0.000001577517
17.562500 0.000001590351
17.587500 0.000001615502
17.612500 0.000001610491
17.637500 0.000001575649
17.662500 0.000001630079
17.687500 0.000001580475
17.712500 0.000001580381
17.737500 0.000001640590
17.762500 0.000001568771
17.787500 0.000001564514
17.812500 0.000001607541
17.837500 0.000001574155
17.862500 0.000001667967
17.887500 0.000001612890
17.912500 0.000001700218
17.937500 0.000001578038
17.962500 0.000001759600
17.987500 0.000001914401
18.012500 0.000001702144
18.037500 0.000001720010
18.062500 0.000001809572
18.087500 0.000002405333
18.112500 0.000001586534
18.137500 0.000003693615
18.162500 0.000003575561
18.187500 0.000002402717
18.212500 0.000006582364
18.237500 0.000004382811
18.262500 0.000003648290
18.287500 0.000001582698
18.312500 0.000002341232
18.337500 0.000001779939
18.362500 0.000001647220
18.387500 0.000001558916
18.412500 0.000001948256
18.437500 0.000001707171
18.462500 0.000001630863
18.487500 0.000001692044
18.512500 0.000001959763
18.537500 0.000001617192
18.562500 0.000001631293
18.587500 0.000001709156
18.612500 0.000001571843
18.637500 0.000001600355
18.662500 0.000001542796
18.687500 0.000001641495
18.712500 0.000001575101
18.737500 0.000001589572
18.762500 0.000001636043
18.787500 0.000001625983
18.812500 0.000001607776
18.837500 0.000001574365
18.862500 0.000001584393
18.887500 0.000001560436
18.912500 0.000001551029
18.937500 0.000001554986
18.962500 0.000001557899
18.987500 0.000001592180
19.012500 0.000001608737
19.037500 0.000001672981
19.062500 0.000001587347
19.087500 0.000001604271
19.112500 0.000001612186
19.137500 0.000001635247
19.162500 0.000001582934
19.187500 0.000001631101
19.212500 0.000001581586
19.237500 0.000001670704
19.262500 0.000001769164
19.287500 0.000001604623
19.312500 0.000001890531
19.337500 0.000001743735
19.362500 0.000002386087
19.387500 0.000002888802
19.412500 0.000002499445
19.437500 0.000003355652
19.462500 0.000003939347
19.487500 0.000003661957
19.512500 0.000002511153
19.537500 0.000001940458
19.562500 0.000002276904
19.587500 0.000001763821
19.612500 0.000001702147
19.637500 0.000001582102
19.662500 0.000001650698
19.687500 0.000001663435
19.712500 0.000001542086
19.737500 0.000001556545
19.762500 0.000001569686
19.787500 0.000001552335
19.812500 0.000001550674
19.837500 0.000001523627
19.862500 0.000001506192
19.887500 0.000001494462
19.912500 0.000001499792
19.937500 0.000001489684
19.962500 0.000001480268
19.987500 0.000001466061
20.012500 0.000001490162
20.037500 0.000001498254
20.062500 0.000001505772
20.087500 0.000001541077
20.112500 0.000001502067
20.137500 0.000001589422
20.162500 0.000001514612
20.187500 0.000001541232
20.212500 0.000001493320
20.237500 0.000001490336
20.262500 0.000001454770
20.287500 0.000001477947
20.312500 0.000001460319
20.337500 0.000001482324
20.362500 0.000001475417
20.387500 0.000001475432
20.412500 0.000001494369
20.437500 0.000001495239
20.462500 0.000001470042
20.487500 0.000001497354
20.512500 0.000001523640
20.537500 0.000001493988
20.562500 0.000001508548
20.587500 0.000001506721
20.612500 0.000001476643
20.637500 0.000001515850
20.662500 0.000001542206
20.687500 0.000001505000
20.712500 0.000001521515
20.737500 0.000001518323
20.762500 0.000001528401
20.787500 0.000001479593
20.812500 0.000001629548
20.837500 0.000001574126
20.862500 0.000001560420
20.887500 0.000001715776
20.912500 0.000001634547
20.937500 0.000001602840
20.962500 0.000001576685
20.987500 0.000001602571
21.012500 0.000001556103
21.037500 0.000001523823
21.062500 0.000001566887
21.087500 0.000001505412
21.112500 0.000001500106
21.137500 0.000001502336
21.162500 0.000001473642
21.187500 0.000001486407
21.212500 0.000001480181
21.237500 0.000001505844
21.262500 0.000001449370
21.287500 0.000001524609
21.312500 0.000001477565
21.337500 0.000001497600
21.362500 0.000001461836
21.387500 0.000001489804
21.412500 0.000001463314
21.437500 0.000001501542
21.462500 0.000001482474
21.487500 0.000001458023
21.512500 0.000001548861
21.537500 0.000001442470
21.562500 0.000001637551
21.587500 0.000001516441
21.612500 0.000001855274
21.637500 0.000001547553
21.662500 0.000001543393
21.687500 0.000003060465
21.712500 0.000001523792
21.737500 0.000004344394
21.762500 0.000001942096
21.787500 0.000003169208
21.812500 0.000002652748
21.837500 0.000002559285
21.862500 0.000002048930
21.887500 0.000001557345
21.912500 0.000002093724
21.937500 0.000001747485
21.962500 0.000001818424
21.987500 0.000002273717
22.012500 0.000002695794
22.037500 0.000003022686
22.062500 0.000003230519
22.087500 0.000003531114
22.112500 0.000004515981
22.137500 0.000002771633
22.162500 0.000002861285
22.187500 0.000002829726
22.212500 0.000001866536
22.237500 0.000002077844
22.262500 0.000001744999
22.287500 0.000001659667
22.312500 0.000001601587
22.337500 0.000001696882
22.362500 0.000001584054
22.387500 0.000001620520
22.412500 0.000001684767
22.437500 0.000001737127
22.462500 0.000001625292
22.487500 0.000001779295
22.512500 0.000001959635
22.537500 0.000001846219
22.562500 0.000002694546
22.587500 0.000002561810
22.612500 0.000004165999
22.637500 0.000002572497
22.662500 0.000002721150
22.687500 0.000002989997
22.712500 0.000002318252
22.737500 0.000002542961
22.762500 0.000002917939
22.787500 0.000003213659
22.812500 0.000003052776
22.837500 0.000002223216
22.862500 0.000002609632
22.887500 0.000002604247
22.912500 0.000001638063
22.937500 0.000002324667
22.962500 0.000001909459
22.987500 0.000001714134
23.012500 0.000001530754
23.037500 0.000001732459
23.062500 0.000001630010
23.087500 0.000002400617
23.112500 0.000001542021
23.137500 0.000002654643
23.162500 0.000001717313
23.187500 0.000001847419
23.212500 0.000001974705
23.237500 0.000001544693
23.262500 0.000001864044
23.287500 0.000001663242
23.312500 0.000002338637
23.337500 0.000001675267
23.362500 0.000001938415
23.387500 0.000002697022
23.412500 0.000001760131
23.437500 0.000002282031
23.462500 0.000001650031
23.487500 0.000001655371
23.512500 0.000001520932
23.537500 0.000001480847
23.562500 0.000001483874
23.587500 0.000001605080
23.612500 0.000001461236
23.637500 0.000001520331
23.662500 0.000001421096
23.687500 0.000001438434
23.712500 0.000001447595
23.737500 0.000001556310
23.762500 0.000001426308
23.787500 0.000001409712
23.812500 0.000001544185
23.837500 0.000001446206
23.862500 0.000001457980
23.887500 0.000001507118
23.912500 0.000001707979
23.937500 0.000001477719
23.962500 0.000001657260
23.987500 0.000001834699
24.012500 0.000001654198
24.037500 0.000001686613
24.062500 0.000001947744
24.087500 0.000001567316
24.112500 0.000001588829
24.137500 0.000001500274
24.162500 0.000001603498
24.187500 0.000001422263
24.212500 0.000001388652
24.237500 0.000001731524
24.262500 0.000001386073
24.287500 0.000001363010
24.312500 0.000001596906
24.337500 0.000001405712
24.362500 0.000001384615
24.387500 0.000001925055
24.412500 0.000001410158
24.437500 0.000001392564
24.462500 0.000001403884
24.487500 0.000001799124
24.512500 0.000001442852
24.537500 0.000001399351
24.562500 0.000002256605
24.587500 0.000001453393
24.612500 0.000001439303
24.637500 0.000001482781
24.662500 0.000002238728
24.687500 0.000001436214
24.712500 0.000003055109
24.737500 0.000001450339
24.762500 0.000001454641
24.787500 0.000001519148
24.812500 0.000001537332
24.837500 0.000003765033
24.862500 0.000001479013
24.887500 0.000006655394
24.912500 0.000001501730
24.937500 0.000002644726
24.962500 0.000003071475
24.987500 0.000001445663
25.012500 0.000024731722
25.037500 0.000043226259
25.062500 0.000003379992
25.087500 0.000002089575
25.112500 0.000002142884
25.137500 0.000001537536
25.162500 0.000001564515
25.187500 0.000001565929
25.212500 0.000001629186
25.237500 0.000001597599
25.262500 0.000001591562
25.287500 0.000001533987
25.312500 0.000001482920
25.337500 0.000002073392
25.362500 0.000001562359
25.387500 0.000002927027
25.412500 0.000003384577
25.437500 0.000004639113
25.462500 0.000002160086
25.487500 0.000003765674
25.512500 0.000003455203
25.537500 0.000001852839
25.562500 0.000002486781
25.587500 0.000001683318
25.612500 0.000001879253
25.637500 0.000001707785
25.662500 0.000001989761
25.687500 0.000002258365
25.712500 0.000002113041
25.737500 0.000002735699
25.762500 0.000003121939
25.787500 0.000002366849
25.812500 0.000002717541
25.837500 0.000002608007
25.862500 0.000002521417
25.887500 0.000002403520
25.912500 0.000002634868
25.937500 0.000003183999
25.962500 0.000002795792
25.987500 0.000002095889
26.012500 0.000002431629
26.037500 0.000001909934
26.062500 0.000001665564
26.087500 0.000001613257
26.112500 0.000001675658
26.137500 0.000001628863
26.162500 0.000001753963
26.187500 0.000001647294
26.212500 0.000001669086
26.237500 0.000001665681
26.262500 0.000002102431
26.287500 0.000002373048
26.312500 0.000002417640
26.337500 0.000002422519
26.362500 0.000002955920
26.387500 0.000002459560
26.412500 0.000002569076
26.437500 0.000002258695
26.462500 0.000002076263
26.487500 0.000001715064
26.512500 0.000001777238
26.537500 0.000001790037
26.562500 0.000001816832
26.587500 0.000002431722
26.612500 0.000002089293
26.637500 0.000002312712
26.662500 0.000002045863
26.687500 0.000001989259
26.712500 0.000001946184
26.737500 0.000001817114
26.762500 0.000001657015
26.787500 0.000001667241
26.812500 0.000001506287
26.837500 0.000001537154
26.862500 0.000001502589
26.887500 0.000001481758
26.912500 0.000001488889
26.937500 0.000001467204
26.962500 0.000001489316
26.987500 0.000001465324
27.012500 0.000001502949
27.037500 0.000001497415
27.062500 0.000001524654
27.087500 0.000001475001
27.112500 0.000001480141
27.137500 0.000001462912
27.162500 0.000001519814
27.187500 0.000001524849
27.212500 0.000001533365
27.237500 0.000001495509
27.262500 0.000001536641
27.287500 0.000001458131
27.312500 0.000001560981
27.337500 0.000001597795
27.362500 0.000001496186
27.387500 0.000001574708
27.412500 0.000001496926
27.437500 0.000001489253
27.462500 0.000001883443
27.487500 0.000002614368
27.512500 0.000001551739
27.537500 0.000002026661
27.562500 0.000001578300
27.587500 0.000001581790
27.612500 0.000001732809
27.637500 0.000001617130
27.662500 0.000001629818
27.687500 0.000001527706
27.712500 0.000001547082
27.737500 0.000001520912
27.762500 0.000001493531
27.787500 0.000001566271
27.812500 0.000001591218
27.837500 0.000001628777
27.862500 0.000001564423
27.887500 0.000001543485
27.912500 0.000001516416
27.937500 0.000002011223
27.962500 0.000002066472
27.987500 0.000002777182
28.012500 0.000002042628
28.037500 0.000001691932
28.062500 0.000001527833
28.087500 0.000001660711
28.112500 0.000001564868
28.137500 0.000001560720
28.162500 0.000001571677
28.187500 0.000001653217
28.212500 0.000001685472
28.237500 0.000001904811
28.262500 0.000002334053
28.287500 0.000001743758
28.312500 0.000002406470
28.337500 0.000002082472
28.362500 0.000003392944
28.387500 0.000002922034
28.412500 0.000003032239
28.437500 0.000001980213
28.462500 0.000001885817
28.487500 0.000001636115
28.512500 0.000001637783
28.537500 0.000002468633
28.562500 0.000003248015
28.587500 0.000001887402
28.612500 0.000002040711
28.637500 0.000001527393
28.662500 0.000001665358
28.687500 0.000001530657
28.712500 0.000001520729
28.737500 0.000001513560
28.762500 0.000001463372
28.787500 0.000001462158
28.812500 0.000001437433
28.837500 0.000001413754
28.862500 0.000001425525
28.887500 0.000001416905
28.912500 0.000001416497
28.937500 0.000001434054
28.962500 0.000001423759
28.987500 0.000001466134
29.012500 0.000001469460
29.037500 0.000001494910
29.062500 0.000001441843
29.087500 0.000001432317
29.112500 0.000001471256
29.137500 0.000001423322
29.162500 0.000001437770
29.187500 0.000001418130
29.212500 0.000001424161
29.237500 0.000001441549
29.262500 0.000001506937
29.287500 0.000001576105
29.312500 0.000001829124
29.337500 0.000001512066
29.362500 0.000001441746
29.387500 0.000001377946
29.412500 0.000001423365
29.437500 0.000001378832
29.462500 0.000001398983
29.487500 0.000001395750
29.512500 0.000001391839
29.537500 0.000001419391
29.562500 0.000001385650
29.587500 0.000001374072
29.612500 0.000001397712
29.637500 0.000001349242
29.662500 0.000001484065
29.687500 0.000001369224
29.712500 0.000001511895
29.737500 0.000001384135
29.762500 0.000001461178
29.787500 0.000001394312
29.812500 0.000001392339
29.837500 0.000001397501
29.862500 0.000001373181
29.887500 0.000001372182
29.912500 0.000001366111
29.937500 0.000001339534
29.962500 0.000001385980
29.987500 0.000001356400
30.012500 0.000001505940
30.037500 0.000001441381
30.062500 0.000001536946
30.087500 0.000001461592
30.112500 0.000001518847
30.137500 0.000001384310
30.162500 0.000001407309
30.187500 0.000001367528
30.212500 0.000001364092
30.237500 0.000001382444
30.262500 0.000001327054
30.287500 0.000001368170
30.312500 0.000001297288
30.337500 0.000001329457
30.362500 0.000001308214
30.387500 0.000001334430
30.412500 0.000001320738
30.437500 0.000001318911
30.462500 0.000001316312
30.487500 0.000001325401
30.512500 0.000001353140
30.537500 0.000001336094
30.562500 0.000001319934
30.587500 0.000001349516
30.612500 0.000001345830
30.637500 0.000001348726
30.662500 0.000001422248
30.687500 0.000001431521
30.712500 0.000001457990
30.737500 0.000001553695
30.762500 0.000001598780
30.787500 0.000002089446
30.812500 0.000001728412
30.837500 0.000002875972
30.862500 0.000002703315
30.887500 0.000004472898
30.912500 0.000004376227
30.937500 0.000005828897
30.962500 0.000003665964
30.987500 0.000003697496
31.012500 0.000002145261
31.037500 0.000002244617
31.062500 0.000001632259
31.087500 0.000001868515
31.112500 0.000001627558
31.137500 0.000001715180
31.162500 0.000001694288
31.187500 0.000001909582
31.212500 0.000002016622
31.237500 0.000002290511
31.262500 0.000003146060
31.287500 0.000002217922
31.312500 0.000004115657
31.337500 0.000002293792
31.362500 0.000002989334
31.387500 0.000001954422
31.412500 0.000001781322
31.437500 0.000001451964
31.462500 0.000001588755
31.487500 0.000001344573
31.512500 0.000001448080
31.537500 0.000001319726
31.562500 0.000001379353
31.587500 0.000001352666
31.612500 0.000001355674
31.637500 0.000001357269
31.662500 0.000001346375
31.687500 0.000001363319
31.712500 0.000001433833
31.737500 0.000001560453
31.762500 0.000001662924
31.787500 0.000002187922
31.812500 0.000001869961
31.837500 0.000002742137
31.862500 0.000001791834
31.887500 0.000002149715
31.912500 0.000001748659
31.937500 0.000001545177
31.962500 0.000001458067
31.987500 0.000001320328
32.012500 0.000001298985
32.037500 0.000001261950
32.062500 0.000001251057
32.087500 0.000001238202
32.112500 0.000001221731
32.137500 0.000001232744
32.162500 0.000001214725
32.187500 0.000001206219
32.212500 0.000001196879
32.237500 0.000001235681
32.262500 0.000001214360
32.287500 0.000001278356
32.312500 0.000001296505
32.337500 0.000001277055
32.362500 0.000001399851
32.387500 0.000001351717
32.412500 0.000001287648
32.437500 0.000001252033
32.462500 0.000001240842
32.487500 0.000001185083
32.512500 0.000001197274
32.537500 0.000001181329
32.562500 0.000001181725
32.587500 0.000001225792
32.612500 0.000001169971
32.637500 0.000001202812
32.662500 0.000001205438
32.687500 0.000001182853
32.712500 0.000001218582
32.737500 0.000001260925
32.762500 0.000001218509
32.787500 0.000001269730
32.812500 0.000001197760
32.837500 0.000001276424
32.862500 0.000001184376
32.887500 0.000001250427
32.912500 0.000001214300
32.937500 0.000001259829
32.962500 0.000001259071
32.987500 0.000001247614
33.012500 0.000001369053
33.037500 0.000001252033
33.062500 0.000001388101
33.087500 0.000001828501
33.112500 0.000001176223
33.137500 0.000002264364
33.162500 0.000002031108
33.187500 0.000001449885
33.212500 0.000001912139
33.237500 0.000001477772
33.262500 0.000001362796
33.287500 0.000001344483
33.312500 0.000001148126
33.337500 0.000001185820
33.362500 0.000001173130
33.387500 0.000001171131
33.412500 0.000001183337
33.437500 0.000001152411
33.462500 0.000001145222
33.487500 0.000001185299
33.512500 0.000001184149
33.537500 0.000001142474
33.562501 0.000001109832
33.587501 0.000001133605
33.612501 0.000001197978
33.637501 0.000001163449
33.662501 0.000001153139
33.687501 0.000001145767
33.712501 0.000001196295
33.737501 0.000001292146
33.762501 0.000001142978
33.787501 0.000001231609
33.812501 0.000001200009
33.837501 0.000001200424
33.862501 0.000001272953
33.887501 0.000001173228
33.912501 0.000001231891
33.937501 0.000001306328
33.962501 0.000001328947
33.987501 0.000001295670
34.012501 0.000001338160
34.037501 0.000001225029
34.062501 0.000001766265
34.087501 0.000001277311
34.112501 0.000001928328
34.137501 0.000001664081
34.162501 0.000001146699
34.187501 0.000001256818
34.212501 0.000001172722
34.237501 0.000001154166
34.262501 0.000001184744
34.287501 0.000001172862
34.312501 0.000001192273
34.337501 0.000001120115
34.362501 0.000001226315
34.387501 0.000001238297
34.412501 0.000001140243
34.437501 0.000001274633
34.462501 0.000001149323
34.487501 0.000001260224
34.512501 0.000001240269
34.537501 0.000001157978
34.562501 0.000001347326
34.587501 0.000001376788
34.612501 0.000001373943
34.637501 0.000001253548
34.662501 0.000001390056
34.687501 0.000001259537
34.712501 0.000001391791
34.737501 0.000001382207
34.762501 0.000001159732
34.787501 0.000001467331
34.812501 0.000001529008
34.837501 0.000001526576
34.862501 0.000001123166
34.887501 0.000001141856
34.912501 0.000001726461
34.937501 0.000001664192
34.962501 0.000001741076
34.987501 0.000001143234
35.012501 0.000001203473
35.037501 0.000002287826
35.062501 0.000002973325
35.087501 0.000001207640
35.112501 0.000001333911
35.137501 0.000001168537
35.162501 0.000005104296
35.187501 0.000003257015
35.212501 0.000001521206
35.237501 0.000001621700
35.262501 0.000005972072
35.287501 0.000006784830
35.312501 0.000007365716
35.337501 0.000002908473
35.362501 0.000004262310
35.387501 0.000047490875
35.412501 0.000025518117
35.437501 0.000002130443
35.462501 0.000001489709
35.487501 0.000001402365
35.512501 0.000001652344
35.537501 0.000001714418
35.562501 0.000001601237
35.587501 0.000001557730
35.612501 0.000001940628
35.637501 0.000002653945
35.662501 0.000003050431
35.687501 0.000004646577
35.712501 0.000003163636
35.737501 0.000002553173
35.762501 0.000001786081
35.787501 0.000001122734
35.812501 0.000001248937
35.837501 0.000001335635
35.862501 0.000001201050
35.887501 0.000001142950
35.912501 0.000001180854
35.937501 0.000001201824
35.962501 0.000001156214
35.987501 0.000001125066
36.012501 0.000001103872
36.037501 0.000001155955
36.062501 0.000001071424
36.087501 0.000001083650
36.112501 0.000001089319
36.137501 0.000001110936
36.162501 0.000001086756
36.187501 0.000001083894
36.212501 0.000001091277
36.237501 0.000001090705
36.262501 0.000001061239
36.287501 0.000001041977
36.312501 0.000001054720
36.337501 0.000001045807
36.362501 0.000001053530
36.387501 0.000001008107
36.412501 0.000001020044
36.437501 0.000001018770
36.462501 0.000001025676
36.487501 0.000001012828
36.512501 0.000001020492
36.537501 0.000001076884
36.562501 0.000001166342
36.587501 0.000001040232
36.612501 0.000001216708
36.637501 0.000001116775
36.662501 0.000001084166
36.687501 0.000001028937
36.712501 0.000000998485
36.737501 0.000001016526
36.762501 0.000001044780
36.787501 0.000001014360
36.812501 0.000000983600
36.837501 0.000001005535
36.862501 0.000001036692
36.887501 0.000000971777
36.912501 0.000000972893
36.937501 0.000001001820
36.962501 0.000001042680
36.987501 0.000001056130
37.012501 0.000000952023
37.037501 0.000000988434
37.062501 0.000001019218
37.087501 0.000001148931
37.112501 0.000001038013
37.137501 0.000000931029
37.162501 0.000001262542
37.187501 0.000001891047
37.212501 0.000001334122
37.237501 0.000000885172
37.262501 0.000000954226
37.287501 0.000000880982
37.312501 0.000000884245
37.337501 0.000000844653
37.362501 0.000000865386
37.387501 0.000000840822
37.412501 0.000000840345
37.437501 0.000000838011
37.462501 0.000000857495
37.487501 0.000000842324
37.512501 0.000000809500
37.537501 0.000000853551
37.562501 0.000000835287
37.587501 0.000000849305
37.612501 0.000000813062
37.637501 0.000000861620
37.662501 0.000000884698
37.687501 0.000000813518
37.712501 0.000000855518
37.737501 0.000000866029
37.762501 0.000000795773
37.787501 0.000000966135
37.812501 0.000000853008
37.837501 0.000000861696
37.862501 0.000001136643
37.887501 0.000001057233
37.912501 0.000001288052
37.937501 0.000000735888
37.962501 0.000001601197
37.987501 0.000002130485
38.012501 0.000001328885
38.037501 0.000000741176
38.062501 0.000000724811
38.087501 0.000000764638
38.112501 0.000000688530
38.137501 0.000000681460
38.162501 0.000000729468
38.187501 0.000000672044
38.212501 0.000000729416
38.237501 0.000000668673
38.262501 0.000000696159
38.287501 0.000000678491
38.312501 0.000000677562
38.337501 0.000000669111
38.362501 0.000000660520
38.387501 0.000000658259
38.412501 0.000000652789
38.437501 0.000000651263
38.462501 0.000000648430
38.487501 0.000000632712
38.512501 0.000000652701
38.537501 0.000000634170
38.562501 0.000000706144
38.587501 0.000000612563
38.612501 0.000000749101
38.637501 0.000000620301
38.662501 0.000000622135
38.687501 0.000000598955
38.712501 0.000000566356
38.737501 0.000000600900
38.762501 0.000000563654
38.787501 0.000000591518
38.812501 0.000000564435
38.837501 0.000000559551
38.862501 0.000000561787
38.887501 0.000000530811
38.912501 0.000000555227
38.937501 0.000000519720
38.962501 0.000000531858
38.987501 0.000000514791
39.012501 0.000000505455
39.037501 0.000000528749
39.062501 0.000000498631
39.087501 0.000000541620
39.112501 0.000000504442
39.137501 0.000000514290
39.162501 0.000000486890
39.187501 0.000000474963
39.212501 0.000000475173
39.237501 0.000000462309
39.262501 0.000000478574
39.287501 0.000000466078
39.312501 0.000000457677
39.337501 0.000000454214
39.362501 0.000000454722
39.387501 0.000000444215
39.412501 0.000000440777
39.437501 0.000000422034
39.462501 0.000000434815
39.487501 0.000000400445
39.512501 0.000000418911
39.537501 0.000000408878
39.562501 0.000000408419
39.587501 0.000000423900
39.612501 0.000000395226
39.637501 0.000000405136
39.662501 0.000000405444
39.687501 0.000000388235
39.712501 0.000000393000
39.737501 0.000000398102
39.762501 0.000000378793
39.787501 0.000000414098
39.812501 0.000000408441
39.837501 0.000000368124
39.862501 0.000000394440
39.887501 0.000000374697
39.912501 0.000000356343
39.937501 0.000000359161
39.962501 0.000000339547
39.987501 0.000000362907
