0.000000000000000000e+00 2.556072670393106528e+05
8.749999999999999445e-02 2.141482430802630843e+05
1.125000000000000028e-01 1.508524458959526964e+05
1.375000000000000111e-01 8.999066267092377529e+04
1.625000000000000056e-01 4.606975958568436181e+04
1.875000000000000000e-01 2.095311758616060615e+04
2.124999999999999944e-01 9.391672647236013290e+03
2.374999999999999889e-01 5.040422379202917000e+03
2.625000000000000111e-01 3.432237334107044717e+03
2.874999999999999778e-01 2.446477704739545516e+03
3.125000000000000000e-01 1.570671994150023920e+03
3.375000000000000222e-01 9.181385140863712877e+02
3.624999999999999889e-01 5.902541955171617474e+02
3.875000000000000111e-01 5.065704277667362589e+02
4.124999999999999778e-01 5.044775909353296584e+02
4.375000000000000000e-01 4.663241502013690933e+02
4.625000000000000222e-01 3.706279799248854943e+02
4.874999999999999889e-01 2.641583014579022120e+02
5.124999999999999556e-01 1.966366722576507584e+02
5.374999999999999778e-01 1.778978344753269312e+02
5.625000000000000000e-01 1.819139026059697244e+02
5.875000000000000222e-01 1.769031593741950701e+02
6.125000000000000444e-01 1.500342583000250443e+02
6.374999999999999556e-01 1.105084099240286690e+02
6.624999999999999778e-01 7.632359800314823417e+01
6.875000000000000000e-01 5.902804140994933135e+01
7.125000000000000222e-01 5.711091163646660362e+01
7.375000000000000444e-01 6.000756113251353696e+01
7.624999999999999556e-01 5.787446949181605760e+01
7.874999999999999778e-01 4.873723030075595375e+01
8.125000000000000000e-01 3.766537452900334415e+01
8.375000000000000222e-01 3.048817860287284631e+01
8.625000000000000444e-01 2.876306673456471685e+01
8.874999999999999556e-01 2.956725144122009752e+01
9.124999999999999778e-01 2.894588177564816434e+01
9.375000000000000000e-01 2.520806299870492140e+01
9.625000000000000222e-01 1.964028418003743681e+01
9.875000000000000444e-01 1.494026280182980493e+01
1.012499999999999956e+00 1.300238219305943588e+01
1.037500000000000089e+00 1.359096132630786435e+01
1.062500000000000000e+00 1.475021651584353855e+01
1.087499999999999911e+00 1.458242488666514447e+01
1.112500000000000044e+00 1.272834280381134775e+01
1.137499999999999956e+00 1.030051222628237895e+01
1.162500000000000089e+00 8.620807705396092757e+00
1.187500000000000000e+00 8.087163508942785128e+00
1.212499999999999911e+00 8.081178156872352858e+00
1.237500000000000044e+00 7.807950878765769431e+00
1.262499999999999956e+00 7.020193006683178361e+00
1.287500000000000089e+00 5.993327462810166040e+00
1.312500000000000000e+00 5.151943564859938540e+00
1.337499999999999911e+00 4.791229400234417568e+00
1.362500000000000044e+00 4.877226848502418832e+00
1.387499999999999956e+00 5.038096805422997093e+00
1.412500000000000089e+00 4.924124127704811116e+00
1.437500000000000000e+00 4.543245437610519133e+00
1.462499999999999911e+00 4.155680399156073790e+00
1.487500000000000044e+00 3.937276184484630903e+00
1.512499999999999956e+00 3.815142667508051311e+00
1.537500000000000089e+00 3.569802115975652335e+00
1.562500000000000000e+00 3.092446140759729012e+00
1.587499999999999911e+00 2.534505384886083235e+00
1.612500000000000044e+00 2.155158512885585687e+00
1.637499999999999956e+00 2.070090902525037801e+00
1.662500000000000089e+00 2.192617089719296697e+00
1.687500000000000000e+00 2.332360933891960642e+00
1.712499999999999911e+00 2.311598274722609592e+00
1.737500000000000044e+00 2.090746146393139604e+00
1.762499999999999956e+00 1.821553517094225860e+00
1.787500000000000089e+00 1.703918361807623016e+00
1.812500000000000000e+00 1.773865692835743468e+00
1.837499999999999911e+00 1.869793451116450900e+00
1.862500000000000044e+00 1.796185291002678097e+00
1.887499999999999956e+00 1.509889429626711577e+00
1.912500000000000089e+00 1.158054648295638867e+00
1.937500000000000000e+00 9.451611049713034562e-01
1.962499999999999911e+00 9.635851190933153454e-01
1.987500000000000044e+00 1.136573298732955317e+00
2.012500000000000178e+00 1.291817129194547720e+00
2.037500000000000089e+00 1.288547233462294939e+00
2.062500000000000000e+00 1.118632508421929739e+00
2.087499999999999911e+00 9.081007362341905198e-01
2.112499999999999822e+00 8.041992873508420070e-01
2.137500000000000178e+00 8.442248229719440111e-01
2.162500000000000089e+00 9.313297502675061956e-01
2.187500000000000000e+00 9.311453697660659889e-01
2.212499999999999911e+00 7.940966620941586340e-01
2.237499999999999822e+00 5.902284764312084597e-01
2.262500000000000178e+00 4.370657041222015815e-01
2.287500000000000089e+00 4.067937419509575214e-01
2.312500000000000000e+00 4.904340569175903441e-01
2.337499999999999911e+00 6.201398191531823922e-01
2.362499999999999822e+00 7.185483732211881414e-01
2.387500000000000178e+00 7.541880426127458570e-01
2.412500000000000089e+00 7.651273158813721720e-01
2.437500000000000000e+00 8.158146672842165881e-01
2.462499999999999911e+00 9.156197444931384322e-01
2.487499999999999822e+00 9.881169090704473579e-01
2.512500000000000178e+00 9.405282882978870385e-01
2.537500000000000089e+00 7.643064139452921957e-01
2.562500000000000000e+00 5.511479699570086543e-01
2.587499999999999911e+00 4.140180902570179677e-01
2.612499999999999822e+00 4.043943351747627535e-01
2.637500000000000178e+00 4.874847068126332283e-01
2.662500000000000089e+00 5.727096493948395928e-01
2.687500000000000000e+00 5.786798435681250741e-01
2.712499999999999911e+00 4.945553522582535333e-01
2.737499999999999822e+00 3.846469238792759038e-01
2.762500000000000178e+00 3.294969555464067890e-01
2.787500000000000089e+00 3.589167006120018155e-01
2.812500000000000000e+00 4.310221257494022962e-01
2.837499999999999911e+00 4.697223160021997135e-01
2.862499999999999822e+00 4.312083014609824350e-01
2.887500000000000178e+00 3.393935354295857798e-01
2.912500000000000089e+00 2.583911602760110005e-01
2.937500000000000000e+00 2.377234734889832612e-01
2.962499999999999911e+00 2.806527536334388895e-01
2.987499999999999822e+00 3.465637153820135263e-01
3.012500000000000178e+00 3.801795541643890886e-01
3.037500000000000089e+00 3.548251212974923297e-01
3.062500000000000000e+00 2.946447810220237384e-01
3.087499999999999911e+00 2.506444232209368850e-01
3.112499999999999822e+00 2.548483077808564867e-01
3.137500000000000178e+00 2.963479072195714936e-01
3.162500000000000089e+00 3.342144898882608572e-01
3.187500000000000000e+00 3.334268030508917846e-01
3.212499999999999911e+00 2.936790742639381335e-01
3.237499999999999822e+00 2.463347147516437574e-01
3.262500000000000178e+00 2.261111950366724854e-01
3.287500000000000089e+00 2.452700010691624410e-01
3.312500000000000000e+00 2.870512237974913172e-01
3.337499999999999911e+00 3.183407902802778411e-01
3.362499999999999822e+00 3.152118106839337797e-01
3.387500000000000178e+00 2.830046904641760896e-01
3.412500000000000089e+00 2.505213974076044292e-01
3.437500000000000000e+00 2.426383920924945481e-01
3.462499999999999911e+00 2.586068060470734231e-01
3.487499999999999822e+00 2.754030691618822857e-01
3.512500000000000178e+00 2.707387058766886900e-01
3.537500000000000089e+00 2.430593584149216002e-01
3.562500000000000000e+00 2.109237508899902136e-01
3.587499999999999911e+00 1.959149597468185511e-01
3.612499999999999822e+00 2.061313119582363074e-01
3.637500000000000178e+00 2.312088142777933841e-01
3.662500000000000089e+00 2.503550282844755892e-01
3.687500000000000000e+00 2.486989712754013038e-01
3.712499999999999911e+00 2.294649386100458544e-01
3.737499999999999822e+00 2.097952365468315206e-01
3.762500000000000178e+00 2.043841432811475123e-01
3.787500000000000089e+00 2.135741735940578090e-01
3.812500000000000000e+00 2.255684568338186535e-01
3.837499999999999911e+00 2.280603399243212037e-01
3.862499999999999822e+00 2.179222937944248761e-01
3.887500000000000178e+00 2.022874262035965764e-01
3.912500000000000089e+00 1.924218385634254014e-01
3.937500000000000000e+00 1.954536428042513152e-01
3.962499999999999911e+00 2.090659891754562683e-01
3.987499999999999822e+00 2.232079890926201016e-01
4.012500000000000178e+00 2.282014169581304264e-01
4.037499999999999645e+00 2.223185454493811219e-01
4.062500000000000000e+00 2.121553634229058627e-01
4.087500000000000355e+00 2.059722169289650850e-01
4.112499999999999822e+00 2.065181956939607377e-01
4.137500000000000178e+00 2.099348044651425660e-01
4.162499999999999645e+00 2.110444487761033994e-01
4.187500000000000000e+00 2.081352773822669477e-01
4.212500000000000355e+00 2.030399364765627102e-01
4.237499999999999822e+00 1.991268588345568025e-01
4.262500000000000178e+00 1.991745252044790082e-01
4.287499999999999645e+00 2.029187850039380625e-01
4.312500000000000000e+00 2.068633128318246861e-01
4.337500000000000355e+00 2.081331966066176653e-01
4.362499999999999822e+00 2.075955430111335320e-01
4.387500000000000178e+00 2.082391969474473026e-01
4.412499999999999645e+00 2.116466020221817179e-01
4.437500000000000000e+00 2.165799006773154733e-01
4.462500000000000355e+00 2.203564384517823216e-01
4.487499999999999822e+00 2.217636132361639756e-01
4.512500000000000178e+00 2.223724591545205576e-01
4.537499999999999645e+00 2.243080300053844067e-01
4.562500000000000000e+00 2.277205471548557347e-01
4.587500000000000355e+00 2.311241245078534678e-01
4.612499999999999822e+00 2.327561015895773244e-01
4.637500000000000178e+00 2.312093180785254609e-01
4.662499999999999645e+00 2.265719113741714585e-01
4.687500000000000000e+00 2.213703009070593919e-01
4.712500000000000355e+00 2.187651530698857538e-01
4.737499999999999822e+00 2.193994320210549687e-01
4.762500000000000178e+00 2.208127727617802127e-01
4.787499999999999645e+00 2.200812213045943988e-01
4.812500000000000000e+00 2.167848787670817734e-01
4.837500000000000355e+00 2.132674615168155818e-01
4.862499999999999822e+00 2.121381232997438526e-01
4.887500000000000178e+00 2.139922582076522750e-01
4.912499999999999645e+00 2.175071909708317652e-01
4.937500000000000000e+00 2.206816732003377690e-01
4.962500000000000355e+00 2.219128014020615436e-01
4.987499999999999822e+00 2.212617244170531072e-01
5.012500000000000178e+00 2.209238415863853666e-01
5.037499999999999645e+00 2.232911169196762358e-01
5.062500000000000000e+00 2.282480121956888264e-01
5.087500000000000355e+00 2.330495063512819376e-01
5.112499999999999822e+00 2.349280526316385453e-01
5.137500000000000178e+00 2.336890452935043716e-01
5.162499999999999645e+00 2.318170696540816367e-01
5.187500000000000000e+00 2.321579054412797882e-01
5.212500000000000355e+00 2.354773743396789687e-01
5.237499999999999822e+00 2.400083759022961227e-01
5.262500000000000178e+00 2.429269159820799384e-01
5.287499999999999645e+00 2.424125228635938267e-01
5.312500000000000000e+00 2.391664189615650415e-01
5.337500000000000355e+00 2.363189886821988051e-01
5.362499999999999822e+00 2.372539440580368197e-01
5.387500000000000178e+00 2.427476976197250336e-01
5.412499999999999645e+00 2.500645990947056307e-01
5.437500000000000000e+00 2.552446773397791802e-01
5.462500000000000355e+00 2.566337512242302665e-01
5.487499999999999822e+00 2.560800341104327860e-01
5.512500000000000178e+00 2.567982554871951484e-01
5.537499999999999645e+00 2.604732162344868818e-01
5.562500000000000000e+00 2.660733918042413326e-01
5.587500000000000355e+00 2.707275956909774295e-01
5.612499999999999822e+00 2.719466967405017033e-01
5.637500000000000178e+00 2.697066863482262544e-01
5.662499999999999645e+00 2.665594228394053689e-01
5.687500000000000000e+00 2.656078712977142930e-01
5.712500000000000355e+00 2.680616157785115083e-01
5.737499999999999822e+00 2.721837457719515907e-01
5.762500000000000178e+00 2.746258075929859377e-01
5.787499999999999645e+00 2.734792753345026695e-01
5.812500000000000000e+00 2.700595068280919331e-01
5.837500000000000355e+00 2.675131560598668079e-01
5.862499999999999822e+00 2.680896810294771115e-01
5.887500000000000178e+00 2.717445786648720052e-01
5.912499999999999645e+00 2.764147586122733813e-01
5.937500000000000000e+00 2.794457645257606981e-01
5.962500000000000355e+00 2.797123458183330413e-01
5.987499999999999822e+00 2.787345635758887163e-01
6.012500000000000178e+00 2.793454146205293087e-01
6.037499999999999645e+00 2.831505031844304687e-01
6.062500000000000000e+00 2.892282957920643272e-01
6.087500000000000355e+00 2.949251348821877450e-01
6.112499999999999822e+00 2.979518160470018828e-01
6.137500000000000178e+00 2.981173715383069189e-01
6.162499999999999645e+00 2.972582668212092050e-01
6.187500000000000000e+00 2.975442802577216161e-01
6.212500000000000355e+00 2.997609025881357026e-01
6.237499999999999822e+00 3.028595521049264883e-01
6.262500000000000178e+00 3.049311186838861154e-01
6.287499999999999645e+00 3.049310805168824468e-01
6.312500000000000000e+00 3.037378167958738051e-01
6.337500000000000355e+00 3.034675333130785746e-01
6.362499999999999822e+00 3.057225381910765871e-01
6.387500000000000178e+00 3.104728061986116172e-01
6.412499999999999645e+00 3.164333409925650376e-01
6.437500000000000000e+00 3.223285887849841047e-01
6.462500000000000355e+00 3.277067095260593477e-01
6.487499999999999822e+00 3.326644758063380114e-01
6.512500000000000178e+00 3.372119963669003018e-01
6.537499999999999645e+00 3.410590776863239304e-01
6.562500000000000000e+00 3.436734721177281404e-01
6.587500000000000355e+00 3.444621668615210353e-01
6.612499999999999822e+00 3.433066511793968489e-01
6.637500000000000178e+00 3.410452530591993048e-01
6.662499999999999645e+00 3.392161529458749269e-01
6.687500000000000000e+00 3.392436114492072829e-01
6.712500000000000355e+00 3.417594822406411770e-01
6.737499999999999822e+00 3.465396773488944038e-01
6.762500000000000178e+00 3.531580395253531846e-01
6.787499999999999645e+00 3.617272035572842714e-01
6.812500000000000000e+00 3.729302739514612219e-01
6.837500000000000355e+00 3.872252177512648386e-01
6.862499999999999822e+00 4.036218466928196413e-01
6.887500000000000178e+00 4.188398847350920384e-01
6.912499999999999645e+00 4.283752065766679440e-01
6.937500000000000000e+00 4.295449145832613835e-01
6.962500000000000355e+00 4.234391607024893811e-01
6.987499999999999822e+00 4.135127219134749899e-01
7.012500000000000178e+00 4.029260331252808580e-01
7.037499999999999645e+00 3.935069671320495233e-01
7.062500000000000000e+00 3.861452034802456135e-01
7.087500000000000355e+00 3.812890220604787661e-01
7.112499999999999822e+00 3.791256816091621018e-01
7.137500000000000178e+00 3.795000210671505281e-01
7.162499999999999645e+00 3.818255417791732720e-01
7.187500000000000000e+00 3.852025890779882111e-01
7.212500000000000355e+00 3.886550981666540006e-01
7.237499999999999822e+00 3.914370820693646724e-01
7.262500000000000178e+00 3.934435317926798792e-01
7.287499999999999645e+00 3.952029317352068194e-01
7.312500000000000000e+00 3.971634465903221001e-01
7.337500000000000355e+00 3.991534602123165687e-01
7.362499999999999822e+00 4.008105079537404580e-01
7.387500000000000178e+00 4.026537922988152052e-01
7.412499999999999645e+00 4.068334053329462630e-01
7.437500000000000000e+00 4.166854371278866931e-01
7.462500000000000355e+00 4.353001036665123946e-01
7.487499999999999822e+00 4.638583910577163127e-01
7.512500000000000178e+00 5.004627645848818140e-01
7.537499999999999645e+00 5.401704737637509357e-01
7.562500000000000000e+00 5.764407802765356692e-01
7.587500000000000355e+00 6.024923031896933789e-01
7.612499999999999822e+00 6.121533957248495028e-01
7.637500000000000178e+00 6.024141381509965365e-01
7.662499999999999645e+00 5.762582134486607943e-01
7.687500000000000000e+00 5.410666820039021774e-01
7.712500000000000355e+00 5.043322603281110705e-01
7.737499999999999822e+00 4.719998834293683831e-01
7.762500000000000178e+00 4.483918748706307023e-01
7.787499999999999645e+00 4.348849158284454064e-01
7.812500000000000000e+00 4.293360559707622981e-01
7.837500000000000355e+00 4.281760820882502538e-01
7.862499999999999822e+00 4.288437659676402891e-01
7.887500000000000178e+00 4.301812614654915157e-01
7.912499999999999645e+00 4.316551767956932073e-01
7.937500000000000000e+00 4.328333098268033474e-01
7.962500000000000355e+00 4.334351438494352671e-01
7.987499999999999822e+00 4.335772858469664204e-01
8.012499999999999289e+00 4.338024401409191211e-01
8.037499999999999645e+00 4.347109258350334571e-01
8.062500000000000000e+00 4.364967973265051482e-01
8.087500000000000355e+00 4.388845766654533298e-01
8.112500000000000711e+00 4.414998630496087539e-01
8.137499999999999289e+00 4.442563867634815589e-01
8.162499999999999645e+00 4.473836265207890017e-01
8.187500000000000000e+00 4.509860819903545592e-01
8.212500000000000355e+00 4.545035879253943034e-01
8.237500000000000711e+00 4.568369948971270356e-01
8.262499999999999289e+00 4.572798094380498002e-01
8.287499999999999645e+00 4.562854963530383889e-01
8.312500000000000000e+00 4.551094207590513641e-01
8.337500000000000355e+00 4.547029407109918209e-01
8.362500000000000711e+00 4.550667610556745624e-01
8.387499999999999289e+00 4.556524343872687122e-01
8.412499999999999645e+00 4.562341263541640490e-01
8.437500000000000000e+00 4.572580670769135214e-01
8.462500000000000355e+00 4.593385212610965884e-01
8.487500000000000711e+00 4.625271881407491126e-01
8.512499999999999289e+00 4.660972629282649216e-01
8.537499999999999645e+00 4.689774439843774623e-01
8.562500000000000000e+00 4.704608631482654069e-01
8.587500000000000355e+00 4.706466873935278294e-01
8.612500000000000711e+00 4.703075023444693858e-01
8.637499999999999289e+00 4.703149871317374719e-01
8.662499999999999645e+00 4.710644647927723638e-01
8.687500000000000000e+00 4.723143751543370517e-01
8.712500000000000355e+00 4.735043854966849430e-01
8.737500000000000711e+00 4.742422395010896241e-01
8.762499999999999289e+00 4.746726207911967643e-01
8.787499999999999645e+00 4.754901607201458824e-01
8.812500000000000000e+00 4.774013605306441921e-01
8.837500000000000355e+00 4.804144122446091236e-01
8.862500000000000711e+00 4.837928202522011611e-01
8.887499999999999289e+00 4.868212942898085260e-01
8.912499999999999645e+00 4.894290171472707729e-01
8.937500000000000000e+00 4.919697557528800447e-01
8.962500000000000355e+00 4.945828376681883909e-01
8.987500000000000711e+00 4.969614884795657828e-01
9.012499999999999289e+00 4.987070906785343594e-01
9.037499999999999645e+00 4.998549116821171534e-01
9.062500000000000000e+00 5.010888337854471075e-01
9.087500000000000355e+00 5.033952139463760966e-01
9.112500000000000711e+00 5.073036239485031462e-01
9.137499999999999289e+00 5.123269755865677011e-01
9.162499999999999645e+00 5.171407141941519736e-01
9.187500000000000000e+00 5.203996777933029838e-01
9.212500000000000355e+00 5.216734670283680320e-01
9.237500000000000711e+00 5.219266764544114867e-01
9.262499999999999289e+00 5.231750583152228185e-01
9.287499999999999645e+00 5.274938811275765582e-01
9.312500000000000000e+00 5.359677147236673322e-01
9.337500000000000355e+00 5.481894555137186709e-01
9.362500000000000711e+00 5.625588321084078469e-01
9.387499999999999289e+00 5.767802911694539514e-01
9.412499999999999645e+00 5.879086191166733588e-01
9.437500000000000000e+00 5.929328621635896468e-01
9.462500000000000355e+00 5.907109555660537970e-01
9.487500000000000711e+00 5.830336220840691697e-01
9.512499999999999289e+00 5.728790989891661134e-01
9.537499999999999645e+00 5.622411946925396364e-01
9.562500000000000000e+00 5.521759430785082579e-01
9.587500000000000355e+00 5.438115834066253873e-01
9.612500000000000711e+00 5.383646215827467829e-01
9.637499999999999289e+00 5.365144481027469547e-01
9.662499999999999645e+00 5.380382807778668619e-01
9.687500000000000000e+00 5.417636082481097626e-01
9.712500000000000355e+00 5.458690028905829328e-01
9.737500000000000711e+00 5.486320445458350292e-01
9.762499999999999289e+00 5.492467166451263649e-01
9.787499999999999645e+00 5.481396174120937159e-01
9.812500000000000000e+00 5.466170629332840480e-01
9.837500000000000355e+00 5.461033928512374347e-01
9.862500000000000711e+00 5.473798540529476453e-01
9.887499999999999289e+00 5.501907527559111166e-01
9.912499999999999645e+00 5.535369962968201829e-01
9.937500000000000000e+00 5.566029680499484655e-01
9.962500000000000355e+00 5.595067275418015296e-01
9.987500000000000711e+00 5.630176867566244470e-01
1.001249999999999929e+01 5.675015861478371892e-01
1.003749999999999964e+01 5.722687623222588726e-01
1.006250000000000000e+01 5.762108048251902703e-01
1.008750000000000036e+01 5.793937227472676366e-01
1.011250000000000071e+01 5.841662046403780506e-01
1.013749999999999929e+01 5.943223999581085382e-01
1.016249999999999964e+01 6.124303725648245766e-01
1.018750000000000000e+01 6.376340724145901362e-01
1.021250000000000036e+01 6.660258892613567516e-01
1.023750000000000071e+01 6.923994913126384487e-01
1.026249999999999929e+01 7.109269275431644441e-01
1.028749999999999964e+01 7.160129044000077547e-01
1.031250000000000000e+01 7.055822998380085753e-01
1.033750000000000036e+01 6.835804876019759835e-01
1.036250000000000071e+01 6.574975448875486350e-01
1.038749999999999929e+01 6.336586690563844604e-01
1.041249999999999964e+01 6.152817919251432066e-01
1.043750000000000000e+01 6.031879707874729935e-01
1.046250000000000036e+01 5.966506969095625168e-01
1.048750000000000071e+01 5.939208235862276641e-01
1.051249999999999929e+01 5.930301651548038899e-01
1.053749999999999964e+01 5.926431808402894408e-01
1.056250000000000000e+01 5.924026909539190644e-01
1.058750000000000036e+01 5.926782774940495546e-01
1.061250000000000071e+01 5.939257650645866082e-01
1.063749999999999929e+01 5.961900645674471644e-01
1.066249999999999964e+01 5.991222389219947875e-01
1.068750000000000000e+01 6.022258981620443041e-01
1.071250000000000036e+01 6.049302574336080651e-01
1.073750000000000071e+01 6.067024072241634647e-01
1.076249999999999929e+01 6.074694809042670007e-01
1.078749999999999964e+01 6.079001418184714067e-01
1.081250000000000000e+01 6.090892606335756021e-01
1.083750000000000036e+01 6.119657833612406339e-01
1.086250000000000071e+01 6.168117063437694725e-01
1.088749999999999929e+01 6.228579861077678803e-01
1.091249999999999964e+01 6.283984862264179183e-01
1.093750000000000000e+01 6.319598480343657787e-01
1.096250000000000036e+01 6.335845460170838050e-01
1.098750000000000071e+01 6.349097144264699288e-01
1.101249999999999929e+01 6.380124774041473490e-01
1.103749999999999964e+01 6.437018924878358250e-01
1.106250000000000000e+01 6.502892640461769291e-01
1.108750000000000036e+01 6.546021683907075062e-01
1.111250000000000071e+01 6.563641765663735805e-01
1.113749999999999929e+01 6.627083790630066140e-01
1.116249999999999964e+01 6.886945576997185459e-01
1.118750000000000000e+01 7.526240806248740700e-01
1.121250000000000036e+01 8.653756873694338214e-01
1.123750000000000071e+01 1.022349073601752423e+00
1.126249999999999929e+01 1.207183405343554394e+00
1.128749999999999964e+01 1.395181761365583251e+00
1.131250000000000000e+01 1.540839914568496116e+00
1.133750000000000036e+01 1.584425739451380322e+00
1.136250000000000071e+01 1.507282409033120718e+00
1.138749999999999929e+01 1.365227095172417693e+00
1.141249999999999964e+01 1.230540979149251868e+00
1.143750000000000000e+01 1.119333523072681302e+00
1.146250000000000036e+01 1.006970907463828446e+00
1.148750000000000071e+01 8.889338354157477751e-01
1.151249999999999929e+01 7.917513305486262309e-01
1.153749999999999964e+01 7.378258671216904041e-01
1.156250000000000000e+01 7.246875797265411867e-01
1.158750000000000036e+01 7.337192856972185595e-01
1.161250000000000071e+01 7.458187769513215937e-01
1.163749999999999929e+01 7.510806471342725832e-01
1.166249999999999964e+01 7.497140739800223219e-01
1.168750000000000000e+01 7.465899983107552318e-01
1.171250000000000036e+01 7.447030943607055864e-01
1.173750000000000071e+01 7.432137351298857553e-01
1.176249999999999929e+01 7.392944386103870169e-01
1.178749999999999964e+01 7.311706266740534144e-01
1.181250000000000000e+01 7.200769599365400842e-01
1.183750000000000036e+01 7.098389677581966595e-01
1.186250000000000071e+01 7.043825961604854857e-01
1.188749999999999929e+01 7.050856144365690303e-01
1.191249999999999964e+01 7.098031458090832135e-01
1.193750000000000000e+01 7.141834916727410887e-01
1.196250000000000036e+01 7.147072654888957377e-01
1.198750000000000071e+01 7.110307242864594146e-01
1.201249999999999929e+01 7.057338933923026358e-01
1.203749999999999964e+01 7.024573762433707902e-01
1.206250000000000000e+01 7.042070005536903432e-01
1.208750000000000036e+01 7.121290030258677906e-01
1.211250000000000071e+01 7.247164797371035139e-01
1.213749999999999929e+01 7.384232009699402965e-01
1.216249999999999964e+01 7.503438371857656941e-01
1.218750000000000000e+01 7.612781251786839842e-01
1.221250000000000036e+01 7.762038763936961461e-01
1.223750000000000071e+01 8.008910967106251944e-01
1.226249999999999929e+01 8.366697714669935060e-01
1.228749999999999964e+01 8.779256818119464123e-01
1.231250000000000000e+01 9.178596547679975792e-01
1.233750000000000036e+01 9.621522304475531584e-01
1.236250000000000071e+01 1.039060463340966800e+00
1.238749999999999929e+01 1.191490382383283197e+00
1.241249999999999964e+01 1.451003318385367225e+00
1.243750000000000000e+01 1.815962139516700047e+00
1.246250000000000036e+01 2.251141782026236715e+00
1.248750000000000071e+01 2.690032615806051020e+00
1.251249999999999929e+01 3.028839491819117491e+00
1.253749999999999964e+01 3.155953506939906283e+00
1.256250000000000000e+01 3.030375704830236216e+00
1.258750000000000036e+01 2.715097610789971583e+00
1.261250000000000071e+01 2.310963577608777797e+00
1.263749999999999929e+01 1.889098290065596819e+00
1.266249999999999964e+01 1.499231137577250683e+00
1.268750000000000000e+01 1.191181837618149109e+00
1.271250000000000036e+01 9.950382197232636727e-01
1.273750000000000071e+01 8.998666369816430421e-01
1.276249999999999929e+01 8.666431775239010760e-01
1.278749999999999964e+01 8.560739727899535634e-01
1.281250000000000000e+01 8.459943442830892835e-01
1.283750000000000036e+01 8.337000158210867706e-01
1.286250000000000071e+01 8.279361048256569378e-01
1.288749999999999929e+01 8.389329445400131036e-01
1.291249999999999964e+01 8.737555064265272176e-01
1.293750000000000000e+01 9.361403387311173496e-01
1.296250000000000036e+01 1.026560275433784586e+00
1.298750000000000071e+01 1.140535675526457293e+00
1.301249999999999929e+01 1.267075772094170327e+00
1.303749999999999964e+01 1.389016929053077165e+00
1.306250000000000000e+01 1.483981529850510572e+00
1.308750000000000036e+01 1.527873579335928600e+00
1.311250000000000071e+01 1.507033804329269699e+00
1.313749999999999929e+01 1.429448979764467387e+00
1.316249999999999964e+01 1.319119755630742574e+00
1.318750000000000000e+01 1.205248706922440460e+00
1.321250000000000036e+01 1.124166371691587951e+00
1.323750000000000071e+01 1.121682799406054309e+00
1.326249999999999929e+01 1.239506176253282410e+00
1.328749999999999964e+01 1.494431104865308280e+00
1.331250000000000000e+01 1.871621030625376658e+00
1.333750000000000036e+01 2.335326602589587353e+00
1.336250000000000071e+01 2.830789446225021599e+00
1.338749999999999929e+01 3.268185742314302367e+00
1.341249999999999964e+01 3.534946085685580108e+00
1.343750000000000000e+01 3.560578144482561491e+00
1.346250000000000036e+01 3.359693939281095609e+00
1.348750000000000071e+01 2.998217539210350502e+00
1.351249999999999929e+01 2.548365143511644781e+00
1.353749999999999964e+01 2.088709207835079074e+00
1.356250000000000000e+01 1.706477135607201712e+00
1.358750000000000036e+01 1.466844317371203577e+00
1.361250000000000071e+01 1.381699857773960760e+00
1.363749999999999929e+01 1.415375012980343072e+00
1.366249999999999964e+01 1.525654557483761886e+00
1.368750000000000000e+01 1.700361172164710499e+00
1.371250000000000036e+01 1.939027016748620103e+00
1.373750000000000071e+01 2.192449129430589672e+00
1.376249999999999929e+01 2.353791031812202839e+00
1.378749999999999964e+01 2.340555239949570598e+00
1.381250000000000000e+01 2.167800109347585380e+00
1.383750000000000036e+01 1.917400605012035797e+00
1.386250000000000071e+01 1.657924002527553675e+00
1.388749999999999929e+01 1.419372254493260765e+00
1.391249999999999964e+01 1.218571469579141420e+00
1.393750000000000000e+01 1.070678183401657435e+00
1.396250000000000036e+01 9.787212884256217826e-01
1.398750000000000071e+01 9.311892870675646527e-01
1.401249999999999929e+01 9.120362187415134159e-01
1.403749999999999964e+01 9.092061609570097902e-01
1.406250000000000000e+01 9.165645049172581604e-01
1.408750000000000036e+01 9.338282629424143888e-01
1.411250000000000071e+01 9.674890662624983095e-01
1.413749999999999929e+01 1.030885660395819414e+00
1.416249999999999964e+01 1.139594412590235528e+00
1.418750000000000000e+01 1.302885371488583743e+00
1.421250000000000036e+01 1.518027852120095389e+00
1.423750000000000071e+01 1.767099709192777812e+00
1.426249999999999929e+01 2.011966483018096774e+00
1.428749999999999964e+01 2.193152424360865993e+00
1.431250000000000000e+01 2.248197876717645816e+00
1.433750000000000036e+01 2.148257954289065186e+00
1.436250000000000071e+01 1.922447821006748381e+00
1.438749999999999929e+01 1.643306665913103704e+00
1.441249999999999964e+01 1.385276512652308778e+00
1.443750000000000000e+01 1.191738384636991999e+00
1.446250000000000036e+01 1.070002241324783165e+00
1.448750000000000071e+01 1.005093463524901143e+00
1.451249999999999929e+01 9.751275887254924335e-01
1.453749999999999964e+01 9.615901735000176309e-01
1.456250000000000000e+01 9.540369884296545644e-01
1.458750000000000036e+01 9.483767976933826782e-01
1.461250000000000071e+01 9.421692569289027430e-01
1.463749999999999929e+01 9.326392077638407940e-01
1.466249999999999964e+01 9.187960701475070824e-01
1.468750000000000000e+01 9.029295347897547952e-01
1.471250000000000036e+01 8.891314408905995892e-01
1.473750000000000071e+01 8.810115845726473882e-01
1.476249999999999929e+01 8.807767686863464673e-01
1.478749999999999964e+01 8.891092088375369684e-01
1.481250000000000000e+01 9.050468726456213364e-01
1.483750000000000036e+01 9.268297251076651477e-01
1.486250000000000071e+01 9.552819201448349284e-01
1.488749999999999929e+01 9.981978102199595693e-01
1.491249999999999964e+01 1.072064148739097389e+00
1.493750000000000000e+01 1.197034707726378100e+00
1.496250000000000036e+01 1.385443171292702891e+00
1.498750000000000071e+01 1.627802783892624561e+00
1.501249999999999929e+01 1.885206084180005348e+00
1.503749999999999964e+01 2.099512254584869453e+00
1.506250000000000000e+01 2.221589526200857367e+00
1.508750000000000036e+01 2.237310728404406923e+00
1.511250000000000071e+01 2.169439499374659075e+00
1.513749999999999929e+01 2.057890490068579936e+00
1.516249999999999964e+01 1.936841002976039672e+00
1.518750000000000000e+01 1.820938090261889020e+00
1.521250000000000036e+01 1.707864898667314391e+00
1.523750000000000071e+01 1.596221941787513643e+00
1.526249999999999929e+01 1.498651966928880697e+00
1.528749999999999964e+01 1.434004004378015118e+00
1.531250000000000000e+01 1.412356599775582700e+00
1.533750000000000036e+01 1.430575886207452907e+00
1.536250000000000071e+01 1.477164718114744257e+00
1.538749999999999929e+01 1.536638365153451202e+00
1.541249999999999964e+01 1.593032499677327962e+00
1.543750000000000000e+01 1.634669948079106039e+00
1.546250000000000036e+01 1.658088534612117471e+00
1.548750000000000071e+01 1.666453938547553637e+00
1.551249999999999929e+01 1.661522752351600740e+00
1.553749999999999964e+01 1.635611888761212995e+00
1.556250000000000000e+01 1.575027212082328321e+00
1.558750000000000036e+01 1.475593348208042777e+00
1.561250000000000071e+01 1.351825493321931138e+00
1.563749999999999929e+01 1.226943633414062429e+00
1.566249999999999964e+01 1.117244748116537068e+00
1.568750000000000000e+01 1.028097084815173812e+00
1.571250000000000036e+01 9.591046392262041476e-01
1.573750000000000071e+01 9.076852828220807190e-01
1.576249999999999929e+01 8.697725978986181605e-01
1.578749999999999964e+01 8.406387625064767333e-01
1.581250000000000000e+01 8.167290412354827334e-01
1.583750000000000036e+01 7.966996786072707559e-01
1.586250000000000071e+01 7.808343864157289982e-01
1.588749999999999929e+01 7.694016412862230148e-01
1.591249999999999964e+01 7.618539563694814998e-01
1.593750000000000000e+01 7.573081704873749764e-01
1.596250000000000036e+01 7.551760531606039883e-01
1.598750000000000071e+01 7.550407334861050090e-01
1.601249999999999929e+01 7.561673563848169133e-01
1.603750000000000142e+01 7.574517887125788995e-01
1.606250000000000000e+01 7.579683207041572057e-01
1.608749999999999858e+01 7.575322552458888525e-01
1.611250000000000071e+01 7.567675294278672915e-01
1.613749999999999929e+01 7.567161684521346299e-01
1.616250000000000142e+01 7.582760392381151515e-01
1.618750000000000000e+01 7.617111066472155301e-01
1.621249999999999858e+01 7.664905500288876627e-01
1.623750000000000071e+01 7.715615807158860973e-01
1.626249999999999929e+01 7.758425669039927808e-01
1.628750000000000142e+01 7.786094008395159083e-01
1.631250000000000000e+01 7.796048761719034381e-01
1.633749999999999858e+01 7.790608987503460092e-01
1.636250000000000071e+01 7.779533383113306222e-01
1.638749999999999929e+01 7.780904636936368801e-01
1.641250000000000142e+01 7.814493272000343493e-01
1.643750000000000000e+01 7.891402888467073939e-01
1.646249999999999858e+01 8.006808272050043307e-01
1.648750000000000071e+01 8.138254796366066746e-01
1.651249999999999929e+01 8.252657851410836187e-01
1.653750000000000142e+01 8.322620925841994755e-01
1.656250000000000000e+01 8.337583780342860962e-01
1.658749999999999858e+01 8.298245105149943956e-01
1.661250000000000071e+01 8.209818386465437268e-01
1.663749999999999929e+01 8.086440021420253643e-01
1.666250000000000142e+01 7.951465350857869208e-01
1.668750000000000000e+01 7.826526294534081885e-01
1.671249999999999858e+01 7.724171943303768106e-01
1.673750000000000071e+01 7.649421099197449836e-01
1.676249999999999929e+01 7.602056592499968346e-01
1.678750000000000142e+01 7.577044740026924741e-01
1.681250000000000000e+01 7.566951235156420541e-01
1.683749999999999858e+01 7.566713452991516986e-01
1.686250000000000071e+01 7.576207009379141155e-01
1.688749999999999929e+01 7.596567162211970148e-01
1.691250000000000142e+01 7.624976837985331102e-01
1.693750000000000000e+01 7.657825415368626487e-01
1.696249999999999858e+01 7.699532884207048733e-01
1.698750000000000071e+01 7.762739496173424181e-01
1.701249999999999929e+01 7.857243686438912800e-01
1.703750000000000142e+01 7.982148346594096777e-01
1.706250000000000000e+01 8.129570705299594691e-01
1.708749999999999858e+01 8.288184297329763695e-01
1.711250000000000071e+01 8.435342149229330122e-01
1.713749999999999929e+01 8.532211087578852604e-01
1.716250000000000142e+01 8.541692551998302241e-01
1.718750000000000000e+01 8.455675883844562257e-01
1.721249999999999858e+01 8.300750550025145502e-01
1.723750000000000071e+01 8.120079415068423012e-01
1.726249999999999929e+01 7.953657090090191506e-01
1.728750000000000142e+01 7.828853660985337637e-01
1.731250000000000000e+01 7.756690271614740118e-01
1.733749999999999858e+01 7.730492355274241056e-01
1.736250000000000071e+01 7.729490825389473407e-01
1.738749999999999929e+01 7.728543090759607548e-01
1.741250000000000142e+01 7.710409708358796355e-01
1.743750000000000000e+01 7.673655874038751712e-01
1.746249999999999858e+01 7.631013640527548603e-01
1.748750000000000071e+01 7.599786035341429269e-01
1.751249999999999929e+01 7.591326574643360026e-01
1.753750000000000142e+01 7.605545798306057037e-01
1.756250000000000000e+01 7.632257581766237475e-01
1.758749999999999858e+01 7.657923392991032863e-01
1.761250000000000071e+01 7.673564836076853801e-01
1.763749999999999929e+01 7.678158126592068422e-01
1.766250000000000142e+01 7.675673614961400215e-01
1.768750000000000000e+01 7.669988439431445482e-01
1.771249999999999858e+01 7.662266581307075608e-01
1.773750000000000071e+01 7.652919540559478540e-01
1.776249999999999929e+01 7.646729222060821840e-01
1.778750000000000142e+01 7.654190366154827174e-01
1.781250000000000000e+01 7.684716736077126242e-01
1.783749999999999858e+01 7.739125552453831602e-01
1.786250000000000071e+01 7.811586311734814991e-01
1.788749999999999929e+01 7.900129176321013524e-01
1.791250000000000142e+01 8.011572159284057193e-01
1.793750000000000000e+01 8.151576348144184969e-01
1.796249999999999858e+01 8.312375437451415827e-01
1.798750000000000071e+01 8.490148985752988819e-01
1.801249999999999929e+01 8.727592985835317396e-01
1.803750000000000142e+01 9.129907746238994370e-01
1.806250000000000000e+01 9.832691852696192614e-01
1.808749999999999858e+01 1.094312022318070898e+00
1.811250000000000071e+01 1.248527872207596978e+00
1.813749999999999929e+01 1.436197860950487293e+00
1.816250000000000142e+01 1.632684747206513132e+00
1.818750000000000000e+01 1.793799283241911624e+00
1.821249999999999858e+01 1.860119789220864739e+00
1.823750000000000071e+01 1.789121397296292937e+00
1.826249999999999929e+01 1.596135702496412900e+00
1.828750000000000142e+01 1.352470891720650936e+00
1.831250000000000000e+01 1.135139642344285216e+00
1.833749999999999858e+01 9.830032834953170706e-01
1.836250000000000071e+01 8.952728701375509690e-01
1.838749999999999929e+01 8.533134293286250838e-01
1.841250000000000142e+01 8.371611553412170448e-01
1.843750000000000000e+01 8.323208475905261583e-01
1.846249999999999858e+01 8.312154174295347531e-01
1.848750000000000071e+01 8.301383456202811040e-01
1.851249999999999929e+01 8.260460695647272589e-01
1.853750000000000142e+01 8.170861250141201459e-01
1.856250000000000000e+01 8.044220891136635299e-01
1.858749999999999858e+01 7.910788379525056646e-01
1.861250000000000071e+01 7.796699390433901034e-01
1.863749999999999929e+01 7.716578932872899532e-01
1.866250000000000142e+01 7.675063226155457441e-01
1.868750000000000000e+01 7.666760257782205823e-01
1.871249999999999858e+01 7.679400998852738969e-01
1.873750000000000071e+01 7.698831741645764115e-01
1.876249999999999929e+01 7.710866086677422571e-01
1.878750000000000142e+01 7.703563504118169369e-01
1.881250000000000000e+01 7.673269203894028667e-01
1.883749999999999858e+01 7.627209825245636621e-01
1.886250000000000071e+01 7.578618757036295062e-01
1.888749999999999929e+01 7.540692013425500662e-01
1.891250000000000142e+01 7.524267426277148063e-01
1.893750000000000000e+01 7.536654249235258396e-01
1.896249999999999858e+01 7.577854045972177710e-01
1.898750000000000071e+01 7.636790673420128517e-01
1.901249999999999929e+01 7.693674250651900692e-01
1.903750000000000142e+01 7.731018260997807312e-01
1.906250000000000000e+01 7.744982816825731753e-01
1.908749999999999858e+01 7.744942815074635778e-01
1.911250000000000071e+01 7.742890065486562889e-01
1.913749999999999929e+01 7.747130483876696339e-01
1.916250000000000142e+01 7.766663135185783995e-01
1.918750000000000000e+01 7.814924907160922807e-01
1.921249999999999858e+01 7.905937532669156109e-01
1.923750000000000071e+01 8.053802859318814900e-01
1.926249999999999929e+01 8.287477910968733541e-01
1.928750000000000142e+01 8.668810676635525514e-01
1.931250000000000000e+01 9.279608334986579887e-01
1.933749999999999858e+01 1.016920827580411357e+00
1.936250000000000071e+01 1.130661686234770702e+00
1.938749999999999929e+01 1.257781946989879218e+00
1.941250000000000142e+01 1.379412447436022982e+00
1.943750000000000000e+01 1.467700647035178552e+00
1.946249999999999858e+01 1.491031697060865469e+00
1.948750000000000071e+01 1.433583230918130891e+00
1.951249999999999929e+01 1.312336431520596092e+00
1.953750000000000142e+01 1.168046630486844872e+00
1.956250000000000000e+01 1.037610933980136041e+00
1.958749999999999858e+01 9.373261119819410458e-01
1.961250000000000071e+01 8.673090695632569291e-01
1.963749999999999929e+01 8.218703579894849343e-01
1.966250000000000142e+01 7.940272950278217667e-01
1.968750000000000000e+01 7.767941515390608398e-01
1.971249999999999858e+01 7.650366907977510511e-01
1.973750000000000071e+01 7.563464223044886747e-01
1.976249999999999929e+01 7.497213531750483995e-01
1.978750000000000142e+01 7.441387365179170654e-01
1.981250000000000000e+01 7.386049555296314573e-01
1.983749999999999858e+01 7.328075483615055230e-01
1.986250000000000071e+01 7.271738524101396539e-01
1.988749999999999929e+01 7.222752566821363240e-01
1.991250000000000142e+01 7.183777015561185753e-01
1.993750000000000000e+01 7.155615415640008692e-01
1.996249999999999858e+01 7.140771771745199059e-01
1.998750000000000071e+01 7.143564866500149435e-01
2.001249999999999929e+01 7.166023410136861393e-01
2.003750000000000142e+01 7.204786471609632148e-01
2.006250000000000000e+01 7.252013474872699428e-01
2.008749999999999858e+01 7.297872375218656948e-01
2.011250000000000071e+01 7.331612680522664460e-01
2.013749999999999929e+01 7.342706634855887815e-01
2.016250000000000142e+01 7.324712064839024039e-01
2.018750000000000000e+01 7.279823762953312460e-01
2.021249999999999858e+01 7.219288748256912358e-01
2.023750000000000071e+01 7.158753299208062693e-01
2.026249999999999929e+01 7.111758592249596278e-01
2.028750000000000142e+01 7.084933465767899730e-01
2.031250000000000000e+01 7.077218085288943250e-01
2.033749999999999858e+01 7.082996475877769704e-01
2.036250000000000071e+01 7.096118602136016751e-01
2.038749999999999929e+01 7.112013316321517120e-01
2.041250000000000142e+01 7.128169837968092448e-01
2.043750000000000000e+01 7.144588387192090106e-01
2.046249999999999858e+01 7.162786821217977939e-01
2.048750000000000071e+01 7.182429404932766381e-01
2.051249999999999929e+01 7.199526669683841140e-01
2.053750000000000142e+01 7.209996483088247921e-01
2.056250000000000000e+01 7.214806647903598824e-01
2.058749999999999858e+01 7.220230769893923872e-01
2.061250000000000071e+01 7.232349580914596565e-01
2.063749999999999929e+01 7.251024993503054628e-01
2.066250000000000142e+01 7.270209497035988733e-01
2.068750000000000000e+01 7.285048466960393210e-01
2.071249999999999858e+01 7.298280352082312517e-01
2.073750000000000071e+01 7.320079115656155100e-01
2.076249999999999929e+01 7.362238944305721233e-01
2.078750000000000142e+01 7.430534607350438581e-01
2.081250000000000000e+01 7.520063907942224901e-01
2.083749999999999858e+01 7.616796561375127617e-01
2.086250000000000071e+01 7.701428392447857707e-01
2.088749999999999929e+01 7.753059326632607551e-01
2.091250000000000142e+01 7.757866199029427312e-01
2.093750000000000000e+01 7.718912740686280083e-01
2.096249999999999858e+01 7.653372025015063862e-01
2.098750000000000071e+01 7.578811588116144415e-01
2.101249999999999929e+01 7.504693062755012356e-01
2.103750000000000142e+01 7.433754819382683010e-01
2.106250000000000000e+01 7.365962053995311898e-01
2.108749999999999858e+01 7.301557901964834674e-01
2.111250000000000071e+01 7.243207776858668900e-01
2.113749999999999929e+01 7.195507581134789055e-01
2.116250000000000142e+01 7.162026069505369463e-01
2.118750000000000000e+01 7.143067212724130144e-01
2.121249999999999858e+01 7.135715435420748598e-01
2.123750000000000071e+01 7.135709510250405341e-01
2.126249999999999929e+01 7.138694694461804602e-01
2.128750000000000142e+01 7.140059166046908157e-01
2.131250000000000000e+01 7.136002919268691347e-01
2.133749999999999858e+01 7.126550197765506578e-01
2.136250000000000071e+01 7.116454482686447314e-01
2.138749999999999929e+01 7.111444125794432747e-01
2.141250000000000142e+01 7.114543993427460133e-01
2.143750000000000000e+01 7.126863885662771958e-01
2.146249999999999858e+01 7.152229257675386531e-01
2.148750000000000071e+01 7.200307222140291952e-01
2.151249999999999929e+01 7.284169807187789170e-01
2.153750000000000142e+01 7.416603821596929880e-01
2.156250000000000000e+01 7.608405841472402065e-01
2.158749999999999858e+01 7.883731279048495910e-01
2.161250000000000071e+01 8.302187718146484263e-01
2.163749999999999929e+01 8.950122769776822640e-01
2.166250000000000142e+01 9.867694819953649610e-01
2.168750000000000000e+01 1.096283143841911167e+00
2.171249999999999858e+01 1.200852792243087608e+00
2.173750000000000071e+01 1.274836638718184423e+00
2.176249999999999929e+01 1.302672992573175481e+00
2.178750000000000142e+01 1.283212256945261531e+00
2.181250000000000000e+01 1.224890066032726432e+00
2.183749999999999858e+01 1.141974434917883530e+00
2.186250000000000071e+01 1.054991227899625184e+00
2.188749999999999929e+01 9.873359269145143280e-01
2.191250000000000142e+01 9.572443596715030090e-01
2.193750000000000000e+01 9.736467430345367990e-01
2.196249999999999858e+01 1.037462566966257160e+00
2.198750000000000071e+01 1.142239984405638342e+00
2.201249999999999929e+01 1.273300855006279875e+00
2.203750000000000142e+01 1.409224969342220746e+00
2.206250000000000000e+01 1.523734114368262560e+00
2.208749999999999858e+01 1.588502614950858760e+00
2.211250000000000071e+01 1.582703878653785701e+00
2.213749999999999929e+01 1.506361608149950015e+00
2.216250000000000142e+01 1.381955185306472877e+00
2.218750000000000000e+01 1.240309204531757192e+00
2.221249999999999858e+01 1.106143357641453662e+00
2.223750000000000071e+01 9.937851499565830693e-01
2.226249999999999929e+01 9.089403329839229606e-01
2.228750000000000142e+01 8.512045844629112512e-01
2.231250000000000000e+01 8.164250688041400084e-01
2.233749999999999858e+01 7.989422229042099088e-01
2.236250000000000071e+01 7.935475322247333985e-01
2.238749999999999929e+01 7.965503269623546156e-01
2.241250000000000142e+01 8.062431663343202493e-01
2.243750000000000000e+01 8.234749460767549767e-01
2.246249999999999858e+01 8.526763717383962771e-01
2.248750000000000071e+01 9.014894518794803746e-01
2.251249999999999929e+01 9.776190495179435391e-01
2.253750000000000142e+01 1.082399830939738461e+00
2.256250000000000000e+01 1.202959703456343510e+00
2.258749999999999858e+01 1.311160562390810469e+00
2.261250000000000071e+01 1.377201343354464758e+00
2.263749999999999929e+01 1.390305241523415836e+00
2.266250000000000142e+01 1.366125169813942275e+00
2.268750000000000000e+01 1.333821980919563943e+00
2.271249999999999858e+01 1.317193447248508065e+00
2.273750000000000071e+01 1.322862209165305059e+00
2.276249999999999929e+01 1.337972337720235716e+00
2.278750000000000142e+01 1.339630378013032974e+00
2.281250000000000000e+01 1.312335559635504190e+00
2.283749999999999858e+01 1.257709706485318213e+00
2.286250000000000071e+01 1.188032534865539613e+00
2.288749999999999929e+01 1.114750244941220547e+00
2.291250000000000142e+01 1.044351726682507531e+00
2.293750000000000000e+01 9.798564483784746315e-01
2.296249999999999858e+01 9.235798369158627619e-01
2.298750000000000071e+01 8.806824814705813687e-01
2.301249999999999929e+01 8.591768190899558011e-01
2.303750000000000142e+01 8.636573626543518900e-01
2.306250000000000000e+01 8.889566500425982731e-01
2.308749999999999858e+01 9.211006952084561661e-01
2.311250000000000071e+01 9.445825206526288209e-01
2.313749999999999929e+01 9.496905568342203230e-01
2.316250000000000142e+01 9.362204881466893447e-01
2.318750000000000000e+01 9.124486361730923534e-01
2.321249999999999858e+01 8.901632769477012541e-01
2.323750000000000071e+01 8.792309188075454474e-01
2.326249999999999929e+01 8.840178433918501888e-01
2.328750000000000142e+01 9.025668941629028108e-01
2.331250000000000000e+01 9.290417739410099518e-01
2.333749999999999858e+01 9.570490986958137825e-01
2.336250000000000071e+01 9.792307192467329946e-01
2.338749999999999929e+01 9.858499497052899407e-01
2.341250000000000142e+01 9.687425104559743705e-01
2.343750000000000000e+01 9.281916078231678968e-01
2.346249999999999858e+01 8.740590220790683817e-01
2.348750000000000071e+01 8.201349714565326909e-01
2.351249999999999929e+01 7.772874618680944980e-01
2.353750000000000142e+01 7.496118556522235465e-01
2.356250000000000000e+01 7.345903791636345659e-01
2.358749999999999858e+01 7.262820369673513854e-01
2.361250000000000071e+01 7.195759436399475906e-01
2.363749999999999929e+01 7.127936219164714426e-01
2.366250000000000142e+01 7.071528316745905318e-01
2.368750000000000000e+01 7.041980584954029565e-01
2.371249999999999858e+01 7.037307443894480485e-01
2.373750000000000071e+01 7.042234509184256419e-01
2.376249999999999929e+01 7.047601956408962032e-01
2.378750000000000142e+01 7.059471277905624564e-01
2.381250000000000000e+01 7.091325004331870963e-01
2.383749999999999858e+01 7.155715430104481189e-01
2.386250000000000071e+01 7.260517888607953552e-01
2.388749999999999929e+01 7.403956360048025154e-01
2.391250000000000142e+01 7.574574352970642188e-01
2.393750000000000000e+01 7.758371178193950168e-01
2.396249999999999858e+01 7.939487550178303543e-01
2.398750000000000071e+01 8.094204823041123431e-01
2.401249999999999929e+01 8.192612503596214957e-01
2.403750000000000142e+01 8.206500643723458888e-01
2.406250000000000000e+01 8.119588167506208709e-01
2.408749999999999858e+01 7.944089194040442337e-01
2.411250000000000071e+01 7.725733607988360951e-01
2.413749999999999929e+01 7.519763689038880816e-01
2.416250000000000142e+01 7.361990757618215309e-01
2.418750000000000000e+01 7.260939833204660410e-01
2.421249999999999858e+01 7.202547917159176638e-01
2.423750000000000071e+01 7.161635443067575491e-01
2.426249999999999929e+01 7.125306130594291076e-01
2.428750000000000142e+01 7.108214540785295910e-01
2.431250000000000000e+01 7.135142947533548163e-01
2.433749999999999858e+01 7.207828097358215391e-01
2.436250000000000071e+01 7.290349751879107165e-01
2.438749999999999929e+01 7.333182459865092984e-01
2.441250000000000142e+01 7.325525678305382371e-01
2.443750000000000000e+01 7.315327563389077969e-01
2.446249999999999858e+01 7.362845077930444404e-01
2.448750000000000071e+01 7.485451129764917333e-01
2.451249999999999929e+01 7.653156201649520263e-01
2.453750000000000142e+01 7.810510654404432263e-01
2.456250000000000000e+01 7.911585035406604183e-01
2.458749999999999858e+01 7.976875891323671475e-01
2.461250000000000071e+01 8.108132808552186432e-01
2.463749999999999929e+01 8.391077135461078029e-01
2.466250000000000142e+01 8.770666393530928140e-01
2.468750000000000000e+01 9.059798134684382553e-01
2.471249999999999858e+01 9.105082633483922994e-01
2.473750000000000071e+01 8.987560658345906672e-01
2.476249999999999929e+01 9.051415785883987208e-01
2.478750000000000142e+01 9.681032940894434002e-01
2.481250000000000000e+01 1.099346352232831503e+00
2.483749999999999858e+01 1.270980865636667234e+00
2.486250000000000071e+01 1.437955850773104727e+00
2.488749999999999929e+01 1.602170485610462602e+00
2.491250000000000142e+01 1.890544170390338952e+00
2.493750000000000000e+01 2.559155456271878126e+00
2.496249999999999858e+01 3.805998918368453054e+00
2.498750000000000071e+01 5.438312537898500665e+00
2.501249999999999929e+01 6.750635824104907812e+00
2.503750000000000142e+01 6.958234444468276436e+00
2.506250000000000000e+01 5.889078692533711745e+00
2.508749999999999858e+01 4.147987278878407125e+00
2.511250000000000071e+01 2.551479009670937437e+00
2.513749999999999929e+01 1.524322862333326478e+00
2.516250000000000142e+01 1.027198516180579224e+00
2.518750000000000000e+01 8.391903563088580764e-01
2.521249999999999858e+01 7.823869602981020632e-01
2.523750000000000071e+01 7.705323352206536747e-01
2.526249999999999929e+01 7.776252737008624294e-01
2.528750000000000142e+01 8.057578375405578530e-01
2.531250000000000000e+01 8.669321119277929588e-01
2.533749999999999858e+01 9.731792040408487887e-01
2.536250000000000071e+01 1.124109001971666189e+00
2.538749999999999929e+01 1.295863468796080831e+00
2.541250000000000142e+01 1.444440821601997715e+00
2.543750000000000000e+01 1.529166536067928739e+00
2.546249999999999858e+01 1.535441803882595213e+00
2.548750000000000071e+01 1.473645090516741751e+00
2.551249999999999929e+01 1.364478141932162991e+00
2.553750000000000142e+01 1.232785151149163427e+00
2.556250000000000000e+01 1.106808352989617772e+00
2.558749999999999858e+01 1.011540103910583577e+00
2.561250000000000071e+01 9.610252087945970745e-01
2.563749999999999929e+01 9.572361294889943917e-01
2.566250000000000142e+01 9.933371429372914729e-01
2.568750000000000000e+01 1.056991421280885968e+00
2.571249999999999858e+01 1.131851926997350377e+00
2.573750000000000071e+01 1.199227098511349787e+00
2.576249999999999929e+01 1.243613419060261238e+00
2.578750000000000142e+01 1.260599523847714565e+00
2.581250000000000000e+01 1.258487880706647077e+00
2.583749999999999858e+01 1.251403822598745386e+00
2.586250000000000071e+01 1.251095232456345574e+00
2.588749999999999929e+01 1.260617604179097295e+00
2.591250000000000142e+01 1.270263462547294608e+00
2.593750000000000000e+01 1.261360726053165848e+00
2.596249999999999858e+01 1.219820857051139296e+00
2.598750000000000071e+01 1.147160301601053645e+00
2.601249999999999929e+01 1.057913719962765953e+00
2.603750000000000142e+01 9.696243840927640800e-01
2.606250000000000000e+01 8.963427668561279038e-01
2.608749999999999858e+01 8.460014782496331209e-01
2.611250000000000071e+01 8.190497542998784741e-01
2.613749999999999929e+01 8.101960748811215529e-01
2.616250000000000142e+01 8.140647422928837251e-01
2.618750000000000000e+01 8.304463863493072306e-01
2.621249999999999858e+01 8.641137139288731506e-01
2.623750000000000071e+01 9.186538851388037497e-01
2.626249999999999929e+01 9.900825756958586688e-01
2.628750000000000142e+01 1.066763823702724601e+00
2.631250000000000000e+01 1.134922095809068887e+00
2.633749999999999858e+01 1.182897403640588374e+00
2.636250000000000071e+01 1.201990411222169541e+00
2.638749999999999929e+01 1.187724866833869575e+00
2.641250000000000142e+01 1.142536110331372923e+00
2.643750000000000000e+01 1.076866132733929504e+00
2.646249999999999858e+01 1.007249873102582294e+00
2.648750000000000071e+01 9.520022800637426563e-01
2.651249999999999929e+01 9.250500329459321325e-01
2.653750000000000142e+01 9.299326082310931385e-01
2.656250000000000000e+01 9.575637244406062232e-01
2.658749999999999858e+01 9.902675475301101482e-01
2.661250000000000071e+01 1.010769017376794032e+00
2.663749999999999929e+01 1.010221657168183684e+00
2.666250000000000142e+01 9.896689602225559046e-01
2.668750000000000000e+01 9.554956664985558845e-01
2.671249999999999858e+01 9.143366524583664834e-01
2.673750000000000071e+01 8.711671280416886098e-01
2.676249999999999929e+01 8.298628995032242273e-01
2.678750000000000142e+01 7.936679472717931283e-01
2.681250000000000000e+01 7.647411845084695070e-01
2.683749999999999858e+01 7.436365622526455166e-01
2.686250000000000071e+01 7.294272725155473980e-01
2.688749999999999929e+01 7.204885027507359485e-01
2.691250000000000142e+01 7.153109757507329913e-01
2.693750000000000000e+01 7.128843568618874471e-01
2.696249999999999858e+01 7.125770898587983071e-01
2.698750000000000071e+01 7.137712625070368189e-01
2.701249999999999929e+01 7.155526731734624946e-01
2.703750000000000142e+01 7.168165378342632454e-01
2.706250000000000000e+01 7.169220431378956482e-01
2.708749999999999858e+01 7.163470096186832503e-01
2.711250000000000071e+01 7.164462356688434674e-01
2.713749999999999929e+01 7.182459611222100637e-01
2.716250000000000142e+01 7.214186508819091515e-01
2.718750000000000000e+01 7.245758698834016132e-01
2.721249999999999858e+01 7.266153999445913447e-01
2.723750000000000071e+01 7.277524005770293902e-01
2.726249999999999929e+01 7.292292367411064014e-01
2.728750000000000142e+01 7.319977886168755887e-01
2.731250000000000000e+01 7.357608858989082012e-01
2.733749999999999858e+01 7.399430772276233137e-01
2.736250000000000071e+01 7.462599299502531425e-01
2.738749999999999929e+01 7.602926900127173759e-01
2.741250000000000142e+01 7.884836599960107772e-01
2.743750000000000000e+01 8.304354220657732544e-01
2.746249999999999858e+01 8.735405555470897587e-01
2.748750000000000071e+01 8.990289106628716054e-01
2.751249999999999929e+01 8.965875491984361956e-01
2.753750000000000142e+01 8.720698218366462751e-01
2.756250000000000000e+01 8.405038276915177686e-01
2.758749999999999858e+01 8.137737820834951563e-01
2.761250000000000071e+01 7.948896798026798827e-01
2.763749999999999929e+01 7.807571747899086922e-01
2.766250000000000142e+01 7.679668726895654274e-01
2.768750000000000000e+01 7.560431223383041743e-01
2.771249999999999858e+01 7.468384318530294497e-01
2.773750000000000071e+01 7.423857527527490952e-01
2.776249999999999929e+01 7.432458736771605512e-01
2.778750000000000142e+01 7.480825970330534647e-01
2.781250000000000000e+01 7.547298873177540335e-01
2.783749999999999858e+01 7.631798172349376630e-01
2.786250000000000071e+01 7.783217960088619769e-01
2.788749999999999929e+01 8.085179899349150823e-01
2.791250000000000142e+01 8.581495542769350671e-01
2.793750000000000000e+01 9.186802095572337290e-01
2.796249999999999858e+01 9.677454293092239146e-01
2.798750000000000071e+01 9.816463237282209153e-01
2.801249999999999929e+01 9.531963742524272032e-01
2.803750000000000142e+01 8.977692291685661630e-01
2.806250000000000000e+01 8.407322550362961167e-01
2.808749999999999858e+01 7.998489708756012506e-01
2.811250000000000071e+01 7.796172224553982177e-01
2.813749999999999929e+01 7.776986075316286717e-01
2.816250000000000142e+01 7.920684588155995076e-01
2.818750000000000000e+01 8.219687022032967638e-01
2.821249999999999858e+01 8.651351842745869103e-01
2.823750000000000071e+01 9.169687668641752776e-01
2.826249999999999929e+01 9.744848972141482157e-01
2.828750000000000142e+01 1.040190063586515112e+00
2.831250000000000000e+01 1.117218606558843197e+00
2.833749999999999858e+01 1.196864028507996558e+00
2.836250000000000071e+01 1.253470403844842318e+00
2.838749999999999929e+01 1.258353739016541128e+00
2.841250000000000142e+01 1.203684464252478881e+00
2.843750000000000000e+01 1.113901802960963749e+00
2.846249999999999858e+01 1.033205390695933978e+00
2.848750000000000071e+01 9.979484833807199529e-01
2.851249999999999929e+01 1.012736751578347638e+00
2.853750000000000142e+01 1.046977008585634916e+00
2.856250000000000000e+01 1.057738682637719307e+00
2.858749999999999858e+01 1.022504281055802045e+00
2.861250000000000071e+01 9.521957692279257035e-01
2.863749999999999929e+01 8.748807531331076470e-01
2.866250000000000142e+01 8.119990232382183759e-01
2.868750000000000000e+01 7.692803712207378908e-01
2.871249999999999858e+01 7.423020687072430235e-01
2.873750000000000071e+01 7.246329667533207841e-01
2.876249999999999929e+01 7.118341939048365985e-01
2.878750000000000142e+01 7.018356544548107756e-01
2.881250000000000000e+01 6.940585227083779785e-01
2.883749999999999858e+01 6.885181208878673464e-01
2.886250000000000071e+01 6.853016262212571208e-01
2.888749999999999929e+01 6.843301462276879521e-01
2.891250000000000142e+01 6.854253850712084262e-01
2.893750000000000000e+01 6.883117695506463241e-01
2.896249999999999858e+01 6.924116182485713367e-01
2.898750000000000071e+01 6.966146009594982313e-01
2.901249999999999929e+01 6.995136222742712739e-01
2.903750000000000142e+01 7.001844007676724102e-01
2.906250000000000000e+01 6.987859282960685592e-01
2.908749999999999858e+01 6.962562112945076542e-01
2.911250000000000071e+01 6.935247139302550545e-01
2.913749999999999929e+01 6.912943282210179952e-01
2.916250000000000142e+01 6.905941025366556518e-01
2.918750000000000000e+01 6.932022086200199107e-01
2.921249999999999858e+01 7.011574309820313156e-01
2.923750000000000071e+01 7.151056233959933728e-01
2.926249999999999929e+01 7.321413137520862424e-01
2.928750000000000142e+01 7.453512901627450393e-01
2.931250000000000000e+01 7.473261161936555208e-01
2.933749999999999858e+01 7.358978198500641943e-01
2.936250000000000071e+01 7.162519317268055685e-01
2.938749999999999929e+01 6.966855584277263924e-01
2.941250000000000142e+01 6.826814877706930407e-01
2.943750000000000000e+01 6.750076428075951762e-01
2.946249999999999858e+01 6.717588217935497319e-01
2.948750000000000071e+01 6.707161944682495935e-01
2.951249999999999929e+01 6.702766126607792030e-01
2.953750000000000142e+01 6.695982369581929827e-01
2.956250000000000000e+01 6.687537888085692828e-01
2.958749999999999858e+01 6.686394433080732336e-01
2.961250000000000071e+01 6.703143486319961264e-01
2.963749999999999929e+01 6.740446693248079990e-01
2.966250000000000142e+01 6.788711500222607276e-01
2.968750000000000000e+01 6.830801789105138688e-01
2.971249999999999858e+01 6.851574877872556035e-01
2.973750000000000071e+01 6.844813818501198632e-01
2.976249999999999929e+01 6.814091845399596892e-01
2.978750000000000142e+01 6.768833835680496680e-01
2.981250000000000000e+01 6.718972199904883480e-01
2.983749999999999858e+01 6.671327382399081518e-01
2.986250000000000071e+01 6.630030198494085703e-01
2.988749999999999929e+01 6.600208705402702547e-01
2.991250000000000142e+01 6.591421800938420672e-01
2.993750000000000000e+01 6.616181416757602740e-01
2.996249999999999858e+01 6.682618408352312134e-01
2.998750000000000071e+01 6.784916834236622840e-01
3.001249999999999929e+01 6.900182138232930917e-01
3.003750000000000142e+01 6.996121468081494266e-01
3.006250000000000000e+01 7.044595844967781462e-01
3.008749999999999858e+01 7.032203144121604854e-01
3.011250000000000071e+01 6.964463121919881594e-01
3.013749999999999929e+01 6.863280363235548798e-01
3.016250000000000142e+01 6.756613401324591539e-01
3.018750000000000000e+01 6.664685511085379765e-01
3.021249999999999858e+01 6.592609598795718950e-01
3.023750000000000071e+01 6.534243471964745753e-01
3.026249999999999929e+01 6.481934111843167257e-01
3.028750000000000142e+01 6.433550194708543835e-01
3.031250000000000000e+01 6.392967669399373110e-01
3.033749999999999858e+01 6.365172735504105450e-01
3.036250000000000071e+01 6.351045920231623843e-01
3.038749999999999929e+01 6.346719424908408014e-01
3.041250000000000142e+01 6.347955753136698132e-01
3.043750000000000000e+01 6.353896284418287799e-01
3.046249999999999858e+01 6.365608042876884642e-01
3.048750000000000071e+01 6.381889715861444046e-01
3.051249999999999929e+01 6.399060701507793825e-01
3.053750000000000142e+01 6.416112561153386462e-01
3.056250000000000000e+01 6.438828734535052556e-01
3.058749999999999858e+01 6.478256685106726920e-01
3.061250000000000071e+01 6.545854850786410051e-01
3.063749999999999929e+01 6.651584708406244051e-01
3.066250000000000142e+01 6.806932887677150656e-01
3.068750000000000000e+01 7.034270098321614428e-01
3.071249999999999858e+01 7.374519739764870963e-01
3.073750000000000071e+01 7.888598511105084921e-01
3.076249999999999929e+01 8.655593903814804424e-01
3.078750000000000142e+01 9.775494846799683835e-01
3.081250000000000000e+01 1.134955469580818166e+00
3.083749999999999858e+01 1.340207716989291864e+00
3.086250000000000071e+01 1.575468501719080372e+00
3.088749999999999929e+01 1.795212542160365299e+00
3.091250000000000142e+01 1.936391647135096594e+00
3.093750000000000000e+01 1.948332337093990452e+00
3.096249999999999858e+01 1.824114873408401838e+00
3.098750000000000071e+01 1.606813441916234986e+00
3.101249999999999929e+01 1.364087038275743513e+00
3.103750000000000142e+01 1.153133118087746212e+00
3.106250000000000000e+01 1.001605211182177602e+00
3.108749999999999858e+01 9.106537496256077446e-01
3.111250000000000071e+01 8.692899161019410625e-01
3.113749999999999929e+01 8.669542302383144161e-01
3.116250000000000142e+01 8.982401449425816420e-01
3.118750000000000000e+01 9.606303109407597907e-01
3.121249999999999858e+01 1.049193651456802323e+00
3.123750000000000071e+01 1.152116056730545735e+00
3.126249999999999929e+01 1.249518077656284643e+00
3.128750000000000142e+01 1.316630538825225072e+00
3.131250000000000000e+01 1.331139130161690165e+00
3.133749999999999858e+01 1.283327936459584429e+00
3.136250000000000071e+01 1.182829668894633368e+00
3.138749999999999929e+01 1.055236008684085736e+00
3.141250000000000142e+01 9.300158624730739954e-01
3.143750000000000000e+01 8.281050613105134239e-01
3.146249999999999858e+01 7.564023312509989827e-01
3.148750000000000071e+01 7.108307046119840544e-01
3.151249999999999929e+01 6.834645702268170586e-01
3.153750000000000142e+01 6.675765009354219792e-01
3.156250000000000000e+01 6.588734952472519169e-01
3.158749999999999858e+01 6.548089295769837781e-01
3.161250000000000071e+01 6.543838064675141508e-01
3.163749999999999929e+01 6.584720032774168397e-01
3.166250000000000142e+01 6.700179289498822133e-01
3.168750000000000000e+01 6.933905841216831956e-01
3.171249999999999858e+01 7.325269792073085817e-01
3.173750000000000071e+01 7.881250089548348381e-01
3.176249999999999929e+01 8.548486520137996703e-01
3.178750000000000142e+01 9.204501639157574022e-01
3.181250000000000000e+01 9.686856688525242731e-01
3.183749999999999858e+01 9.858186074080330652e-01
3.186250000000000071e+01 9.672032119684068618e-01
3.188749999999999929e+01 9.189930583586662927e-01
3.191250000000000142e+01 8.540012265548195813e-01
3.193750000000000000e+01 7.858562998793880983e-01
3.196249999999999858e+01 7.250455951151351108e-01
3.198750000000000071e+01 6.772097039517027683e-01
3.201250000000000284e+01 6.432639999610407777e-01
3.203750000000000142e+01 6.209716071125039871e-01
3.206250000000000000e+01 6.069390840297206324e-01
3.208749999999999858e+01 5.981104222480627675e-01
3.211249999999999716e+01 5.923123943791782642e-01
3.213750000000000284e+01 5.883264745538426821e-01
3.216250000000000142e+01 5.857814538273709015e-01
3.218750000000000000e+01 5.850218763783334719e-01
3.221249999999999858e+01 5.867188102050272525e-01
3.223749999999999716e+01 5.913248790711758129e-01
3.226250000000000284e+01 5.987171620022511132e-01
3.228750000000000142e+01 6.081137731978980554e-01
3.231250000000000000e+01 6.180410585024331827e-01
3.233749999999999858e+01 6.262402480782789382e-01
3.236249999999999716e+01 6.300072183545850635e-01
3.238750000000000284e+01 6.274711084066106892e-01
3.241250000000000142e+01 6.189918796724576122e-01
3.243750000000000000e+01 6.071055746127623776e-01
3.246249999999999858e+01 5.949880743142820227e-01
3.248749999999999716e+01 5.850091917674264952e-01
3.251250000000000284e+01 5.782619442888808914e-01
3.253750000000000142e+01 5.747010459230792456e-01
3.256250000000000000e+01 5.734844214640260063e-01
3.258749999999999858e+01 5.735352813490693924e-01
3.261249999999999716e+01 5.741732432823060117e-01
3.263750000000000284e+01 5.753874063054746912e-01
3.266250000000000142e+01 5.775664556977855302e-01
3.268750000000000000e+01 5.809414023426896501e-01
3.271249999999999858e+01 5.851067836405510203e-01
3.273749999999999716e+01 5.890368843812703314e-01
3.276250000000000284e+01 5.916983223830845073e-01
3.278750000000000142e+01 5.927088833070375262e-01
3.281250000000000000e+01 5.924533053429874574e-01
3.283749999999999858e+01 5.917679603737834304e-01
3.286249999999999716e+01 5.916252685387778376e-01
3.288750000000000284e+01 5.928884100018488867e-01
3.291250000000000142e+01 5.961021552910955590e-01
3.293750000000000000e+01 6.016152446281566313e-01
3.296249999999999858e+01 6.100051774492823986e-01
3.298749999999999716e+01 6.226517484635117894e-01
3.301250000000000284e+01 6.418827109234311878e-01
3.303750000000000142e+01 6.701229211567609756e-01
3.306250000000000000e+01 7.081998650112897309e-01
3.308749999999999858e+01 7.534877609456723802e-01
3.311249999999999716e+01 7.984052570498092471e-01
3.313750000000000284e+01 8.309998388972421601e-01
3.316250000000000142e+01 8.402806573846960392e-01
3.318750000000000000e+01 8.232506214913650755e-01
3.321249999999999858e+01 7.858533089850263664e-01
3.323749999999999716e+01 7.377195654710044792e-01
3.326250000000000284e+01 6.877982672788054419e-01
3.328750000000000142e+01 6.431907646477315055e-01
3.331250000000000000e+01 6.085816505149491684e-01
3.333749999999999858e+01 5.854467327194936566e-01
3.336249999999999716e+01 5.721325590825889762e-01
3.338750000000000284e+01 5.653253475543353890e-01
3.341250000000000142e+01 5.619372496668111339e-01
3.343750000000000000e+01 5.601463967967068580e-01
3.346249999999999858e+01 5.590314595257073194e-01
3.348749999999999716e+01 5.577714728826246304e-01
3.351250000000000284e+01 5.558066912455360553e-01
3.353750000000000142e+01 5.536087016138009353e-01
3.356250099999999748e+01 5.525080215389609473e-01
3.358750100000000316e+01 5.533329813071967695e-01
3.361250100000000174e+01 5.556255221621938523e-01
3.363750100000000032e+01 5.585935150137789629e-01
3.366250099999999890e+01 5.622744612461162417e-01
3.368750099999999748e+01 5.670477235093024371e-01
3.371250100000000316e+01 5.723232060217431361e-01
3.373750100000000174e+01 5.766417953516922434e-01
3.376250100000000032e+01 5.792230221819152369e-01
3.378750099999999890e+01 5.807266233913384035e-01
3.381250099999999748e+01 5.823533313402438072e-01
3.383750100000000316e+01 5.848669332796567755e-01
3.386250100000000174e+01 5.887747669222012092e-01
3.388750100000000032e+01 5.947375707213482521e-01
3.391250099999999890e+01 6.031170502847349457e-01
3.393750099999999748e+01 6.133209951312743602e-01
3.396250100000000316e+01 6.247210418702363599e-01
3.398750100000000174e+01 6.384634703493864416e-01
3.401250100000000032e+01 6.572320379273561830e-01
3.403750099999999890e+01 6.819536726725394793e-01
3.406250099999999748e+01 7.082443475183457515e-01
3.408750100000000316e+01 7.263039463997784662e-01
3.411250100000000174e+01 7.256007390394717538e-01
3.413750100000000032e+01 7.023628917483362155e-01
3.416250099999999890e+01 6.638804278667655989e-01
3.418750099999999748e+01 6.240666992193061313e-01
3.421250100000000316e+01 5.938900502859252306e-01
3.423750100000000174e+01 5.762294590379145598e-01
3.426250100000000032e+01 5.681467008859899526e-01
3.428750099999999890e+01 5.656049035204766540e-01
3.431250099999999748e+01 5.660740670231565463e-01
3.433750100000000316e+01 5.684186567258919798e-01
3.436250100000000174e+01 5.717889518845004071e-01
3.438750100000000032e+01 5.751937757427539877e-01
3.441250099999999890e+01 5.780980563537815309e-01
3.443750099999999748e+01 5.808061019377646073e-01
3.446250100000000316e+01 5.841409366293585093e-01
3.448750100000000174e+01 5.891435423489468359e-01
3.451250100000000032e+01 5.969196487708039456e-01
3.453750099999999890e+01 6.077858172847931950e-01
3.456250099999999748e+01 6.200269049102574703e-01
3.458750100000000316e+01 6.303099230897206695e-01
3.461250100000000174e+01 6.362654332963850745e-01
3.463750100000000032e+01 6.383858190760068885e-01
3.466250099999999890e+01 6.389565364232066003e-01
3.468750099999999748e+01 6.398658902339786625e-01
3.471250100000000316e+01 6.421705495991409940e-01
3.473750100000000174e+01 6.469817786093923218e-01
3.476250100000000032e+01 6.547253838358554345e-01
3.478750099999999890e+01 6.628512041400083099e-01
3.481250099999999748e+01 6.670342607915036304e-01
3.483750100000000316e+01 6.673777462835892571e-01
3.486250100000000174e+01 6.712730646090442344e-01
3.488750100000000032e+01 6.857328170716329163e-01
3.491250099999999890e+01 7.079676573361335379e-01
3.493750099999999748e+01 7.291846044532009907e-01
3.496250100000000316e+01 7.490711444303239652e-01
3.498750100000000174e+01 7.790587231689312109e-01
3.501250100000000032e+01 8.252989040606334425e-01
3.503750099999999890e+01 8.748685157614928265e-01
3.506250099999999748e+01 9.129300166319029852e-01
3.508750100000000316e+01 9.524832874435192887e-01
3.511250100000000174e+01 1.027163241681483763e+00
3.513750100000000032e+01 1.146220410602844630e+00
3.516250099999999890e+01 1.280667907087978064e+00
3.518750099999999748e+01 1.416129146826636820e+00
3.521250100000000316e+01 1.597394093305727125e+00
3.523750100000000174e+01 1.893513349893612308e+00
3.526250100000000032e+01 2.345373392031953497e+00
3.528750099999999890e+01 3.010105345711014735e+00
3.531250099999999748e+01 4.026002134459788273e+00
3.533750100000000316e+01 5.459638276712211358e+00
3.536250100000000174e+01 6.967577948731329407e+00
3.538750100000000032e+01 7.773930932545622952e+00
3.541250099999999890e+01 7.265653460328216795e+00
3.543750099999999748e+01 5.617646206307426837e+00
3.546250100000000316e+01 3.655515524130618754e+00
3.548750100000000174e+01 2.136188317143642657e+00
3.551250100000000032e+01 1.292180747796769058e+00
3.553750099999999890e+01 9.569738090672496034e-01
3.556250099999999748e+01 8.930748934824511709e-01
3.558750100000000316e+01 9.585203807065210135e-01
3.561250100000000174e+01 1.093628157292505509e+00
3.563750100000000032e+01 1.257399161069022497e+00
3.566250099999999890e+01 1.392731498539636847e+00
3.568750099999999748e+01 1.438860276004044092e+00
3.571250100000000316e+01 1.366715244769368232e+00
3.573750100000000174e+01 1.199852447301931635e+00
3.576250100000000032e+01 9.988792509307133916e-01
3.578750099999999890e+01 8.231211546601731044e-01
3.581250099999999748e+01 7.019393250665871831e-01
3.583750100000000316e+01 6.326669877630870520e-01
3.586250100000000174e+01 5.972845569304794378e-01
3.588750100000000032e+01 5.791241716572197440e-01
3.591250099999999890e+01 5.685887519766082976e-01
3.593750099999999748e+01 5.610227829674734323e-01
3.596250100000000316e+01 5.541363764443503204e-01
3.598750100000000174e+01 5.472807746075357693e-01
3.601250100000000032e+01 5.407586455252985091e-01
3.603750099999999890e+01 5.349924453459665719e-01
3.606250099999999748e+01 5.303372928878176129e-01
3.608750100000000316e+01 5.271333631686098142e-01
3.611250100000000174e+01 5.253622599552572048e-01
3.613750100000000032e+01 5.244078378192129630e-01
3.616250099999999890e+01 5.234399402653910904e-01
3.618750099999999748e+01 5.218765160461890096e-01
3.621250100000000316e+01 5.194229470686201333e-01
3.623750100000000174e+01 5.160339573404679747e-01
3.626250100000000032e+01 5.120446370228564081e-01
3.628750099999999890e+01 5.080530982369277915e-01
3.631250099999999748e+01 5.044168997059274018e-01
3.633750100000000316e+01 5.010099445499128779e-01
3.636250100000000174e+01 4.976335999000769394e-01
3.638750100000000032e+01 4.945325580587318082e-01
3.641250099999999890e+01 4.923666842217341855e-01
3.643750099999999748e+01 4.918492707367958516e-01
3.646250100000000316e+01 4.936620732350271989e-01
3.648750100000000174e+01 4.984456281983736803e-01
3.651250100000000032e+01 5.062848244751656512e-01
3.653750099999999890e+01 5.160113729713595720e-01
3.656250099999999748e+01 5.252787484029822762e-01
3.658750100000000316e+01 5.314132644839497654e-01
3.661250100000000174e+01 5.323047798692122079e-01
3.663750100000000032e+01 5.272611275338545678e-01
3.666250099999999890e+01 5.177621739534982170e-01
3.668750099999999748e+01 5.070613868188345030e-01
3.671250100000000316e+01 4.982752250006925454e-01
3.673750100000000174e+01 4.925544027978548955e-01
3.676250100000000032e+01 4.890843303181982571e-01
3.678750099999999890e+01 4.865804676856569366e-01
3.681250099999999748e+01 4.844136730706458671e-01
3.683750100000000316e+01 4.825012078022390405e-01
3.686250100000000174e+01 4.809657162065756886e-01
3.688750100000000032e+01 4.802663172528611191e-01
3.691250099999999890e+01 4.809813284682972201e-01
3.693750099999999748e+01 4.828830623874155181e-01
3.696250100000000316e+01 4.847815931762026187e-01
3.698750100000000174e+01 4.860071036468295302e-01
3.701250100000000032e+01 4.877012766341438099e-01
3.703750099999999890e+01 4.919917672860110724e-01
3.706250099999999748e+01 5.004767897136257471e-01
3.708750100000000316e+01 5.148068110002118614e-01
3.711250100000000174e+01 5.375259715337286082e-01
3.713750100000000032e+01 5.680520441478461580e-01
3.716250099999999890e+01 5.961810150512351081e-01
3.718750099999999748e+01 6.045794464710567695e-01
3.721250100000000316e+01 5.831252000213675846e-01
3.723750100000000174e+01 5.394087031894234663e-01
3.726250100000000032e+01 4.919702494188414876e-01
3.728750099999999890e+01 4.551156649793819398e-01
3.731250099999999748e+01 4.321434936846427766e-01
3.733750100000000316e+01 4.194360495992314197e-01
3.736250100000000174e+01 4.125310774490755783e-01
3.738750100000000032e+01 4.086391951193151240e-01
3.741250099999999890e+01 4.063919965831817582e-01
3.743750099999999748e+01 4.050168305932746460e-01
3.746250100000000316e+01 4.039622015800000687e-01
3.748750100000000174e+01 4.030310430405339428e-01
3.751250100000000032e+01 4.024125116781699929e-01
3.753750099999999890e+01 4.023300179308414437e-01
3.756250099999999748e+01 4.027966657634389769e-01
3.758750100000000316e+01 4.037466736233845666e-01
3.761250100000000174e+01 4.050770880421824538e-01
3.763750100000000032e+01 4.064512439514489373e-01
3.766250099999999890e+01 4.074540438138065102e-01
3.768750099999999748e+01 4.081977289567129130e-01
3.771250100000000316e+01 4.095899956629293071e-01
3.773750100000000174e+01 4.128742282789054086e-01
3.776250100000000032e+01 4.192109380776222194e-01
3.778750099999999890e+01 4.297667601166732521e-01
3.781250099999999748e+01 4.457617681098094975e-01
3.783750100000000316e+01 4.676450170123589989e-01
3.786250100000000174e+01 4.945888663773512217e-01
3.788750100000000032e+01 5.263296489719464510e-01
3.791250099999999890e+01 5.643144388833543079e-01
3.793750099999999748e+01 6.059662476296177047e-01
3.796250100000000316e+01 6.363869984908920863e-01
3.798750100000000174e+01 6.332329601666951691e-01
3.801250100000000032e+01 5.868932433255013015e-01
3.803750099999999890e+01 5.129373577578211219e-01
3.806250099999999748e+01 4.398942438055573056e-01
3.808750100000000316e+01 3.873225544933233122e-01
3.811250100000000174e+01 3.577520986137084913e-01
3.813750100000000032e+01 3.440015087594409104e-01
3.816250099999999890e+01 3.382907195022508695e-01
3.818750099999999748e+01 3.356747384148675017e-01
3.821250100000000316e+01 3.337561788368573756e-01
3.823750100000000174e+01 3.316719948652303573e-01
3.826250100000000032e+01 3.293005214546792514e-01
3.828750099999999890e+01 3.267314611039556782e-01
3.831250099999999748e+01 3.240404032384746613e-01
3.833750100000000316e+01 3.213120049111588550e-01
3.836250100000000174e+01 3.186840701643285367e-01
3.838750100000000032e+01 3.162881479021293352e-01
3.841250099999999890e+01 3.142040850926489659e-01
3.843750099999999748e+01 3.125257631900849598e-01
3.846250100000000316e+01 3.115008946108780430e-01
3.848750100000000174e+01 3.114972532784117121e-01
3.851250100000000032e+01 3.127082700011518113e-01
3.853750099999999890e+01 3.147744212447126655e-01
3.856250099999999748e+01 3.166383858735610790e-01
3.858750100000000316e+01 3.167930392894818814e-01
3.861250100000000174e+01 3.139430789917115328e-01
3.863750100000000032e+01 3.078873320832005156e-01
3.866250099999999890e+01 2.998994463633006258e-01
3.868750099999999748e+01 2.920086379655024711e-01
3.871250100000000316e+01 2.857275784936622598e-01
3.873750100000000174e+01 2.813580311093785147e-01
3.876250100000000032e+01 2.782542195477101798e-01
3.878750099999999890e+01 2.755266590749061995e-01
3.881250099999999748e+01 2.725884768515749457e-01
3.883750100000000316e+01 2.692954749130469505e-01
3.886250100000000174e+01 2.657897176670594996e-01
3.888750100000000032e+01 2.622585870376767381e-01
3.891250099999999890e+01 2.588167955324107705e-01
3.893750099999999748e+01 2.555541583710982945e-01
3.896250100000000316e+01 2.526474305468943138e-01
3.898750100000000174e+01 2.503666097529861356e-01
3.901250100000000032e+01 2.489018740558061604e-01
3.903750099999999890e+01 2.481347681782720138e-01
3.906250099999999748e+01 2.475463972069775753e-01
3.908750100000000316e+01 2.463908520046164952e-01
3.911250100000000174e+01 2.440852568662107702e-01
3.913750100000000032e+01 2.405781226648200377e-01
3.916250099999999890e+01 2.364116695126725620e-01
3.918750099999999748e+01 2.323984249370534827e-01
3.921250100000000316e+01 2.291412344232738874e-01
3.923750100000000174e+01 2.267265573573290782e-01
3.926250100000000032e+01 2.247970482699895856e-01
3.928750099999999890e+01 2.229044870429258418e-01
3.931250099999999748e+01 2.208070722622799686e-01
3.933750100000000316e+01 2.184653741159583440e-01
3.936250100000000174e+01 2.158670368411857998e-01
3.938750100000000032e+01 2.129745214054280522e-01
3.941250099999999890e+01 2.098216060395867166e-01
3.943750099999999748e+01 2.065884034963441640e-01
3.946250100000000316e+01 2.035702619411244862e-01
3.948750100000000174e+01 2.010775883047124790e-01
3.951250100000000032e+01 1.992857301611015708e-01
3.953750099999999890e+01 1.980996932368229158e-01
3.956250099999999748e+01 1.971809710542893890e-01
3.958750100000000316e+01 1.961650023929817077e-01
3.961250100000000174e+01 1.948835514030829996e-01
3.963750100000000032e+01 1.934022120516257770e-01
3.966250099999999890e+01 1.919156824700384290e-01
3.968750099999999748e+01 1.906633232918306664e-01
3.971250100000000316e+01 1.898705137404496646e-01
3.973750100000000174e+01 1.896020860746678305e-01
3.976250100000000032e+01 1.895843789628581799e-01
3.978750099999999890e+01 1.892261986438639743e-01
3.981250099999999748e+01 1.879617499149521254e-01
3.983750100000000316e+01 1.856264485296970912e-01
3.986250100000000174e+01 1.824744591635781010e-01
3.988750100000000032e+01 1.789576129181267850e-01
3.991250099999999890e+01 1.756107428450330021e-01
3.993750099999999748e+01 1.729691903831988287e-01
3.996250100000000316e+01 1.713346923041081105e-01
3.998750100000000174e+01 1.706296674895510512e-01
