0.000000 1.000000000000
0.087500 0.405259957565
0.112500 0.164278372378
0.137500 0.066610095247
0.162500 0.000000205386
0.187500 0.000000015101
0.212500 0.000000000000
0.237500 0.019059495204
0.262500 0.013597204450
0.287500 0.000000006586
0.312500 0.000000838285
0.337500 0.000455090525
0.362500 0.000063486048
0.387500 0.002280115045
0.412500 0.003042143388
0.437500 0.000000001755
0.462500 0.000222758718
0.487500 0.000031319446
0.512500 0.000001168381
0.537500 0.000695048433
0.562500 0.000874996916
0.587500 0.000120926489
0.612500 0.000059176403
0.637500 0.000000592839
0.662500 0.000007647058
0.687500 0.000269107067
0.712500 0.000003688868
0.737500 0.000337265532
0.762500 0.000035392999
0.787500 0.000011456396
0.812500 0.000006218799
0.837500 0.000103685973
0.862500 0.000008485371
0.887500 0.000180705462
0.912500 0.000035026752
0.937500 0.000011596921
0.962500 0.000001967087
0.987500 0.000058394056
1.012500 0.000005160990
1.037500 0.000001708577
1.062500 0.000085341631
1.087500 0.000006672299
1.112500 0.000001335114
1.137500 0.000039919740
1.162500 0.000002481465
1.187500 0.000000601241
1.212500 0.000052475469
1.237500 0.000003512767
1.262500 0.000000757465
1.287500 0.000024666339
1.312500 0.000001271899
1.337500 0.000000873403
1.362500 0.000000945758
1.387500 0.000026900713
1.412500 0.000002355531
1.437500 0.000018712717
1.462500 0.000001123824
1.487500 0.000000922950
1.512500 0.000000321286
1.537500 0.000019198426
1.562500 0.000001565679
1.587500 0.000022749009
1.612500 0.000001590603
1.637500 0.000000807682
1.662500 0.000009417225
1.687500 0.000001838066
1.712500 0.000008315210
1.737500 0.000001204889
1.762500 0.000000551064
1.787500 0.000004764416
1.812500 0.000000402773
1.837500 0.000000307037
1.862500 0.000021218906
1.887500 0.000002513173
1.912500 0.000001712874
1.937500 0.000000226170
1.962500 0.000000199352
1.987500 0.000000154742
2.012500 0.000000149483
2.037500 0.000010467647
2.062500 0.000001723689
2.087500 0.000000080065
2.112500 0.000000343346
2.137500 0.000000166205
2.162500 0.000000070938
2.187500 0.000007338171
2.212500 0.000002513675
2.237500 0.000000263479
2.262500 0.000000133044
2.287500 0.000000212314
2.312500 0.000000065645
2.337500 0.000000056606
2.362500 0.000005791567
2.387500 0.000000169231
2.412500 0.000000068767
2.437500 0.000001184818
2.462500 0.000000115602
2.487500 0.000000024967
2.512500 0.000006375438
2.537500 0.000000337157
2.562500 0.000000108222
2.587500 0.000003167922
2.612500 0.000000188219
2.637500 0.000000065284
2.662500 0.000001290758
2.687500 0.000002882154
2.712500 0.000000117248
2.737500 0.000000524118
2.762500 0.000000069374
2.787500 0.000000048205
2.812500 0.000001042263
2.837500 0.000002136826
2.862500 0.000000219528
2.887500 0.000000491297
2.912500 0.000000055565
2.937500 0.000000054094
2.962500 0.000000966238
2.987500 0.000000053488
3.012500 0.000001700151
3.037500 0.000000114641
3.062500 0.000000046952
3.087500 0.000000063891
3.112500 0.000000813178
3.137500 0.000000109022
3.162500 0.000001588459
3.187500 0.000000286572
3.212500 0.000000076272
3.237500 0.000000036963
3.262500 0.000001862817
3.287500 0.000000267797
3.312500 0.000000085014
3.337500 0.000003774834
3.362500 0.000000400047
3.387500 0.000000117127
3.412500 0.000001125651
3.437500 0.000000132286
3.462500 0.000000146532
3.487500 0.000000730889
3.512500 0.000000089694
3.537500 0.000000110616
3.562500 0.000000228170
3.587500 0.000001620191
3.612500 0.000000148396
3.637500 0.000000051538
3.662500 0.000003016965
3.687500 0.000000178760
3.712500 0.000000126989
3.737500 0.000000101452
3.762500 0.000000148172
3.787500 0.000000085072
3.812500 0.000001336603
3.837500 0.000000178336
3.862500 0.000000062554
3.887500 0.000000271628
3.912500 0.000000135998
3.937500 0.000000022905
3.962500 0.000000149941
3.987500 0.000001314996
4.012500 0.000000257549
4.037500 0.000000174410
4.062500 0.000000278504
4.087500 0.000000078367
4.112500 0.000000427660
4.137500 0.000000546682
4.162500 0.000000396191
4.187500 0.000000992663
4.212500 0.000000449045
4.237500 0.000000141255
4.262500 0.000001589891
4.287500 0.000000190348
4.312500 0.000000825916
4.337500 0.000000283296
4.362500 0.000000060115
4.387500 0.000000107505
4.412500 0.000000292397
4.437500 0.000000080632
4.462500 0.000000857432
4.487500 0.000000290236
4.512500 0.000000027526
4.537500 0.000000221665
4.562500 0.000000413882
4.587500 0.000000106089
4.612500 0.000000099937
4.637500 0.000003737755
4.662500 0.000000209202
4.687500 0.000000048359
4.712500 0.000004755054
4.737500 0.000000170372
4.762500 0.000000101256
4.787500 0.000001342877
4.812500 0.000000130753
4.837500 0.000000484551
4.862500 0.000000095749
4.887500 0.000000451039
4.912500 0.000000045278
4.937500 0.000000427365
4.962500 0.000000305666
4.987500 0.000000037167
5.012500 0.000001516617
5.037500 0.000000147424
5.062500 0.000000078625
5.087500 0.000000996401
5.112500 0.000000173666
5.137500 0.000000071945
5.162500 0.000000052125
5.187500 0.000000030415
5.212500 0.000000110758
5.237500 0.000000193121
5.262500 0.000000142168
5.287500 0.000000353923
5.312500 0.000000084969
5.337500 0.000000057177
5.362500 0.000000470657
5.387500 0.000000325017
5.412500 0.000000126781
5.437500 0.000000294633
5.462500 0.000000349208
5.487500 0.000000144353
5.512500 0.000000088380
5.537500 0.000000351377
5.562500 0.000000029266
5.587500 0.000000124415
5.612500 0.000000219767
5.637500 0.000000043110
5.662500 0.000000145323
5.687500 0.000000133588
5.712500 0.000000076926
5.737500 0.000000118904
5.762500 0.000000562280
5.787500 0.000000235137
5.812500 0.000000071175
5.837500 0.000000037410
5.862500 0.000000947153
5.887500 0.000000098622
5.912500 0.000000052566
5.937500 0.000001052089
5.962500 0.000000131591
5.987500 0.000000272469
6.012500 0.000000177555
6.037500 0.000000122864
6.062500 0.000000092307
6.087500 0.000000283915
6.112500 0.000000069853
6.137500 0.000000115326
6.162500 0.000000203160
6.187500 0.000000374256
6.212500 0.000000157582
6.237500 0.000000581808
6.262500 0.000000823030
6.287500 0.000000211072
6.312500 0.000000575222
6.337500 0.000000409001
6.362500 0.000000091182
6.387500 0.000000119946
6.412500 0.000000125490
6.437500 0.000000113547
6.462500 0.000000185074
6.487500 0.000000307135
6.512500 0.000000208228
6.537500 0.000000188098
6.562500 0.000000534672
6.587500 0.000000338695
6.612500 0.000000143170
6.637500 0.000000287198
6.662500 0.000000351871
6.687500 0.000001191762
6.712500 0.000000260269
6.737500 0.000000705851
6.762500 0.000001097185
6.787500 0.000000551222
6.812500 0.000000576679
6.837500 0.000001973011
6.862500 0.000001483926
6.887500 0.000002326437
6.912500 0.000003037531
6.937500 0.000001850591
6.962500 0.000001146596
6.987500 0.000001508542
7.012500 0.000001090061
7.037500 0.000000464653
7.062500 0.000000861218
7.087500 0.000000423115
7.112500 0.000000227112
7.137500 0.000000591054
7.162500 0.000000347354
7.187500 0.000000178014
7.212500 0.000000221667
7.237500 0.000000289178
7.262500 0.000000197181
7.287500 0.000000148663
7.312500 0.000000350746
7.337500 0.000000177122
7.362500 0.000000165770
7.387500 0.000000330217
7.412500 0.000000171246
7.437500 0.000000175830
7.462500 0.000000208298
7.487500 0.000000220649
7.512500 0.000000528064
7.537500 0.000000229751
7.562500 0.000000434166
7.587500 0.000000769791
7.612500 0.000000369967
7.637500 0.000000565870
7.662500 0.000000266918
7.687500 0.000000365551
7.712500 0.000000482876
7.737500 0.000000267699
7.762500 0.000000481105
7.787500 0.000000594053
7.812500 0.000000333113
7.837500 0.000000575629
7.862500 0.000000349028
7.887500 0.000001054840
7.912500 0.000000674514
7.937500 0.000000987199
7.962500 0.000000485223
7.987500 0.000001235115
8.012500 0.000000753808
8.037500 0.000000536602
8.062500 0.000000720126
8.087500 0.000000912304
8.112500 0.000000663781
8.137500 0.000000329486
8.162500 0.000000458419
8.187500 0.000000338134
8.212500 0.000000184087
8.237500 0.000000247900
8.262500 0.000000231115
8.287500 0.000000289007
8.312500 0.000000266963
8.337500 0.000000249781
8.362500 0.000000767152
8.387500 0.000000328694
8.412500 0.000000234646
8.437500 0.000000970748
8.462500 0.000000280756
8.487500 0.000000437402
8.512500 0.000000345182
8.537500 0.000000791686
8.562500 0.000000339792
8.587500 0.000000684546
8.612500 0.000000458431
8.637500 0.000000277462
8.662500 0.000000266061
8.687500 0.000000235502
8.712500 0.000000226948
8.737500 0.000000658099
8.762500 0.000000235101
8.787500 0.000000161099
8.812500 0.000000724892
8.837500 0.000000403745
8.862500 0.000000395246
8.887500 0.000000427969
8.912500 0.000000725407
8.937500 0.000000433225
8.962500 0.000000300166
8.987500 0.000000376774
9.012500 0.000000391397
9.037500 0.000000397580
9.062500 0.000000388662
9.087500 0.000000392212
9.112500 0.000000341538
9.137500 0.000000516644
9.162500 0.000000396381
9.187500 0.000000701965
9.212500 0.000000514878
9.237500 0.000000306548
9.262500 0.000000814444
9.287500 0.000000329923
9.312500 0.000000218353
9.337500 0.000000447371
9.362500 0.000001289161
9.387500 0.000000398063
9.412500 0.000000550502
9.437500 0.000002512558
9.462500 0.000000485164
9.487500 0.000000488347
9.512500 0.000000989354
9.537500 0.000000391325
9.562500 0.000001066658
9.587500 0.000000553641
9.612500 0.000001289256
9.637500 0.000000366397
9.662500 0.000001834174
9.687500 0.000000456869
9.712500 0.000000430749
9.737500 0.000000677648
9.762500 0.000000558076
9.787500 0.000000602884
9.812500 0.000000666410
9.837500 0.000000725939
9.862500 0.000000532490
9.887500 0.000000453933
9.912500 0.000000758636
9.937500 0.000000314894
9.962500 0.000000734846
9.987500 0.000000943472
10.012500 0.000001098756
10.037500 0.000001049671
10.062500 0.000000789100
10.087500 0.000000815805
10.112500 0.000001163105
10.137500 0.000000637193
10.162500 0.000000549163
10.187500 0.000000557622
10.212500 0.000000719024
10.237500 0.000000578132
10.262500 0.000000868404
10.287500 0.000001300098
10.312500 0.000000555332
10.337500 0.000000650099
10.362500 0.000000775419
10.387500 0.000000481334
10.412500 0.000001332314
10.437500 0.000000599189
10.462500 0.000000528492
10.487500 0.000001721370
10.512500 0.000000892066
10.537500 0.000000497758
10.562500 0.000000960955
10.587500 0.000000341100
10.612500 0.000000546865
10.637500 0.000000222811
10.662500 0.000000396539
10.687500 0.000000375359
10.712500 0.000000576151
10.737500 0.000000991810
10.762500 0.000000563211
10.787500 0.000000667579
10.812500 0.000000537856
10.837500 0.000000893502
10.862500 0.000000767577
10.887500 0.000000558984
10.912500 0.000000518914
10.937500 0.000000885787
10.962500 0.000000403972
10.987500 0.000000762480
11.012500 0.000000408224
11.037500 0.000000693573
11.062500 0.000001321248
11.087500 0.000000798016
11.112500 0.000001271674
11.137500 0.000002512113
11.162500 0.000001421741
11.187500 0.000000951276
11.212500 0.000001714234
11.237500 0.000002211593
11.262500 0.000000979923
11.287500 0.000000681981
11.312500 0.000002889591
11.337500 0.000000681054
11.362500 0.000000563981
11.387500 0.000001208635
11.412500 0.000000494289
11.437500 0.000000508172
11.462500 0.000000628537
11.487500 0.000000872993
11.512500 0.000000405369
11.537500 0.000001213498
11.562500 0.000000572812
11.587500 0.000000907948
11.612500 0.000000883517
11.637500 0.000001021568
11.662500 0.000000843871
11.687500 0.000001178033
11.712500 0.000001077000
11.737500 0.000000774766
11.762500 0.000000883378
11.787500 0.000001484863
11.812500 0.000000358765
11.837500 0.000000514355
11.862500 0.000000590808
11.887500 0.000000692401
11.912500 0.000000831037
11.937500 0.000002279138
11.962500 0.000000784735
11.987500 0.000001032918
12.012500 0.000000914013
12.037500 0.000000483694
12.062500 0.000000694286
12.087500 0.000008522349
12.112500 0.000000610651
12.137500 0.000000790750
12.162500 0.000017745007
12.187500 0.000000818752
12.212500 0.000000784465
12.237500 0.000007304626
12.262500 0.000000595169
12.287500 0.000001339802
12.312500 0.000001528822
12.337500 0.000001443314
12.362500 0.000000862102
12.387500 0.000001340162
12.412500 0.000001319421
12.437500 0.000003935882
12.462500 0.000008448281
12.487500 0.000005490150
12.512500 0.000008396243
12.537500 0.000022132163
12.562500 0.000009098465
12.587500 0.000002342075
12.612500 0.000013234473
12.637500 0.000004846864
12.662500 0.000001952535
12.687500 0.000002367760
12.712500 0.000002114600
12.737500 0.000001182713
12.762500 0.000002343636
12.787500 0.000001904691
12.812500 0.000001326096
12.837500 0.000000906611
12.862500 0.000001128462
12.887500 0.000000783718
12.912500 0.000006583785
12.937500 0.000001723903
12.962500 0.000001312487
12.987500 0.000015869374
13.012500 0.000002606226
13.037500 0.000001492350
13.062500 0.000008614434
13.087500 0.000002233908
13.112500 0.000001715178
13.137500 0.000001202685
13.162500 0.000002828232
13.187500 0.000001557654
13.212500 0.000002113377
13.237500 0.000001375029
13.262500 0.000001680460
13.287500 0.000001370188
13.312500 0.000004582360
13.337500 0.000008377206
13.362500 0.000006187528
13.387500 0.000010059912
13.412500 0.000019386858
13.437500 0.000009509269
13.462500 0.000006350396
13.487500 0.000009120241
13.512500 0.000005249240
13.537500 0.000001911015
13.562500 0.000002233873
13.587500 0.000002439024
13.612500 0.000001757759
13.637500 0.000003285448
13.662500 0.000001654481
13.687500 0.000005162441
13.712500 0.000005060479
13.737500 0.000009084320
13.762500 0.000007480391
13.787500 0.000021462039
13.812500 0.000005026320
13.837500 0.000008739761
13.862500 0.000017597239
13.887500 0.000007121830
13.912500 0.000013661205
13.937500 0.000012127204
13.962500 0.000012509324
13.987500 0.000007550092
14.012500 0.000005664032
14.037500 0.000006214102
14.062500 0.000003655127
14.087500 0.000003700624
14.112500 0.000007489933
14.137500 0.000008228669
14.162500 0.000009070470
14.187500 0.000006952651
14.212500 0.000007115569
14.237500 0.000003997193
14.262500 0.000004889315
14.287500 0.000003702338
14.312500 0.000002988126
14.337500 0.000002853300
14.362500 0.000003184986
14.387500 0.000002668451
14.412500 0.000002146746
14.437500 0.000003513267
14.462500 0.000004905352
14.487500 0.000005373157
14.512500 0.000003952587
14.537500 0.000009751913
14.562500 0.000006485268
14.587500 0.000005253915
14.612500 0.000003771154
14.637500 0.000005623512
14.662500 0.000008678236
14.687500 0.000006217161
14.712500 0.000015422224
14.737500 0.000008004988
14.762500 0.000008370195
14.787500 0.000007692855
14.812500 0.000008490833
14.837500 0.000006579375
14.862500 0.000009150362
14.887500 0.000007913615
14.912500 0.000006900846
14.937500 0.000007032234
14.962500 0.000004340550
14.987500 0.000005568418
15.012500 0.000002655502
15.037500 0.000006977260
15.062500 0.000004131185
15.087500 0.000007116414
15.112500 0.000005985030
15.137500 0.000004599593
15.162500 0.000003344998
15.187500 0.000003103185
15.212500 0.000002942767
15.237500 0.000003238113
15.262500 0.000001632872
15.287500 0.000003026046
15.312500 0.000002418635
15.337500 0.000001545979
15.362500 0.000001546678
15.387500 0.000001744125
15.412500 0.000001586423
15.437500 0.000001737193
15.462500 0.000001907540
15.487500 0.000001584202
15.512500 0.000002128449
15.537500 0.000001751457
15.562500 0.000001533666
15.587500 0.000001966647
15.612500 0.000001965334
15.637500 0.000002289174
15.662500 0.000001282525
15.687500 0.000001993071
15.712500 0.000001344666
15.737500 0.000001346868
15.762500 0.000001266463
15.787500 0.000001271287
15.812500 0.000001066565
15.837500 0.000001103637
15.862500 0.000001766783
15.887500 0.000002178186
15.912500 0.000002064945
15.937500 0.000001961614
15.962500 0.000002206983
15.987500 0.000001780684
16.012500 0.000001878070
16.037500 0.000001928080
16.062500 0.000001184923
16.087500 0.000001253736
16.112500 0.000001435611
16.137500 0.000000938531
16.162500 0.000000961741
16.187500 0.000001031083
16.212500 0.000000926056
16.237500 0.000000948286
16.262500 0.000001280383
16.287500 0.000000984816
16.312500 0.000001013938
16.337500 0.000001401368
16.362500 0.000001191418
16.387500 0.000001350389
16.412500 0.000001243840
16.437500 0.000001133213
16.462500 0.000001053993
16.487500 0.000001065365
16.512500 0.000001683522
16.537500 0.000001084294
16.562500 0.000001717364
16.587500 0.000001389244
16.612500 0.000001272028
16.637500 0.000001136575
16.662500 0.000001152001
16.687500 0.000000839902
16.712500 0.000001386935
16.737500 0.000001007360
16.762500 0.000001235023
16.787500 0.000001202446
16.812500 0.000001145866
16.837500 0.000001307424
16.862500 0.000001198080
16.887500 0.000000968747
16.912500 0.000001267099
16.937500 0.000001123165
16.962500 0.000000835163
16.987500 0.000001330334
17.012500 0.000001021805
17.037500 0.000000882313
17.062500 0.000001081995
17.087500 0.000001023781
17.112500 0.000000895034
17.137500 0.000000933386
17.162500 0.000001000386
17.187500 0.000000765268
17.212500 0.000000899384
17.237500 0.000000879902
17.262500 0.000000770349
17.287500 0.000000778611
17.312500 0.000000960200
17.337500 0.000001017280
17.362500 0.000000800235
17.387500 0.000001033348
17.412500 0.000001115782
17.437500 0.000000756769
17.462500 0.000001083566
17.487500 0.000000704765
17.512500 0.000000930134
17.537500 0.000000789514
17.562500 0.000000882237
17.587500 0.000000948733
17.612500 0.000000816551
17.637500 0.000001083779
17.662500 0.000001152999
17.687500 0.000000985573
17.712500 0.000000885343
17.737500 0.000001038299
17.762500 0.000000926543
17.787500 0.000000890422
17.812500 0.000000994433
17.837500 0.000001135434
17.862500 0.000001161095
17.887500 0.000001875190
17.912500 0.000001201604
17.937500 0.000002380381
17.962500 0.000001506451
17.987500 0.000002158241
18.012500 0.000001449334
18.037500 0.000001153067
18.062500 0.000001302529
18.087500 0.000002293996
18.112500 0.000000785852
18.137500 0.000004604822
18.162500 0.000004535509
18.187500 0.000002184462
18.212500 0.000010362575
18.237500 0.000006023506
18.262500 0.000004735312
18.287500 0.000001048705
18.312500 0.000002217175
18.337500 0.000001343334
18.362500 0.000001032807
18.387500 0.000001031975
18.412500 0.000001937943
18.437500 0.000001378526
18.462500 0.000002227552
18.487500 0.000001735036
18.512500 0.000003429671
18.537500 0.000001412582
18.562500 0.000002171362
18.587500 0.000001246205
18.612500 0.000000998633
18.637500 0.000001077033
18.662500 0.000000762373
18.687500 0.000001240003
18.712500 0.000000845384
18.737500 0.000000901566
18.762500 0.000001325626
18.787500 0.000001051003
18.812500 0.000000860142
18.837500 0.000001307288
18.862500 0.000000909190
18.887500 0.000000904689
18.912500 0.000001072378
18.937500 0.000000940336
18.962500 0.000001172854
18.987500 0.000001251583
19.012500 0.000001247254
19.037500 0.000001437299
19.062500 0.000001753713
19.087500 0.000002032300
19.112500 0.000002263470
19.137500 0.000004095436
19.162500 0.000006947272
19.187500 0.000006013315
19.212500 0.000004330983
19.237500 0.000003894908
19.262500 0.000004133863
19.287500 0.000002427797
19.312500 0.000001674032
19.337500 0.000001264482
19.362500 0.000001506242
19.387500 0.000001465373
19.412500 0.000001757370
19.437500 0.000001817714
19.462500 0.000001973774
19.487500 0.000001642242
19.512500 0.000001419430
19.537500 0.000001230802
19.562500 0.000001209088
19.587500 0.000000897757
19.612500 0.000000837114
19.637500 0.000000866796
19.662500 0.000001077961
19.687500 0.000000953097
19.712500 0.000001070436
19.737500 0.000001156264
19.762500 0.000001047805
19.787500 0.000001089766
19.812500 0.000001455303
19.837500 0.000001034521
19.862500 0.000001354056
19.887500 0.000001171936
19.912500 0.000001108619
19.937500 0.000001206372
19.962500 0.000000855692
19.987500 0.000000999839
20.012500 0.000000884551
20.037500 0.000000767481
20.062500 0.000000853730
20.087500 0.000000810477
20.112500 0.000000668140
20.137500 0.000000999974
20.162500 0.000000749935
20.187500 0.000000826542
20.212500 0.000000793649
20.237500 0.000000857890
20.262500 0.000000864555
20.287500 0.000000924225
20.312500 0.000001005286
20.337500 0.000001290551
20.362500 0.000001051419
20.387500 0.000001416289
20.412500 0.000001129756
20.437500 0.000001238529
20.462500 0.000000994923
20.487500 0.000001155868
20.512500 0.000001024960
20.537500 0.000000801391
20.562500 0.000001011739
20.587500 0.000000783749
20.612500 0.000001015700
20.637500 0.000000897536
20.662500 0.000001261987
20.687500 0.000000687206
20.712500 0.000001151268
20.737500 0.000000827608
20.762500 0.000000826624
20.787500 0.000000932774
20.812500 0.000000814008
20.837500 0.000000852002
20.862500 0.000000836358
20.887500 0.000000924463
20.912500 0.000000944345
20.937500 0.000000990691
20.962500 0.000000990070
20.987500 0.000000985544
21.012500 0.000001063871
21.037500 0.000000913572
21.062500 0.000000975847
21.087500 0.000000849732
21.112500 0.000000941773
21.137500 0.000000793250
21.162500 0.000000875873
21.187500 0.000000820279
21.212500 0.000000958506
21.237500 0.000000975553
21.262500 0.000001075143
21.287500 0.000001269522
21.312500 0.000001211071
21.337500 0.000001143438
21.362500 0.000001159713
21.387500 0.000001074558
21.412500 0.000001157866
21.437500 0.000001453507
21.462500 0.000001635500
21.487500 0.000001310940
21.512500 0.000001809386
21.537500 0.000001590216
21.562500 0.000001415475
21.587500 0.000001149565
21.612500 0.000001708009
21.637500 0.000000993395
21.662500 0.000001023733
21.687500 0.000003640782
21.712500 0.000001147996
21.737500 0.000005365812
21.762500 0.000001161324
21.787500 0.000003970540
21.812500 0.000001099129
21.837500 0.000001623908
21.862500 0.000001077534
21.887500 0.000000950857
21.912500 0.000001456681
21.937500 0.000001304373
21.962500 0.000001715519
21.987500 0.000001857818
22.012500 0.000001917001
22.037500 0.000002318716
22.062500 0.000001448106
22.087500 0.000002078967
22.112500 0.000001628664
22.137500 0.000002374973
22.162500 0.000002515667
22.187500 0.000002769093
22.212500 0.000001578443
22.237500 0.000004212034
22.262500 0.000001738048
22.287500 0.000002355192
22.312500 0.000002457488
22.337500 0.000001679216
22.362500 0.000002038533
22.387500 0.000001614109
22.412500 0.000003006864
22.437500 0.000003533356
22.462500 0.000005061942
22.487500 0.000003258291
22.512500 0.000004819711
22.537500 0.000004915779
22.562500 0.000004456875
22.587500 0.000003980315
22.612500 0.000003450961
22.637500 0.000004102869
22.662500 0.000002799384
22.687500 0.000002868254
22.712500 0.000005445336
22.737500 0.000003602471
22.762500 0.000005637856
22.787500 0.000004396954
22.812500 0.000004729794
22.837500 0.000007510377
22.862500 0.000005243939
22.887500 0.000005642676
22.912500 0.000003632106
22.937500 0.000007201328
22.962500 0.000002967897
22.987500 0.000004418182
23.012500 0.000003216917
23.037500 0.000002476826
23.062500 0.000002032157
23.087500 0.000001779153
23.112500 0.000001794996
23.137500 0.000002350749
23.162500 0.000001991761
23.187500 0.000002314421
23.212500 0.000002254620
23.237500 0.000002173534
23.262500 0.000004914764
23.287500 0.000002465996
23.312500 0.000005964551
23.337500 0.000003167605
23.362500 0.000003997892
23.387500 0.000003355975
23.412500 0.000002544515
23.437500 0.000002411974
23.462500 0.000001735221
23.487500 0.000002369275
23.512500 0.000003220608
23.537500 0.000003497447
23.562500 0.000002001153
23.587500 0.000003067110
23.612500 0.000002804392
23.637500 0.000002096663
23.662500 0.000001476766
23.687500 0.000001541746
23.712500 0.000001313285
23.737500 0.000001409965
23.762500 0.000001003018
23.787500 0.000001060707
23.812500 0.000000955524
23.837500 0.000000966486
23.862500 0.000001044131
23.887500 0.000001090300
23.912500 0.000001285423
23.937500 0.000001019343
23.962500 0.000001196395
23.987500 0.000001014109
24.012500 0.000001227366
24.037500 0.000000918709
24.062500 0.000001281874
24.087500 0.000000933573
24.112500 0.000001042029
24.137500 0.000000902463
24.162500 0.000001384812
24.187500 0.000000857411
24.212500 0.000001178312
24.237500 0.000001151557
24.262500 0.000001026590
24.287500 0.000001153841
24.312500 0.000001016979
24.337500 0.000001301273
24.362500 0.000001301393
24.387500 0.000001250074
24.412500 0.000001095984
24.437500 0.000000916620
24.462500 0.000001027640
24.487500 0.000000640747
24.512500 0.000000826068
24.537500 0.000000787184
24.562500 0.000001437214
24.587500 0.000000833554
24.612500 0.000001315494
24.637500 0.000000767113
24.662500 0.000000985647
24.687500 0.000000872743
24.712500 0.000002469516
24.737500 0.000000897586
24.762500 0.000001656219
24.787500 0.000000972079
24.812500 0.000000831534
24.837500 0.000000822779
24.862500 0.000000543564
24.887500 0.000005743249
24.912500 0.000000681189
24.937500 0.000004767463
24.962500 0.000003636794
24.987500 0.000000747858
25.012500 0.000005961644
25.037500 0.000039261005
25.062500 0.000003750076
25.087500 0.000019616712
25.112500 0.000002191014
25.137500 0.000001052461
25.162500 0.000001025081
25.187500 0.000001107828
25.212500 0.000001214597
25.237500 0.000001268571
25.262500 0.000001138072
25.287500 0.000001094458
25.312500 0.000000974229
25.337500 0.000001983021
25.362500 0.000001007027
25.387500 0.000003147060
25.412500 0.000004153030
25.437500 0.000005881021
25.462500 0.000002071108
25.487500 0.000004006327
25.512500 0.000003792167
25.537500 0.000001556639
25.562500 0.000002121241
25.587500 0.000001169636
25.612500 0.000001970016
25.637500 0.000001994108
25.662500 0.000002553921
25.687500 0.000003516330
25.712500 0.000003678683
25.737500 0.000004345172
25.762500 0.000005507584
25.787500 0.000003468950
25.812500 0.000005139053
25.837500 0.000003435498
25.862500 0.000004586622
25.887500 0.000003281914
25.912500 0.000002935234
25.937500 0.000003227098
25.962500 0.000002103503
25.987500 0.000001910538
26.012500 0.000001536428
26.037500 0.000001826511
26.062500 0.000002107643
26.087500 0.000002952954
26.112500 0.000003560058
26.137500 0.000003319681
26.162500 0.000005185415
26.187500 0.000004352867
26.212500 0.000005346834
26.237500 0.000004231263
26.262500 0.000005119699
26.287500 0.000004835470
26.312500 0.000004264879
26.337500 0.000004697883
26.362500 0.000005879281
26.387500 0.000003531998
26.412500 0.000003755824
26.437500 0.000001822977
26.462500 0.000002321540
26.487500 0.000001388364
26.512500 0.000001328051
26.537500 0.000001225622
26.562500 0.000001152823
26.587500 0.000001327894
26.612500 0.000001333266
26.637500 0.000001212857
26.662500 0.000001172506
26.687500 0.000001166540
26.712500 0.000001097264
26.737500 0.000001015032
26.762500 0.000000963250
26.787500 0.000001170865
26.812500 0.000000821120
26.837500 0.000000968890
26.862500 0.000001186951
26.887500 0.000001042313
26.912500 0.000001168016
26.937500 0.000001086129
26.962500 0.000000923177
26.987500 0.000001150119
27.012500 0.000000846577
27.037500 0.000000860686
27.062500 0.000000785641
27.087500 0.000000858214
27.112500 0.000000911992
27.137500 0.000000911571
27.162500 0.000000821577
27.187500 0.000000928594
27.212500 0.000000902627
27.237500 0.000001051176
27.262500 0.000000813980
27.287500 0.000001000966
27.312500 0.000000908666
27.337500 0.000000964980
27.362500 0.000000909549
27.387500 0.000000783544
27.412500 0.000000895179
27.437500 0.000000962234
27.462500 0.000001064223
27.487500 0.000001157158
27.512500 0.000000871297
27.537500 0.000001019641
27.562500 0.000000696869
27.587500 0.000001099505
27.612500 0.000000749781
27.637500 0.000000976139
27.662500 0.000000963937
27.687500 0.000001187825
27.712500 0.000000646686
27.737500 0.000001048943
27.762500 0.000000736077
27.787500 0.000000821889
27.812500 0.000001863388
27.837500 0.000003421438
27.862500 0.000001792620
27.887500 0.000001125104
27.912500 0.000001034793
27.937500 0.000001468442
27.962500 0.000000805546
27.987500 0.000000994749
28.012500 0.000001696182
28.037500 0.000003867351
28.062500 0.000002120834
28.087500 0.000000950091
28.112500 0.000001058002
28.137500 0.000000755151
28.162500 0.000000845058
28.187500 0.000001658632
28.212500 0.000003500852
28.237500 0.000001923077
28.262500 0.000000872302
28.287500 0.000000867871
28.312500 0.000001181586
28.337500 0.000000929099
28.362500 0.000001152530
28.387500 0.000001198274
28.412500 0.000002067786
28.437500 0.000003939840
28.462500 0.000001984827
28.487500 0.000001124157
28.512500 0.000000846499
28.537500 0.000000994181
28.562500 0.000001551874
28.587500 0.000002166281
28.612500 0.000002904423
28.637500 0.000000914327
28.662500 0.000001487865
28.687500 0.000000818851
28.712500 0.000000903619
28.737500 0.000000765771
28.762500 0.000000872142
28.787500 0.000001006396
28.812500 0.000001390834
28.837500 0.000001111323
28.862500 0.000002913982
28.887500 0.000000755697
28.912500 0.000004516193
28.937500 0.000001104480
28.962500 0.000004805932
28.987500 0.000001059201
29.012500 0.000002481650
29.037500 0.000001012158
29.062500 0.000001264952
29.087500 0.000000985888
29.112500 0.000000701621
29.137500 0.000001062600
29.162500 0.000000809509
29.187500 0.000000747575
29.212500 0.000000740569
29.237500 0.000000554393
29.262500 0.000000835406
29.287500 0.000000779309
29.312500 0.000001164375
29.337500 0.000001206460
29.362500 0.000001472217
29.387500 0.000001033208
29.412500 0.000001257586
29.437500 0.000000793023
29.462500 0.000001007347
29.487500 0.000000558649
29.512500 0.000000678147
29.537500 0.000000693759
29.562500 0.000000642096
29.587500 0.000000767254
29.612500 0.000000608202
29.637500 0.000000628115
29.662500 0.000000716890
29.687500 0.000000756195
29.712500 0.000000848814
29.737500 0.000000688634
29.762500 0.000000768228
29.787500 0.000000747028
29.812500 0.000000607627
29.837500 0.000000701567
29.862500 0.000000593256
29.887500 0.000000824780
29.912500 0.000000787691
29.937500 0.000000724747
29.962500 0.000000722567
29.987500 0.000000657989
30.012500 0.000000697784
30.037500 0.000000651856
30.062500 0.000000629247
30.087500 0.000000625854
30.112500 0.000000631020
30.137500 0.000000626386
30.162500 0.000000631160
30.187500 0.000000635425
30.212500 0.000000476109
30.237500 0.000000611147
30.262500 0.000000596783
30.287500 0.000000778304
30.312500 0.000000660544
30.337500 0.000000762269
30.362500 0.000000757559
30.387500 0.000000600656
30.412500 0.000000765690
30.437500 0.000000606500
30.462500 0.000000748602
30.487500 0.000000676770
30.512500 0.000000710999
30.537500 0.000000679001
30.562500 0.000000822790
30.587500 0.000000852331
30.612500 0.000000844378
30.637500 0.000000833470
30.662500 0.000000725611
30.687500 0.000000740841
30.712500 0.000000753747
30.737500 0.000000827570
30.762500 0.000000850421
30.787500 0.000000894378
30.812500 0.000001027474
30.837500 0.000001317873
30.862500 0.000001641147
30.887500 0.000001674177
30.912500 0.000002396130
30.937500 0.000002520523
30.962500 0.000002561104
30.987500 0.000003463190
31.012500 0.000002363196
31.037500 0.000002001530
31.062500 0.000001712361
31.087500 0.000001391423
31.112500 0.000002361225
31.137500 0.000003211980
31.162500 0.000003709727
31.187500 0.000004172491
31.212500 0.000003926084
31.237500 0.000003544004
31.262500 0.000001996415
31.287500 0.000002791165
31.312500 0.000002174985
31.337500 0.000002418822
31.362500 0.000003161555
31.387500 0.000003383376
31.412500 0.000005922560
31.437500 0.000007940303
31.462500 0.000004384839
31.487500 0.000007589798
31.512500 0.000004417795
31.537500 0.000006494189
31.562500 0.000003946975
31.587500 0.000004076068
31.612500 0.000002625096
31.637500 0.000002104443
31.662500 0.000001815981
31.687500 0.000001316478
31.712500 0.000003409233
31.737500 0.000003286251
31.762500 0.000004912239
31.787500 0.000003323954
31.812500 0.000006903898
31.837500 0.000006293162
31.862500 0.000003080117
31.887500 0.000002761079
31.912500 0.000002061479
31.937500 0.000001775570
31.962500 0.000001462779
31.987500 0.000000939546
32.012500 0.000001054805
32.037500 0.000000937606
32.062500 0.000000804696
32.087500 0.000000923500
32.112500 0.000000688755
32.137500 0.000000769247
32.162500 0.000000631862
32.187500 0.000000813924
32.212500 0.000000713289
32.237500 0.000000611894
32.262500 0.000000820309
32.287500 0.000000791607
32.312500 0.000000881815
32.337500 0.000000811577
32.362500 0.000000861491
32.387500 0.000000851589
32.412500 0.000000701807
32.437500 0.000000909147
32.462500 0.000000832050
32.487500 0.000000664219
32.512500 0.000000552904
32.537500 0.000000627599
32.562500 0.000000573839
32.587500 0.000000460236
32.612500 0.000000550459
32.637500 0.000000492861
32.662500 0.000000522396
32.687500 0.000000505931
32.712500 0.000000436170
32.737500 0.000000527066
32.762500 0.000000402111
32.787500 0.000000640043
32.812500 0.000000510262
32.837500 0.000000797751
32.862500 0.000000407283
32.887500 0.000000841703
32.912500 0.000000527744
32.937500 0.000000526327
32.962500 0.000000543509
32.987500 0.000000750680
33.012500 0.000000448096
33.037500 0.000000992658
33.062500 0.000000744121
33.087500 0.000000622608
33.112500 0.000000750008
33.137500 0.000001711386
33.162500 0.000000560789
33.187500 0.000002619067
33.212500 0.000002036818
33.237500 0.000000708142
33.262500 0.000001090121
33.287500 0.000000748399
33.312500 0.000000684040
33.337500 0.000000658260
33.362500 0.000000901467
33.387500 0.000000498933
33.412500 0.000000872469
33.437500 0.000001063973
33.462500 0.000001567250
33.487500 0.000002124043
33.512500 0.000001574090
33.537500 0.000001290974
33.562501 0.000000926421
33.587501 0.000000598875
33.612501 0.000000569992
33.637501 0.000000670405
33.662501 0.000000661529
33.687501 0.000000579127
33.712501 0.000000691988
33.737501 0.000000794456
33.762501 0.000001186230
33.787501 0.000001380553
33.812501 0.000002603069
33.837501 0.000002033789
33.862501 0.000000462920
33.887501 0.000000876046
33.912501 0.000000656403
33.937501 0.000000523062
33.962501 0.000000972404
33.987501 0.000000821925
34.012501 0.000000741804
34.037501 0.000000841289
34.062501 0.000000677491
34.087501 0.000000522709
34.112501 0.000000522422
34.137501 0.000000576062
34.162501 0.000000364299
34.187501 0.000000497765
34.212501 0.000000438825
34.237501 0.000000302296
34.262501 0.000000466009
34.287501 0.000000450755
34.312501 0.000000654453
34.337501 0.000000497632
34.362501 0.000000419285
34.387501 0.000000654756
34.412501 0.000000388682
34.437501 0.000000472905
34.462501 0.000000412008
34.487501 0.000000644118
34.512501 0.000000472762
34.537501 0.000000494912
34.562501 0.000000318933
34.587501 0.000000433370
34.612501 0.000000436546
34.637501 0.000000510324
34.662501 0.000000318721
34.687501 0.000000605635
34.712501 0.000000299799
34.737501 0.000000620182
34.762501 0.000000585549
34.787501 0.000000374145
34.812501 0.000000573962
34.837501 0.000000771741
34.862501 0.000000763442
34.887501 0.000000731066
34.912501 0.000000801076
34.937501 0.000000694984
34.962501 0.000001093338
34.987501 0.000001044692
35.012501 0.000000953884
35.037501 0.000000380380
35.062501 0.000001414439
35.087501 0.000001176306
35.112501 0.000001499142
35.137501 0.000000486248
35.162501 0.000000506347
35.187501 0.000002319113
35.212501 0.000002235126
35.237501 0.000002173606
35.262501 0.000000792885
35.287501 0.000000961149
35.312501 0.000005079894
35.337501 0.000010409221
35.362501 0.000002790574
35.387501 0.000003662779
35.412501 0.000025409496
35.437501 0.000043793390
35.462501 0.000003072772
35.487501 0.000001901561
35.512501 0.000000547172
35.537501 0.000001029149
35.562501 0.000000979123
35.587501 0.000001239304
35.612501 0.000001260445
35.637501 0.000001686365
35.662501 0.000001007995
35.687501 0.000005260118
35.712501 0.000001283274
35.737501 0.000007346417
35.762501 0.000002965040
35.787501 0.000002790897
35.812501 0.000001563432
35.837501 0.000000390842
35.862501 0.000000516388
35.887501 0.000000735550
35.912501 0.000000347352
35.937501 0.000000385081
35.962501 0.000000331169
35.987501 0.000000387186
36.012501 0.000000324303
36.037501 0.000000452356
36.062501 0.000000571509
36.087501 0.000000351318
36.112501 0.000000383792
36.137501 0.000000245302
36.162501 0.000000199998
36.187501 0.000000292551
36.212501 0.000000322240
36.237501 0.000000398826
36.262501 0.000000523634
36.287501 0.000000795382
36.312501 0.000000501149
36.337501 0.000000444879
36.362501 0.000000271880
36.387501 0.000000274648
36.412501 0.000000347991
36.437501 0.000000201986
36.462501 0.000000363831
36.487501 0.000000326519
36.512501 0.000000196181
36.537501 0.000000180923
36.562501 0.000000237172
36.587501 0.000000234852
36.612501 0.000000346726
36.637501 0.000000169620
36.662501 0.000000589736
36.687501 0.000000364299
36.712501 0.000000320576
36.737501 0.000000228086
36.762501 0.000000165973
36.787501 0.000000306108
36.812501 0.000000182546
36.837501 0.000000344220
36.862501 0.000000249888
36.887501 0.000000198660
36.912501 0.000000277078
36.937501 0.000000290340
36.962501 0.000000196340
36.987501 0.000000307921
37.012501 0.000000280288
37.037501 0.000000409556
37.062501 0.000000308662
37.087501 0.000000323981
37.112501 0.000000323812
37.137501 0.000000219510
37.162501 0.000000274597
37.187501 0.000000586585
37.212501 0.000000425869
37.237501 0.000000494728
37.262501 0.000000321547
37.287501 0.000000508757
37.312501 0.000000603190
37.337501 0.000000950471
37.362501 0.000000502863
37.387501 0.000000259867
37.412501 0.000001438052
37.437501 0.000002845045
37.462501 0.000001077897
37.487501 0.000000273277
37.512501 0.000000471529
37.537501 0.000000285682
37.562501 0.000000123403
37.587501 0.000000424591
37.612501 0.000000759408
37.637501 0.000000565452
37.662501 0.000000279703
37.687501 0.000001237560
37.712501 0.000000343904
37.737501 0.000003203858
37.762501 0.000001530251
37.787501 0.000000161943
37.812501 0.000000404607
37.837501 0.000000138864
37.862501 0.000000365492
37.887501 0.000000199421
37.912501 0.000000295117
37.937501 0.000000157962
37.962501 0.000000145010
37.987501 0.000000233846
38.012501 0.000000507548
38.037501 0.000000295665
38.062501 0.000000126335
38.087501 0.000000143854
38.112501 0.000000168693
38.137501 0.000000088930
38.162501 0.000000215972
38.187501 0.000000168246
38.212501 0.000000156110
38.237501 0.000000210697
38.262501 0.000000251097
38.287501 0.000000414959
38.312501 0.000000189302
38.337501 0.000000660154
38.362501 0.000000453559
38.387501 0.000000225382
38.412501 0.000000354372
38.437501 0.000000089821
38.462501 0.000000268043
38.487501 0.000000221382
38.512501 0.000000252133
38.537501 0.000000136909
38.562501 0.000000327978
38.587501 0.000000166840
38.612501 0.000000683397
38.637501 0.000000219421
38.662501 0.000001008557
38.687501 0.000000743880
38.712501 0.000000084498
38.737501 0.000000293230
38.762501 0.000000375036
38.787501 0.000000217869
38.812501 0.000000164495
38.837501 0.000000144007
38.862501 0.000000110656
38.887501 0.000000079387
38.912501 0.000000092340
38.937501 0.000000086510
38.962501 0.000000067213
38.987501 0.000000088710
39.012501 0.000000090983
39.037501 0.000000156271
39.062501 0.000000068463
39.087501 0.000000144474
39.112501 0.000000074778
39.137501 0.000000076935
39.162501 0.000000216489
39.187501 0.000000152886
39.212501 0.000000100023
39.237501 0.000000115211
39.262501 0.000000073902
39.287501 0.000000105755
39.312501 0.000000057717
39.337501 0.000000181260
39.362501 0.000000134922
39.387501 0.000000203402
39.412501 0.000000084482
39.437501 0.000000105382
39.462501 0.000000112607
39.487501 0.000000139701
39.512501 0.000000122320
39.537501 0.000000267097
39.562501 0.000000221584
39.587501 0.000000173802
39.612501 0.000000044057
39.637501 0.000000189472
39.662501 0.000000057292
39.687501 0.000000102770
39.712501 0.000000037996
39.737501 0.000000119996
39.762501 0.000000076228
39.787501 0.000000048895
39.812501 0.000000103511
39.837501 0.000000111865
39.862501 0.000000070585
39.887501 0.000000066130
39.912501 0.000000241712
39.937501 0.000000158684
39.962501 0.000000053699
39.987501 0.000000053239
