0.000000 1.000000000000
0.087500 0.405126542799
0.112500 0.164170234895
0.137500 0.066544272082
0.162500 0.000000006808
0.187500 0.000000001609
0.212500 0.000000000778
0.237500 0.014986066168
0.262500 0.014683736322
0.287500 0.007219354604
0.312500 0.000000000107
0.337500 0.000185157755
0.362500 0.000402972780
0.387500 0.000000000004
0.412500 0.003751470184
0.437500 0.001017751619
0.462500 0.001014878289
0.487500 0.000113533678
0.512500 0.000102365439
0.537500 0.000002419049
0.562500 0.000970826297
0.587500 0.000348931220
0.612500 0.000315968963
0.637500 0.000269303396
0.662500 0.000026795915
0.687500 0.000008706600
0.712500 0.000010180512
0.737500 0.000351648881
0.762500 0.000013352667
0.787500 0.000119132322
0.812500 0.000089061012
0.837500 0.000018667658
0.862500 0.000004906117
0.887500 0.000194044558
0.912500 0.000016155082
0.937500 0.000014399351
0.962500 0.000053288360
0.987500 0.000039996167
1.012500 0.000006242893
1.037500 0.000000690629
1.062500 0.000105953712
1.087500 0.000008521427
1.112500 0.000000186696
1.137500 0.000003113973
1.162500 0.000040448728
1.187500 0.000003489444
1.212500 0.000052713043
1.237500 0.000008645029
1.262500 0.000000644658
1.287500 0.000002119928
1.312500 0.000000587635
1.337500 0.000027150814
1.362500 0.000002274603
1.387500 0.000034563780
1.412500 0.000002907500
1.437500 0.000000952092
1.462500 0.000000751020
1.487500 0.000000266633
1.512500 0.000010474255
1.537500 0.000023720702
1.562500 0.000001693919
1.587500 0.000000396232
1.612500 0.000000530610
1.637500 0.000000208396
1.662500 0.000000174039
1.687500 0.000005144327
1.712500 0.000009994190
1.737500 0.000000624495
1.762500 0.000000699612
1.787500 0.000005406928
1.812500 0.000000480684
1.837500 0.000000269071
1.862500 0.000029463899
1.887500 0.000001962503
1.912500 0.000000778275
1.937500 0.000000184805
1.962500 0.000000340659
1.987500 0.000000064558
2.012500 0.000000139221
2.037500 0.000014245001
2.062500 0.000000800004
2.087500 0.000000242280
2.112500 0.000000325142
2.137500 0.000000281014
2.162500 0.000000110886
2.187500 0.000007951563
2.212500 0.000003165051
2.237500 0.000000407290
2.262500 0.000000146754
2.287500 0.000000232959
2.312500 0.000000055635
2.337500 0.000000083876
2.362500 0.000004775800
2.387500 0.000001666687
2.412500 0.000000141449
2.437500 0.000000205347
2.462500 0.000000068407
2.487500 0.000000234242
2.512500 0.000004049698
2.537500 0.000000273401
2.562500 0.000000983496
2.587500 0.000000133732
2.612500 0.000000149582
2.637500 0.000000053460
2.662500 0.000000040501
2.687500 0.000003339726
2.712500 0.000000101544
2.737500 0.000000472155
2.762500 0.000000093222
2.787500 0.000000051167
2.812500 0.000000029374
2.837500 0.000003271010
2.862500 0.000000220461
2.887500 0.000000077017
2.912500 0.000001592564
2.937500 0.000000268227
2.962500 0.000000059508
2.987500 0.000000046721
3.012500 0.000001956009
3.037500 0.000000071475
3.062500 0.000000045675
3.087500 0.000000059158
3.112500 0.000011404148
3.137500 0.000000283044
3.162500 0.000002086120
3.187500 0.000034413214
3.212500 0.000000917916
3.237500 0.000000481503
3.262500 0.000000415722
3.287500 0.000017128917
3.312500 0.000000597751
3.337500 0.000001493112
3.362500 0.000000409695
3.387500 0.000000181016
3.412500 0.000000198216
3.437500 0.000000092700
3.462500 0.000001871035
3.487500 0.000000900735
3.512500 0.000000109916
3.537500 0.000000623781
3.562500 0.000000118060
3.587500 0.000001939915
3.612500 0.000000231788
3.637500 0.000002417083
3.662500 0.000003530341
3.687500 0.000000263707
3.712500 0.000000110269
3.737500 0.000000127195
3.762500 0.000000180727
3.787500 0.000000073372
3.812500 0.000002273789
3.837500 0.000000209019
3.862500 0.000000115512
3.887500 0.000000215542
3.912500 0.000000152636
3.937500 0.000000052167
3.962500 0.000000194611
3.987500 0.000002652245
4.012500 0.000000303042
4.037500 0.000000111785
4.062500 0.000000351106
4.087500 0.000000106918
4.112500 0.000000205525
4.137500 0.000000639258
4.162500 0.000001070381
4.187500 0.000000086767
4.212500 0.000000499441
4.237500 0.000000179985
4.262500 0.000000349523
4.287500 0.000000196444
4.312500 0.000000928995
4.337500 0.000000667030
4.362500 0.000000073703
4.387500 0.000000134574
4.412500 0.000000043735
4.437500 0.000000084856
4.462500 0.000001007459
4.487500 0.000000194832
4.512500 0.000000942491
4.537500 0.000000270203
4.562500 0.000000078630
4.587500 0.000000107405
4.612500 0.000001416682
4.637500 0.000003831597
4.662500 0.000000225189
4.687500 0.000000499206
4.712500 0.000005446790
4.737500 0.000000183965
4.762500 0.000000129853
4.787500 0.000001434027
4.812500 0.000000154194
4.837500 0.000000556136
4.862500 0.000000155747
4.887500 0.000000517832
4.912500 0.000000064010
4.937500 0.000000117805
4.962500 0.000000690881
4.987500 0.000000054701
5.012500 0.000000198775
5.037500 0.000000419361
5.062500 0.000000110326
5.087500 0.000000221804
5.112500 0.000000179203
5.137500 0.000000177114
5.162500 0.000000049750
5.187500 0.000000052603
5.212500 0.000000126753
5.237500 0.000000063250
5.262500 0.000000157456
5.287500 0.000000424444
5.312500 0.000000227306
5.337500 0.000000072453
5.362500 0.000000527724
5.387500 0.000000173118
5.412500 0.000000294665
5.437500 0.000000329032
5.462500 0.000000220587
5.487500 0.000000137013
5.512500 0.000000103425
5.537500 0.000000302536
5.562500 0.000000024326
5.587500 0.000000189068
5.612500 0.000000249908
5.637500 0.000000083100
5.662500 0.000000369826
5.687500 0.000000176434
5.712500 0.000000087684
5.737500 0.000000156518
5.762500 0.000000807568
5.787500 0.000000189799
5.812500 0.000000095173
5.837500 0.000000046611
5.862500 0.000000460427
5.887500 0.000000104434
5.912500 0.000000053681
5.937500 0.000000244394
5.962500 0.000000135944
5.987500 0.000000247951
6.012500 0.000001031396
6.037500 0.000000204146
6.062500 0.000000095951
6.087500 0.000000090946
6.112500 0.000001502865
6.137500 0.000000125427
6.162500 0.000000103405
6.187500 0.000000257293
6.212500 0.000000148972
6.237500 0.000000159656
6.262500 0.000000568901
6.287500 0.000004081278
6.312500 0.000000314791
6.337500 0.000000351871
6.362500 0.000000109858
6.387500 0.000007994948
6.412500 0.000000280601
6.437500 0.000000156737
6.462500 0.000002706652
6.487500 0.000000444576
6.512500 0.000000212088
6.537500 0.000000179495
6.562500 0.000000642431
6.587500 0.000000332952
6.612500 0.000000118296
6.637500 0.000000341597
6.662500 0.000000384363
6.687500 0.000000388899
6.712500 0.000000170269
6.737500 0.000001149517
6.762500 0.000000377110
6.787500 0.000000176456
6.812500 0.000001114134
6.837500 0.000001590704
6.862500 0.000000636834
6.887500 0.000001082278
6.912500 0.000002900621
6.937500 0.000001500977
6.962500 0.000000628377
6.987500 0.000001781717
7.012500 0.000000985902
7.037500 0.000000491422
7.062500 0.000000561342
7.087500 0.000000511835
7.112500 0.000000217417
7.137500 0.000000438353
7.162500 0.000000607449
7.187500 0.000000203292
7.212500 0.000000198390
7.237500 0.000000457038
7.262500 0.000000317233
7.287500 0.000000119938
7.312500 0.000000473360
7.337500 0.000000205645
7.362500 0.000000289117
7.387500 0.000000377812
7.412500 0.000000184954
7.437500 0.000000278093
7.462500 0.000000201620
7.487500 0.000000185199
7.512500 0.000000200429
7.537500 0.000000320090
7.562500 0.000000463442
7.587500 0.000000193018
7.612500 0.000000230159
7.637500 0.000000495348
7.662500 0.000000279654
7.687500 0.000000535469
7.712500 0.000002087746
7.737500 0.000000226948
7.762500 0.000001136010
7.787500 0.000004503179
7.812500 0.000000511103
7.837500 0.000000996417
7.862500 0.000000432540
7.887500 0.000002372235
7.912500 0.000000603755
7.937500 0.000000985662
7.962500 0.000000608033
7.987500 0.000000792069
8.012500 0.000000856155
8.037500 0.000000609229
8.062500 0.000000984216
8.087500 0.000001075865
8.112500 0.000000648804
8.137500 0.000000593791
8.162500 0.000000505438
8.187500 0.000000488903
8.212500 0.000000167320
8.237500 0.000000386483
8.262500 0.000000209264
8.287500 0.000000356762
8.312500 0.000000262139
8.337500 0.000000283848
8.362500 0.000000253447
8.387500 0.000000288064
8.412500 0.000000280236
8.437500 0.000000224227
8.462500 0.000000214141
8.487500 0.000000335100
8.512500 0.000000395735
8.537500 0.000000808902
8.562500 0.000000278412
8.587500 0.000000699129
8.612500 0.000000748458
8.637500 0.000000552456
8.662500 0.000000477053
8.687500 0.000000683879
8.712500 0.000000414457
8.737500 0.000000387024
8.762500 0.000000578705
8.787500 0.000000283521
8.812500 0.000000625730
8.837500 0.000000621604
8.862500 0.000000758057
8.887500 0.000000406064
8.912500 0.000000889283
8.937500 0.000000540072
8.962500 0.000000269435
8.987500 0.000000359473
9.012500 0.000000260642
9.037500 0.000000298204
9.062500 0.000000263405
9.087500 0.000000329667
9.112500 0.000000288409
9.137500 0.000000429611
9.162500 0.000000250739
9.187500 0.000000292903
9.212500 0.000001316032
9.237500 0.000000273314
9.262500 0.000000273609
9.287500 0.000000335675
9.312500 0.000001440378
9.337500 0.000000409310
9.362500 0.000001512939
9.387500 0.000000400964
9.412500 0.000000513589
9.437500 0.000002945001
9.462500 0.000000584703
9.487500 0.000002232975
9.512500 0.000001117628
9.537500 0.000000371246
9.562500 0.000003574329
9.587500 0.000000296819
9.612500 0.000001478764
9.637500 0.000000251152
9.662500 0.000001844683
9.687500 0.000000462007
9.712500 0.000000389328
9.737500 0.000000637518
9.762500 0.000000364940
9.787500 0.000000569165
9.812500 0.000000400728
9.837500 0.000000705333
9.862500 0.000000521925
9.887500 0.000000382433
9.912500 0.000001076488
9.937500 0.000000350647
9.962500 0.000000531779
9.987500 0.000000686233
10.012500 0.000000644523
10.037500 0.000000554670
10.062500 0.000000396053
10.087500 0.000000682465
10.112500 0.000000716908
10.137500 0.000000410369
10.162500 0.000001636374
10.187500 0.000000536069
10.212500 0.000001731679
10.237500 0.000000528589
10.262500 0.000000929229
10.287500 0.000001336119
10.312500 0.000000706824
10.337500 0.000000638435
10.362500 0.000001156491
10.387500 0.000000569200
10.412500 0.000000810616
10.437500 0.000000593738
10.462500 0.000000611333
10.487500 0.000000836871
10.512500 0.000000474062
10.537500 0.000001105342
10.562500 0.000000585636
10.587500 0.000000791541
10.612500 0.000001282677
10.637500 0.000000918517
10.662500 0.000001933989
10.687500 0.000001152893
10.712500 0.000001930136
10.737500 0.000001797375
10.762500 0.000000967723
10.787500 0.000000729115
10.812500 0.000000727414
10.837500 0.000001002310
10.862500 0.000000697324
10.887500 0.000006686218
10.912500 0.000000924230
10.937500 0.000000620006
10.962500 0.000000320907
10.987500 0.000018579830
11.012500 0.000000642029
11.037500 0.000001005769
11.062500 0.000009686480
11.087500 0.000001533689
11.112500 0.000001430670
11.137500 0.000003299187
11.162500 0.000001280534
11.187500 0.000001099849
11.212500 0.000001648492
11.237500 0.000002055442
11.262500 0.000000658403
11.287500 0.000000532057
11.312500 0.000000595201
11.337500 0.000000646775
11.362500 0.000000505152
11.387500 0.000000646062
11.412500 0.000000439724
11.437500 0.000000843678
11.462500 0.000000436008
11.487500 0.000000759618
11.512500 0.000000465834
11.537500 0.000001153400
11.562500 0.000000458554
11.587500 0.000000618091
11.612500 0.000001022746
11.637500 0.000000671105
11.662500 0.000000864465
11.687500 0.000001271638
11.712500 0.000000943377
11.737500 0.000001079824
11.762500 0.000001308092
11.787500 0.000001156792
11.812500 0.000000986807
11.837500 0.000000844426
11.862500 0.000000868437
11.887500 0.000000671104
11.912500 0.000000793770
11.937500 0.000000629224
11.962500 0.000000603129
11.987500 0.000000828156
12.012500 0.000000591436
12.037500 0.000000484867
12.062500 0.000000899964
12.087500 0.000000514608
12.112500 0.000000750468
12.137500 0.000001053566
12.162500 0.000000969042
12.187500 0.000000815694
12.212500 0.000000855805
12.237500 0.000000947807
12.262500 0.000001016429
12.287500 0.000001537527
12.312500 0.000001447576
12.337500 0.000002286138
12.362500 0.000001237081
12.387500 0.000000924578
12.412500 0.000003146344
12.437500 0.000005262177
12.462500 0.000009658863
12.487500 0.000008673839
12.512500 0.000009962845
12.537500 0.000025614858
12.562500 0.000011288244
12.587500 0.000002179757
12.612500 0.000014620424
12.637500 0.000006979625
12.662500 0.000002615105
12.687500 0.000004007993
12.712500 0.000004921263
12.737500 0.000002101401
12.762500 0.000010918508
12.787500 0.000002051167
12.812500 0.000006606586
12.837500 0.000005328204
12.862500 0.000001768961
12.887500 0.000002976122
12.912500 0.000001496204
12.937500 0.000001909265
12.962500 0.000002195722
12.987500 0.000002064271
13.012500 0.000001964749
13.037500 0.000002224575
13.062500 0.000002425944
13.087500 0.000004731999
13.112500 0.000004059150
13.137500 0.000004897249
13.162500 0.000012708242
13.187500 0.000005754402
13.212500 0.000005667916
13.237500 0.000007171607
13.262500 0.000003283574
13.287500 0.000002783339
13.312500 0.000005354857
13.337500 0.000009783838
13.362500 0.000005801707
13.387500 0.000010320716
13.412500 0.000021554080
13.437500 0.000009863604
13.462500 0.000005421644
13.487500 0.000008988561
13.512500 0.000004939451
13.537500 0.000001352831
13.562500 0.000001854586
13.587500 0.000001276825
13.612500 0.000001083613
13.637500 0.000003081605
13.662500 0.000001631978
13.687500 0.000003116743
13.712500 0.000001380836
13.737500 0.000009531708
13.762500 0.000001060515
13.787500 0.000013425139
13.812500 0.000002142222
13.837500 0.000000938681
13.862500 0.000008916564
13.887500 0.000001272508
13.912500 0.000004215274
13.937500 0.000001403602
13.962500 0.000002874256
13.987500 0.000001670191
14.012500 0.000001498579
14.037500 0.000002064069
14.062500 0.000001493868
14.087500 0.000006218299
14.112500 0.000001447514
14.137500 0.000001393705
14.162500 0.000011415247
14.187500 0.000002009216
14.212500 0.000002524773
14.237500 0.000001269130
14.262500 0.000005563386
14.287500 0.000005454230
14.312500 0.000003431541
14.337500 0.000007763401
14.362500 0.000008581220
14.387500 0.000009058390
14.412500 0.000011697765
14.437500 0.000008825652
14.462500 0.000008726966
14.487500 0.000006204140
14.512500 0.000003855963
14.537500 0.000002385059
14.562500 0.000001548147
14.587500 0.000001436194
14.612500 0.000001742875
14.637500 0.000001384031
14.662500 0.000001103552
14.687500 0.000001225717
14.712500 0.000001044627
14.737500 0.000001149365
14.762500 0.000001931194
14.787500 0.000001233471
14.812500 0.000002400463
14.837500 0.000002632290
14.862500 0.000002447311
14.887500 0.000001990461
14.912500 0.000002162406
14.937500 0.000001823623
14.962500 0.000001932797
14.987500 0.000001923759
15.012500 0.000001492121
15.037500 0.000003453626
15.062500 0.000003895588
15.087500 0.000006264273
15.112500 0.000005198895
15.137500 0.000010856346
15.162500 0.000010371546
15.187500 0.000007828220
15.212500 0.000006679704
15.237500 0.000006172402
15.262500 0.000003689761
15.287500 0.000003035330
15.312500 0.000002289378
15.337500 0.000001340644
15.362500 0.000002874897
15.387500 0.000001902756
15.412500 0.000003300007
15.437500 0.000001095459
15.462500 0.000006516913
15.487500 0.000002530046
15.512500 0.000011871167
15.537500 0.000002289140
15.562500 0.000009368500
15.587500 0.000007647319
15.612500 0.000003675844
15.637500 0.000004497925
15.662500 0.000003299286
15.687500 0.000003341016
15.712500 0.000002505031
15.737500 0.000001276058
15.762500 0.000001661315
15.787500 0.000001212560
15.812500 0.000002243233
15.837500 0.000002379103
15.862500 0.000004476419
15.887500 0.000003982111
15.912500 0.000003640562
15.937500 0.000007471122
15.962500 0.000003231420
15.987500 0.000002503225
16.012500 0.000002959554
16.037500 0.000001858470
16.062500 0.000001300558
16.087500 0.000001342477
16.112500 0.000000959697
16.137500 0.000001193548
16.162500 0.000001377754
16.187500 0.000001234321
16.212500 0.000001769620
16.237500 0.000001089351
16.262500 0.000001577769
16.287500 0.000001277620
16.312500 0.000001018146
16.337500 0.000001187555
16.362500 0.000000967321
16.387500 0.000001037225
16.412500 0.000001464178
16.437500 0.000001105179
16.462500 0.000001428897
16.487500 0.000001154106
16.512500 0.000001624335
16.537500 0.000000967688
16.562500 0.000001068851
16.587500 0.000001297324
16.612500 0.000000849369
16.637500 0.000000797739
16.662500 0.000001171705
16.687500 0.000000903170
16.712500 0.000000966026
16.737500 0.000000993312
16.762500 0.000000943311
16.787500 0.000001266368
16.812500 0.000001197612
16.837500 0.000001296752
16.862500 0.000001501887
16.887500 0.000001962997
16.912500 0.000001383985
16.937500 0.000001621029
16.962500 0.000001421814
16.987500 0.000001393571
17.012500 0.000001048613
17.037500 0.000001103797
17.062500 0.000001275248
17.087500 0.000001271183
17.112500 0.000001756112
17.137500 0.000001500112
17.162500 0.000002578120
17.187500 0.000001594247
17.212500 0.000002271220
17.237500 0.000001301644
17.262500 0.000001748116
17.287500 0.000000962388
17.312500 0.000001084409
17.337500 0.000000868281
17.362500 0.000001166091
17.387500 0.000000832637
17.412500 0.000000792835
17.437500 0.000000921489
17.462500 0.000001183666
17.487500 0.000000873780
17.512500 0.000001307786
17.537500 0.000000939570
17.562500 0.000000821069
17.587500 0.000001041498
17.612500 0.000000573815
17.637500 0.000000859866
17.662500 0.000000706957
17.687500 0.000000789033
17.712500 0.000000870620
17.737500 0.000001135789
17.762500 0.000000920671
17.787500 0.000001064824
17.812500 0.000000967255
17.837500 0.000001029561
17.862500 0.000001210446
17.887500 0.000000752328
17.912500 0.000000987110
17.937500 0.000001031850
17.962500 0.000001155129
17.987500 0.000001525071
18.012500 0.000001333762
18.037500 0.000001300270
18.062500 0.000001359277
18.087500 0.000002644886
18.112500 0.000000729523
18.137500 0.000005360869
18.162500 0.000005135760
18.187500 0.000002379598
18.212500 0.000011573456
18.237500 0.000006612299
18.262500 0.000005482828
18.287500 0.000000937209
18.312500 0.000002580765
18.337500 0.000001742338
18.362500 0.000001555674
18.387500 0.000001043810
18.412500 0.000002294020
18.437500 0.000001758387
18.462500 0.000001419240
18.487500 0.000001765456
18.512500 0.000002463003
18.537500 0.000001584784
18.562500 0.000002053257
18.587500 0.000001658205
18.612500 0.000001165299
18.637500 0.000001493882
18.662500 0.000001041162
18.687500 0.000001752918
18.712500 0.000000886733
18.737500 0.000001198809
18.762500 0.000001482500
18.787500 0.000002155909
18.812500 0.000001237749
18.837500 0.000001253593
18.862500 0.000001492337
18.887500 0.000000791715
18.912500 0.000000854847
18.937500 0.000000785928
18.962500 0.000000915092
18.987500 0.000000924028
19.012500 0.000000813553
19.037500 0.000001478526
19.062500 0.000000835696
19.087500 0.000001207743
19.112500 0.000001248149
19.137500 0.000001136073
19.162500 0.000001576736
19.187500 0.000001234959
19.212500 0.000001512290
19.237500 0.000001394722
19.262500 0.000001282009
19.287500 0.000001667845
19.312500 0.000001836662
19.337500 0.000001728771
19.362500 0.000001940432
19.387500 0.000002965123
19.412500 0.000001640583
19.437500 0.000003366407
19.462500 0.000004532586
19.487500 0.000003500563
19.512500 0.000004768501
19.537500 0.000007812119
19.562500 0.000006253383
19.587500 0.000003014000
19.612500 0.000001796810
19.637500 0.000002657433
19.662500 0.000001530264
19.687500 0.000001255473
19.712500 0.000000987609
19.737500 0.000001528126
19.762500 0.000001284792
19.787500 0.000001387295
19.812500 0.000001053487
19.837500 0.000001372015
19.862500 0.000001248231
19.887500 0.000001231928
19.912500 0.000000963686
19.937500 0.000001069235
19.962500 0.000001124153
19.987500 0.000001238699
20.012500 0.000001185052
20.037500 0.000001250550
20.062500 0.000001054012
20.087500 0.000001207185
20.112500 0.000000891773
20.137500 0.000001122352
20.162500 0.000000804855
20.187500 0.000001172272
20.212500 0.000000898072
20.237500 0.000001132235
20.262500 0.000001148667
20.287500 0.000001337324
20.312500 0.000001044689
20.337500 0.000001312904
20.362500 0.000001020345
20.387500 0.000001021280
20.412500 0.000001216607
20.437500 0.000001024768
20.462500 0.000001034856
20.487500 0.000001159608
20.512500 0.000001068596
20.537500 0.000001002772
20.562500 0.000001090737
20.587500 0.000000836271
20.612500 0.000001135832
20.637500 0.000001040039
20.662500 0.000001275179
20.687500 0.000001057173
20.712500 0.000001358978
20.737500 0.000000964167
20.762500 0.000001184366
20.787500 0.000001439633
20.812500 0.000001449206
20.837500 0.000001405791
20.862500 0.000001721798
20.887500 0.000001259468
20.912500 0.000001556064
20.937500 0.000001051408
20.962500 0.000000936325
20.987500 0.000000883423
21.012500 0.000001057329
21.037500 0.000000833377
21.062500 0.000000918710
21.087500 0.000001062552
21.112500 0.000001118100
21.137500 0.000000922878
21.162500 0.000001501255
21.187500 0.000001007378
21.212500 0.000001151928
21.237500 0.000001162416
21.262500 0.000001051014
21.287500 0.000000948021
21.312500 0.000000925007
21.337500 0.000001009038
21.362500 0.000000759511
21.387500 0.000000830831
21.412500 0.000000820497
21.437500 0.000000912141
21.462500 0.000001011205
21.487500 0.000000842825
21.512500 0.000001559660
21.537500 0.000002073152
21.562500 0.000002199765
21.587500 0.000001447919
21.612500 0.000004345425
21.637500 0.000001523799
21.662500 0.000002225963
21.687500 0.000005464934
21.712500 0.000000877284
21.737500 0.000007247140
21.762500 0.000001416172
21.787500 0.000005658162
21.812500 0.000002714487
21.837500 0.000003771675
21.862500 0.000004996698
21.887500 0.000003478847
21.912500 0.000005906479
21.937500 0.000003747783
21.962500 0.000006077222
21.987500 0.000007970595
22.012500 0.000003991912
22.037500 0.000003766998
22.062500 0.000004430043
22.087500 0.000002061163
22.112500 0.000002031415
22.137500 0.000001577414
22.162500 0.000001001342
22.187500 0.000001126674
22.212500 0.000001366467
22.237500 0.000001077897
22.262500 0.000001132192
22.287500 0.000001184870
22.312500 0.000001090376
22.337500 0.000001162197
22.362500 0.000001428737
22.387500 0.000002134485
22.412500 0.000001487501
22.437500 0.000003803481
22.462500 0.000003561746
22.487500 0.000003446609
22.512500 0.000006651482
22.537500 0.000004540600
22.562500 0.000004563788
22.587500 0.000003110450
22.612500 0.000002633777
22.637500 0.000002656905
22.662500 0.000003338635
22.687500 0.000001390207
22.712500 0.000004120729
22.737500 0.000004262260
22.762500 0.000003482961
22.787500 0.000001693601
22.812500 0.000003581688
22.837500 0.000003133785
22.862500 0.000003091334
22.887500 0.000002573584
22.912500 0.000002477350
22.937500 0.000002202425
22.962500 0.000001279538
22.987500 0.000001897702
23.012500 0.000001226896
23.037500 0.000001034281
23.062500 0.000001387104
23.087500 0.000001158874
23.112500 0.000000894519
23.137500 0.000000811544
23.162500 0.000000911101
23.187500 0.000000654730
23.212500 0.000000748736
23.237500 0.000000970754
23.262500 0.000000967769
23.287500 0.000001321896
23.312500 0.000001030318
23.337500 0.000003068378
23.362500 0.000001224956
23.387500 0.000003738774
23.412500 0.000001775788
23.437500 0.000001181663
23.462500 0.000003083692
23.487500 0.000001156572
23.512500 0.000001931337
23.537500 0.000001337255
23.562500 0.000003219456
23.587500 0.000001875850
23.612500 0.000004011725
23.637500 0.000002490175
23.662500 0.000001804371
23.687500 0.000002952617
23.712500 0.000001563836
23.737500 0.000001646502
23.762500 0.000001015173
23.787500 0.000001009443
23.812500 0.000000886092
23.837500 0.000000961639
23.862500 0.000000734741
23.887500 0.000001034907
23.912500 0.000001034145
23.937500 0.000001026883
23.962500 0.000000996963
23.987500 0.000001103837
24.012500 0.000001195981
24.037500 0.000000929440
24.062500 0.000001698390
24.087500 0.000001058479
24.112500 0.000001368108
24.137500 0.000001013642
24.162500 0.000001052275
24.187500 0.000001136872
24.212500 0.000001250422
24.237500 0.000001349205
24.262500 0.000001193797
24.287500 0.000001634159
24.312500 0.000000865484
24.337500 0.000001709284
24.362500 0.000001269685
24.387500 0.000001191152
24.412500 0.000000997883
24.437500 0.000000623120
24.462500 0.000000819445
24.487500 0.000000544820
24.512500 0.000000754672
24.537500 0.000001317040
24.562500 0.000001504517
24.587500 0.000000915573
24.612500 0.000000960967
24.637500 0.000000920869
24.662500 0.000000938030
24.687500 0.000001112356
24.712500 0.000003351204
24.737500 0.000000957603
24.762500 0.000000939335
24.787500 0.000001016265
24.812500 0.000000923837
24.837500 0.000000818496
24.862500 0.000001014257
24.887500 0.000008938216
24.912500 0.000001487438
24.937500 0.000003250496
24.962500 0.000004458612
24.987500 0.000001162340
25.012500 0.000006930249
25.037500 0.000045626102
25.062500 0.000024478240
25.087500 0.000002374942
25.112500 0.000002661205
25.137500 0.000001279887
25.162500 0.000001152094
25.187500 0.000001356034
25.212500 0.000001563500
25.237500 0.000002215953
25.262500 0.000002307465
25.287500 0.000002239016
25.312500 0.000003852791
25.337500 0.000003441401
25.362500 0.000002416369
25.387500 0.000004592826
25.412500 0.000004680952
25.437500 0.000006958796
25.462500 0.000001648464
25.487500 0.000004276239
25.512500 0.000003994079
25.537500 0.000001510747
25.562500 0.000003253849
25.587500 0.000001990390
25.612500 0.000004234695
25.637500 0.000004783754
25.662500 0.000002695987
25.687500 0.000004159617
25.712500 0.000002474772
25.737500 0.000002507012
25.762500 0.000001656337
25.787500 0.000001642022
25.812500 0.000001571508
25.837500 0.000001724302
25.862500 0.000001787828
25.887500 0.000002248932
25.912500 0.000002557466
25.937500 0.000002488426
25.962500 0.000004365509
25.987500 0.000004452590
26.012500 0.000003070606
26.037500 0.000002752292
26.062500 0.000002872311
26.087500 0.000001854505
26.112500 0.000001294677
26.137500 0.000000908707
26.162500 0.000001212811
26.187500 0.000001344930
26.212500 0.000001355817
26.237500 0.000001754993
26.262500 0.000001442558
26.287500 0.000001746576
26.312500 0.000001608957
26.337500 0.000003653799
26.362500 0.000001964644
26.387500 0.000004442915
26.412500 0.000004995114
26.437500 0.000003722792
26.462500 0.000002895622
26.487500 0.000003467765
26.512500 0.000002078707
26.537500 0.000001803309
26.562500 0.000000851737
26.587500 0.000001253505
26.612500 0.000001212765
26.637500 0.000001127463
26.662500 0.000001018015
26.687500 0.000001158328
26.712500 0.000001070049
26.737500 0.000001638867
26.762500 0.000001079192
26.787500 0.000002544827
26.812500 0.000002241393
26.837500 0.000002070924
26.862500 0.000002741033
26.887500 0.000001934600
26.912500 0.000001728761
26.937500 0.000001874326
26.962500 0.000001231709
26.987500 0.000000970516
27.012500 0.000000939294
27.037500 0.000001183548
27.062500 0.000001204844
27.087500 0.000000984199
27.112500 0.000001087420
27.137500 0.000000925907
27.162500 0.000001068829
27.187500 0.000001060744
27.212500 0.000000821062
27.237500 0.000000848128
27.262500 0.000000818254
27.287500 0.000000603878
27.312500 0.000001466805
27.337500 0.000002785528
27.362500 0.000000690865
27.387500 0.000001927200
27.412500 0.000000883687
27.437500 0.000001068013
27.462500 0.000000971954
27.487500 0.000000890067
27.512500 0.000000763598
27.537500 0.000000864138
27.562500 0.000000666105
27.587500 0.000000849125
27.612500 0.000000756695
27.637500 0.000000779379
27.662500 0.000000944250
27.687500 0.000000885381
27.712500 0.000000784297
27.737500 0.000000698268
27.762500 0.000000699826
27.787500 0.000000885269
27.812500 0.000000815015
27.837500 0.000001174503
27.862500 0.000001238305
27.887500 0.000000971986
27.912500 0.000001236643
27.937500 0.000001268965
27.962500 0.000001165714
27.987500 0.000002390601
28.012500 0.000002063563
28.037500 0.000003691678
28.062500 0.000002983677
28.087500 0.000001329624
28.112500 0.000001831237
28.137500 0.000001761658
28.162500 0.000001555720
28.187500 0.000001030841
28.212500 0.000003201002
28.237500 0.000000983745
28.262500 0.000003808485
28.287500 0.000001376956
28.312500 0.000003514622
28.337500 0.000000745908
28.362500 0.000001951022
28.387500 0.000002156974
28.412500 0.000002054282
28.437500 0.000004183858
28.462500 0.000002442727
28.487500 0.000001634101
28.512500 0.000000922120
28.537500 0.000001466396
28.562500 0.000001078880
28.587500 0.000001758412
28.612500 0.000002162103
28.637500 0.000001874593
28.662500 0.000001011874
28.687500 0.000000851433
28.712500 0.000000562582
28.737500 0.000001857472
28.762500 0.000000591640
28.787500 0.000003023398
28.812500 0.000001467808
28.837500 0.000000664974
28.862500 0.000000705359
28.887500 0.000000797340
28.912500 0.000000581178
28.937500 0.000000780782
28.962500 0.000000708236
28.987500 0.000000677411
29.012500 0.000000642550
29.037500 0.000000635230
29.062500 0.000000687365
29.087500 0.000000974022
29.112500 0.000000804104
29.137500 0.000001131947
29.162500 0.000000825241
29.187500 0.000000718322
29.212500 0.000000763414
29.237500 0.000000822092
29.262500 0.000000698881
29.287500 0.000000808044
29.312500 0.000000891002
29.337500 0.000000893867
29.362500 0.000000939272
29.387500 0.000000780028
29.412500 0.000001116196
29.437500 0.000000976219
29.462500 0.000001305924
29.487500 0.000001615661
29.512500 0.000001732965
29.537500 0.000001398824
29.562500 0.000000950895
29.587500 0.000000717076
29.612500 0.000000687378
29.637500 0.000000613027
29.662500 0.000000666850
29.687500 0.000000643378
29.712500 0.000000773853
29.737500 0.000000680288
29.762500 0.000000779588
29.787500 0.000000745125
29.812500 0.000000889238
29.837500 0.000000751050
29.862500 0.000001048783
29.887500 0.000000704769
29.912500 0.000001108212
29.937500 0.000000698162
29.962500 0.000000744976
29.987500 0.000000661892
30.012500 0.000000738154
30.037500 0.000000655387
30.062500 0.000000715280
30.087500 0.000000604386
30.112500 0.000000620247
30.137500 0.000000580010
30.162500 0.000000813751
30.187500 0.000000700195
30.212500 0.000000900004
30.237500 0.000000680702
30.262500 0.000001173821
30.287500 0.000001026737
30.312500 0.000000984676
30.337500 0.000000746308
30.362500 0.000000833231
30.387500 0.000000686907
30.412500 0.000000906403
30.437500 0.000000671702
30.462500 0.000000981664
30.487500 0.000000660439
30.512500 0.000001002785
30.537500 0.000000925106
30.562500 0.000000865888
30.587500 0.000000900230
30.612500 0.000001005575
30.637500 0.000001153669
30.662500 0.000001399911
30.687500 0.000002067558
30.712500 0.000002830490
30.737500 0.000002641990
30.762500 0.000005288148
30.787500 0.000005847463
30.812500 0.000005577382
30.837500 0.000007828194
30.862500 0.000002710418
30.887500 0.000004182827
30.912500 0.000005166571
30.937500 0.000003978960
30.962500 0.000003209735
30.987500 0.000004200609
31.012500 0.000003635815
31.037500 0.000001616336
31.062500 0.000001825798
31.087500 0.000001032408
31.112500 0.000002928645
31.137500 0.000001946367
31.162500 0.000005275587
31.187500 0.000004534748
31.212500 0.000007174387
31.237500 0.000004599777
31.262500 0.000005174662
31.287500 0.000001735202
31.312500 0.000003231918
31.337500 0.000000972299
31.362500 0.000001558047
31.387500 0.000000968401
31.412500 0.000000764323
31.437500 0.000000782070
31.462500 0.000000931540
31.487500 0.000000718313
31.512500 0.000000771996
31.537500 0.000000814698
31.562500 0.000000713474
31.587500 0.000000791508
31.612500 0.000000688625
31.637500 0.000000679867
31.662500 0.000000537035
31.687500 0.000000686802
31.712500 0.000000614133
31.737500 0.000000668969
31.762500 0.000000748429
31.787500 0.000000932733
31.812500 0.000000733628
31.837500 0.000001233953
31.862500 0.000001005709
31.887500 0.000001214621
31.912500 0.000001021017
31.937500 0.000002100735
31.962500 0.000000853026
31.987500 0.000004373150
32.012500 0.000001515250
32.037500 0.000004668638
32.062500 0.000001378780
32.087500 0.000003010993
32.112500 0.000000934806
32.137500 0.000001344510
32.162500 0.000001000759
32.187500 0.000000702648
32.212500 0.000000728145
32.237500 0.000000766502
32.262500 0.000000912001
32.287500 0.000000458876
32.312500 0.000001017473
32.337500 0.000000374499
32.362500 0.000000662228
32.387500 0.000000569491
32.412500 0.000000618391
32.437500 0.000000340218
32.462500 0.000000776097
32.487500 0.000000408706
32.512500 0.000000832447
32.537500 0.000000398071
32.562500 0.000000752929
32.587500 0.000000473047
32.612500 0.000000552052
32.637500 0.000000487297
32.662500 0.000000590873
32.687500 0.000000498363
32.712500 0.000000800967
32.737500 0.000000778748
32.762500 0.000000860140
32.787500 0.000000745883
32.812500 0.000000913791
32.837500 0.000000588590
32.862500 0.000000617657
32.887500 0.000000554835
32.912500 0.000000665309
32.937500 0.000000607856
32.962500 0.000000544998
32.987500 0.000000676087
33.012500 0.000000824005
33.037500 0.000001334665
33.062500 0.000001234979
33.087500 0.000001765564
33.112500 0.000001707420
33.137500 0.000002482979
33.162500 0.000001033843
33.187500 0.000002872744
33.212500 0.000002073418
33.237500 0.000000476875
33.262500 0.000001188344
33.287500 0.000000650718
33.312500 0.000001256767
33.337500 0.000000498476
33.362500 0.000000822914
33.387500 0.000000385060
33.412500 0.000000647627
33.437500 0.000000461080
33.462500 0.000000740859
33.487500 0.000000424037
33.512500 0.000000974640
33.537500 0.000000497357
33.562501 0.000001042845
33.587501 0.000000575546
33.612501 0.000000872060
33.637501 0.000000506696
33.662501 0.000000436336
33.687501 0.000000373847
33.712501 0.000000417679
33.737501 0.000000316159
33.762501 0.000000412024
33.787501 0.000000358606
33.812501 0.000000368239
33.837501 0.000000474915
33.862501 0.000000325443
33.887501 0.000000391676
33.912501 0.000000381164
33.937501 0.000000461275
33.962501 0.000000603055
33.987501 0.000000682708
34.012501 0.000000884613
34.037501 0.000000575687
34.062501 0.000000624878
34.087501 0.000000663168
34.112501 0.000000540282
34.137501 0.000000362064
34.162501 0.000000684375
34.187501 0.000000855313
34.212501 0.000000464862
34.237501 0.000001817883
34.262501 0.000002188457
34.287501 0.000000766848
34.312501 0.000001578040
34.337501 0.000000351662
34.362501 0.000000517502
34.387501 0.000000493163
34.412501 0.000000454004
34.437501 0.000000647509
34.462501 0.000000449896
34.487501 0.000000581232
34.512501 0.000000589045
34.537501 0.000000491913
34.562501 0.000000559422
34.587501 0.000000341192
34.612501 0.000000624136
34.637501 0.000000439413
34.662501 0.000000525118
34.687501 0.000000609830
34.712501 0.000000588188
34.737501 0.000000796253
34.762501 0.000000918938
34.787501 0.000000431290
34.812501 0.000000971973
34.837501 0.000000857596
34.862501 0.000000839930
34.887501 0.000000476528
34.912501 0.000000576681
34.937501 0.000001289111
34.962501 0.000001242210
34.987501 0.000001001586
35.012501 0.000000357667
35.037501 0.000000338846
35.062501 0.000002389468
35.087501 0.000001397938
35.112501 0.000000538435
35.137501 0.000000537472
35.162501 0.000000743229
35.187501 0.000004717719
35.212501 0.000002295070
35.237501 0.000000873470
35.262501 0.000001134182
35.287501 0.000001361948
35.312501 0.000015560960
35.337501 0.000002001407
35.362501 0.000003175570
35.387501 0.000004014201
35.412501 0.000029650879
35.437501 0.000051423133
35.462501 0.000003544649
35.487501 0.000001967665
35.512501 0.000000922748
35.537501 0.000001039022
35.562501 0.000001912938
35.587501 0.000001390464
35.612501 0.000000780176
35.637501 0.000002437533
35.662501 0.000003400551
35.687501 0.000003530664
35.712501 0.000008690560
35.737501 0.000001635784
35.762501 0.000006310585
35.787501 0.000000304366
35.812501 0.000001689387
35.837501 0.000000402928
35.862501 0.000000858191
35.887501 0.000000252474
35.912501 0.000000440578
35.937501 0.000000438928
35.962501 0.000000482344
35.987501 0.000000529022
36.012501 0.000000531378
36.037501 0.000000347764
36.062501 0.000000809270
36.087501 0.000000176000
36.112501 0.000000519746
36.137501 0.000000250654
36.162501 0.000000379671
36.187501 0.000000379718
36.212501 0.000000208263
36.237501 0.000000831880
36.262501 0.000000366689
36.287501 0.000001037943
36.312501 0.000000448870
36.337501 0.000000465648
36.362501 0.000000305898
36.387501 0.000000290267
36.412501 0.000000285780
36.437501 0.000000372629
36.462501 0.000000267495
36.487501 0.000000286948
36.512501 0.000000270187
36.537501 0.000000226202
36.562501 0.000000293507
36.587501 0.000000357017
36.612501 0.000000366422
36.637501 0.000000523198
36.662501 0.000000500140
36.687501 0.000000650366
36.712501 0.000000191932
36.737501 0.000000300957
36.762501 0.000000262897
36.787501 0.000000432088
36.812501 0.000000225075
36.837501 0.000000326888
36.862501 0.000000376413
36.887501 0.000000303523
36.912501 0.000000187516
36.937501 0.000000323422
36.962501 0.000000574146
36.987501 0.000000525337
37.012501 0.000000203881
37.037501 0.000000377882
37.062501 0.000000944036
37.087501 0.000002195565
37.112501 0.000001111109
37.137501 0.000000168678
37.162501 0.000000400532
37.187501 0.000000206254
37.212501 0.000000295995
37.237501 0.000000302467
37.262501 0.000000201142
37.287501 0.000000448827
37.312501 0.000000432526
37.337501 0.000000199818
37.362501 0.000000236420
37.387501 0.000000191890
37.412501 0.000000247996
37.437501 0.000000277959
37.462501 0.000000171862
37.487501 0.000000136395
37.512501 0.000000235984
37.537501 0.000000358139
37.562501 0.000000402594
37.587501 0.000000209554
37.612501 0.000000558516
37.637501 0.000000393381
37.662501 0.000000264582
37.687501 0.000000410316
37.712501 0.000000256099
37.737501 0.000000414838
37.762501 0.000000240639
37.787501 0.000000353567
37.812501 0.000000333826
37.837501 0.000000797705
37.862501 0.000000163980
37.887501 0.000000521146
37.912501 0.000000257311
37.937501 0.000000510012
37.962501 0.000000192653
37.987501 0.000000156109
38.012501 0.000000400646
38.037501 0.000001001462
38.062501 0.000000364442
38.087501 0.000000095563
38.112501 0.000001481738
38.137501 0.000003086862
38.162501 0.000000145512
38.187501 0.000001180682
38.212501 0.000000111382
38.237501 0.000000251239
38.262501 0.000000083754
38.287501 0.000000193106
38.312501 0.000000159818
38.337501 0.000000105895
38.362501 0.000000125095
38.387501 0.000000153609
38.412501 0.000000252817
38.437501 0.000000138277
38.462501 0.000000216733
38.487501 0.000000215759
38.512501 0.000000220174
38.537501 0.000000233524
38.562501 0.000000339980
38.587501 0.000000590756
38.612501 0.000000436615
38.637501 0.000001089014
38.662501 0.000000331168
38.687501 0.000001178042
38.712501 0.000000167833
38.737501 0.000000522163
38.762501 0.000000401188
38.787501 0.000000242308
38.812501 0.000000297476
38.837501 0.000000240843
38.862501 0.000000186848
38.887501 0.000000099745
38.912501 0.000000184810
38.937501 0.000000108510
38.962501 0.000000064530
38.987501 0.000000121646
39.012501 0.000000061259
39.037501 0.000000115638
39.062501 0.000000097406
39.087501 0.000000089357
39.112501 0.000000128201
39.137501 0.000000073531
39.162501 0.000000132095
39.187501 0.000000147422
39.212501 0.000000074684
39.237501 0.000000157572
39.262501 0.000000049465
39.287501 0.000000139988
39.312501 0.000000085150
39.337501 0.000000261484
39.362501 0.000000096198
39.387501 0.000000080403
39.412501 0.000000288632
39.437501 0.000000536418
39.462501 0.000000171550
39.487501 0.000000292974
39.512501 0.000000287542
39.537501 0.000000143830
39.562501 0.000000166293
39.587501 0.000000178475
39.612501 0.000000110902
39.637501 0.000000208779
39.662501 0.000000065091
39.687501 0.000000138267
39.712501 0.000000085560
39.737501 0.000000096780
39.762501 0.000000074238
39.787501 0.000000089885
39.812501 0.000000137918
39.837501 0.000000100485
39.862501 0.000000078165
39.887501 0.000000244429
39.912501 0.000000203585
39.937501 0.000000169896
39.962501 0.000000067962
39.987501 0.000000292987
