0.000000 1.000000000000
0.087500 0.405204410296
0.112500 0.164233354465
0.137500 0.066582663910
0.162500 0.000000263589
0.187500 0.000000080416
0.212500 0.000000127625
0.237500 0.014984713685
0.262500 0.014618440681
0.287500 0.000000010193
0.312500 0.000000004827
0.337500 0.000338305964
0.362500 0.000164442348
0.387500 0.000000000324
0.412500 0.003709347570
0.437500 0.000137871386
0.462500 0.000133366749
0.487500 0.000186589841
0.512500 0.000000052941
0.537500 0.000004134638
0.562500 0.001651251570
0.587500 0.000401168499
0.612500 0.000109276214
0.637500 0.000020359663
0.662500 0.000002559119
0.687500 0.000006990174
0.712500 0.000020224753
0.737500 0.000563774690
0.762500 0.000015262753
0.787500 0.000031740871
0.812500 0.000005992313
0.837500 0.000012426548
0.862500 0.000000414476
0.887500 0.000176323458
0.912500 0.000105186553
0.937500 0.000022391674
0.962500 0.000000467241
0.987500 0.000018711710
1.012500 0.000001367088
1.037500 0.000001142845
1.062500 0.000192992014
1.087500 0.000012900687
1.112500 0.000000218918
1.137500 0.000011019731
1.162500 0.000007358016
1.187500 0.000000288118
1.212500 0.000051603384
1.237500 0.000029280113
1.262500 0.000002207599
1.287500 0.000002792716
1.312500 0.000001350250
1.337500 0.000000588976
1.362500 0.000000476312
1.387500 0.000042668740
1.412500 0.000002869082
1.437500 0.000001113875
1.462500 0.000000363927
1.487500 0.000000576548
1.512500 0.000000547883
1.537500 0.000021115186
1.562500 0.000009546701
1.587500 0.000001111788
1.612500 0.000000477619
1.637500 0.000000336744
1.662500 0.000000266969
1.687500 0.000000026963
1.712500 0.000013193067
1.737500 0.000001064737
1.762500 0.000000326526
1.787500 0.000005156762
1.812500 0.000000551198
1.837500 0.000000174635
1.862500 0.000022138379
1.887500 0.000004774187
1.912500 0.000000677647
1.937500 0.000000184188
1.962500 0.000000368721
1.987500 0.000000036670
2.012500 0.000000237944
2.037500 0.000010673913
2.062500 0.000000567561
2.087500 0.000000152695
2.112500 0.000000346800
2.137500 0.000009278765
2.162500 0.000000359901
2.187500 0.000008070571
2.212500 0.000011915509
2.237500 0.000000979887
2.262500 0.000000413908
2.287500 0.000000333488
2.312500 0.000000110209
2.337500 0.000000120622
2.362500 0.000004779904
2.387500 0.000004641758
2.412500 0.000000119711
2.437500 0.000000219650
2.462500 0.000000414999
2.487500 0.000000043614
2.512500 0.000003831943
2.537500 0.000002278667
2.562500 0.000000268585
2.587500 0.000000091866
2.612500 0.000000198148
2.637500 0.000000055917
2.662500 0.000000046309
2.687500 0.000003056927
2.712500 0.000001735043
2.737500 0.000000116594
2.762500 0.000000066862
2.787500 0.000000330871
2.812500 0.000000044735
2.837500 0.000002267402
2.862500 0.000001032967
2.887500 0.000000148843
2.912500 0.000000059342
2.937500 0.000000052014
2.962500 0.000000178992
2.987500 0.000000031154
3.012500 0.000001790164
3.037500 0.000000787157
3.062500 0.000000062850
3.087500 0.000000065008
3.112500 0.000001926724
3.137500 0.000000111875
3.162500 0.000001787036
3.187500 0.000006496461
3.212500 0.000000596730
3.237500 0.000000118754
3.262500 0.000000174054
3.287500 0.000001689210
3.312500 0.000000128359
3.337500 0.000001228481
3.362500 0.000000652558
3.387500 0.000000100318
3.412500 0.000000141293
3.437500 0.000000344243
3.462500 0.000000163772
3.487500 0.000000769700
3.512500 0.000000102999
3.537500 0.000000120693
3.562500 0.000000056015
3.587500 0.000001736725
3.612500 0.000000217845
3.637500 0.000000041675
3.662500 0.000003339002
3.687500 0.000000448117
3.712500 0.000000087723
3.737500 0.000000114181
3.762500 0.000000158818
3.787500 0.000000028395
3.812500 0.000001382924
3.837500 0.000000181041
3.862500 0.000000080499
3.887500 0.000000027385
3.912500 0.000000146180
3.937500 0.000000146194
3.962500 0.000000172144
3.987500 0.000001417166
4.012500 0.000000486194
4.037500 0.000000080537
4.062500 0.000000295906
4.087500 0.000000098802
4.112500 0.000000180726
4.137500 0.000000601265
4.162500 0.000000433609
4.187500 0.000000594829
4.212500 0.000000482115
4.237500 0.000000147419
4.262500 0.000002481009
4.287500 0.000000233150
4.312500 0.000000930027
4.337500 0.000001636705
4.362500 0.000000208188
4.387500 0.000000134710
4.412500 0.000000045601
4.437500 0.000000103903
4.462500 0.000000933245
4.487500 0.000000175564
4.512500 0.000000659314
4.537500 0.000000255233
4.562500 0.000000054918
4.587500 0.000000417195
4.612500 0.000000114495
4.637500 0.000003594732
4.662500 0.000000481403
4.687500 0.000000084552
4.712500 0.000005037928
4.737500 0.000000161824
4.762500 0.000000159344
4.787500 0.000001305372
4.812500 0.000000136476
4.837500 0.000000716586
4.862500 0.000000059209
4.887500 0.000000478203
4.912500 0.000000255901
4.937500 0.000000106485
4.962500 0.000000338782
4.987500 0.000000128740
5.012500 0.000000236134
5.037500 0.000000109536
5.062500 0.000000071054
5.087500 0.000000098194
5.112500 0.000000159440
5.137500 0.000000062103
5.162500 0.000000093532
5.187500 0.000000030042
5.212500 0.000000122697
5.237500 0.000000670194
5.262500 0.000000198885
5.287500 0.000000388632
5.312500 0.000000084579
5.337500 0.000002208131
5.362500 0.000000519624
5.387500 0.000000168932
5.412500 0.000000645838
5.437500 0.000000325555
5.462500 0.000000215739
5.487500 0.000000231098
5.512500 0.000000110225
5.537500 0.000000287055
5.562500 0.000000252062
5.587500 0.000000155675
5.612500 0.000000242357
5.637500 0.000000063734
5.662500 0.000000240397
5.687500 0.000000148118
5.712500 0.000000091910
5.737500 0.000000185235
5.762500 0.000000589232
5.787500 0.000000172176
5.812500 0.000000131207
5.837500 0.000000051288
5.862500 0.000000420220
5.887500 0.000000090631
5.912500 0.000000061043
5.937500 0.000000184209
5.962500 0.000000127502
5.987500 0.000000323280
6.012500 0.000000082162
6.037500 0.000000111306
6.062500 0.000000221566
6.087500 0.000000081196
6.112500 0.000000055320
6.137500 0.000000165338
6.162500 0.000000097119
6.187500 0.000000238801
6.212500 0.000000136158
6.237500 0.000000161991
6.262500 0.000000549137
6.287500 0.000000195379
6.312500 0.000000551152
6.337500 0.000000369802
6.362500 0.000000085837
6.387500 0.000001116527
6.412500 0.000000220456
6.437500 0.000000092275
6.462500 0.000000165655
6.487500 0.000000868514
6.512500 0.000000179247
6.537500 0.000000142815
6.562500 0.000000565225
6.587500 0.000000300311
6.612500 0.000000096509
6.637500 0.000000602010
6.662500 0.000000413950
6.687500 0.000000345288
6.712500 0.000000737419
6.737500 0.000000892069
6.762500 0.000000347089
6.787500 0.000000273205
6.812500 0.000000837379
6.837500 0.000001503518
6.862500 0.000000635656
6.887500 0.000001017443
6.912500 0.000002823178
6.937500 0.000001405399
6.962500 0.000000709533
6.987500 0.000001600503
7.012500 0.000000916127
7.037500 0.000000669400
7.062500 0.000000602401
7.087500 0.000000375984
7.112500 0.000000276270
7.137500 0.000000642944
7.162500 0.000000336524
7.187500 0.000000143416
7.212500 0.000000493443
7.237500 0.000000802227
7.262500 0.000000189116
7.287500 0.000000929629
7.312500 0.000001672842
7.337500 0.000000178593
7.362500 0.000000826897
7.387500 0.000001120802
7.412500 0.000000174932
7.437500 0.000000326353
7.462500 0.000001160050
7.487500 0.000000171463
7.512500 0.000000201927
7.537500 0.000000462879
7.562500 0.000000394734
7.587500 0.000000177059
7.612500 0.000000252838
7.637500 0.000000470443
7.662500 0.000000281397
7.687500 0.000000237699
7.712500 0.000000733661
7.737500 0.000000213184
7.762500 0.000000370134
7.787500 0.000000865240
7.812500 0.000000355414
7.837500 0.000000315606
7.862500 0.000000454984
7.887500 0.000000704289
7.912500 0.000000250918
7.937500 0.000000922748
7.962500 0.000000298747
7.987500 0.000000730880
8.012500 0.000000671898
8.037500 0.000000503510
8.062500 0.000000575763
8.087500 0.000000965200
8.112500 0.000000713142
8.137500 0.000000311129
8.162500 0.000000492456
8.187500 0.000000521576
8.212500 0.000000431291
8.237500 0.000000260849
8.262500 0.000000650529
8.287500 0.000000451829
8.312500 0.000000477539
8.337500 0.000000410942
8.362500 0.000000334960
8.387500 0.000000357728
8.412500 0.000000412262
8.437500 0.000000436321
8.462500 0.000000270459
8.487500 0.000000321652
8.512500 0.000000603361
8.537500 0.000000766443
8.562500 0.000000239459
8.587500 0.000000431198
8.612500 0.000000692469
8.637500 0.000000313985
8.662500 0.000000240461
8.687500 0.000000292040
8.712500 0.000000234902
8.737500 0.000000220630
8.762500 0.000000552629
8.787500 0.000000253726
8.812500 0.000000475852
8.837500 0.000000552679
8.862500 0.000001167346
8.887500 0.000000484220
8.912500 0.000000818539
8.937500 0.000000710737
8.962500 0.000000251313
8.987500 0.000000327334
9.012500 0.000000244856
9.037500 0.000000262626
9.062500 0.000000229289
9.087500 0.000000257295
9.112500 0.000000207100
9.137500 0.000000388476
9.162500 0.000000218007
9.187500 0.000000457385
9.212500 0.000000292510
9.237500 0.000000232904
9.262500 0.000000511175
9.287500 0.000000386199
9.312500 0.000000260734
9.337500 0.000000379976
9.362500 0.000001604605
9.387500 0.000000352944
9.412500 0.000000713986
9.437500 0.000002751804
9.462500 0.000000673537
9.487500 0.000000640375
9.512500 0.000001203599
9.537500 0.000000608894
9.562500 0.000000933441
9.587500 0.000000928225
9.612500 0.000001268467
9.637500 0.000000289937
9.662500 0.000001228240
9.687500 0.000000418707
9.712500 0.000000341641
9.737500 0.000000544039
9.762500 0.000000403096
9.787500 0.000000443804
9.812500 0.000000331985
9.837500 0.000001067058
9.862500 0.000000401147
9.887500 0.000000275235
9.912500 0.000001448039
9.937500 0.000000399274
9.962500 0.000000555443
9.987500 0.000000803193
10.012500 0.000000597760
10.037500 0.000000611491
10.062500 0.000000512393
10.087500 0.000000684509
10.112500 0.000000486485
10.137500 0.000000607115
10.162500 0.000000410901
10.187500 0.000000743548
10.212500 0.000000870214
10.237500 0.000000699294
10.262500 0.000001126253
10.287500 0.000001317353
10.312500 0.000001191370
10.337500 0.000000951106
10.362500 0.000001071176
10.387500 0.000000833427
10.412500 0.000000814607
10.437500 0.000000659645
10.462500 0.000000563465
10.487500 0.000000689802
10.512500 0.000000437031
10.537500 0.000000385536
10.562500 0.000000588350
10.587500 0.000000432636
10.612500 0.000000419521
10.637500 0.000000324827
10.662500 0.000000637091
10.687500 0.000000358345
10.712500 0.000000687887
10.737500 0.000001024920
10.762500 0.000000974754
10.787500 0.000000459655
10.812500 0.000001044354
10.837500 0.000000893811
10.862500 0.000000771921
10.887500 0.000000555061
10.912500 0.000001305113
10.937500 0.000000654217
10.962500 0.000000322629
10.987500 0.000003323051
11.012500 0.000000543978
11.037500 0.000000844079
11.062500 0.000002798735
11.087500 0.000000771110
11.112500 0.000001254457
11.137500 0.000002555013
11.162500 0.000001150851
11.187500 0.000000760148
11.212500 0.000001453304
11.237500 0.000000787754
11.262500 0.000000492496
11.287500 0.000000439795
11.312500 0.000000633796
11.337500 0.000000378189
11.362500 0.000000504184
11.387500 0.000001099399
11.412500 0.000000480836
11.437500 0.000001026221
11.462500 0.000000919792
11.487500 0.000001427690
11.512500 0.000000847652
11.537500 0.000001369968
11.562500 0.000000778922
11.587500 0.000000645593
11.612500 0.000000745596
11.637500 0.000000671452
11.662500 0.000000783266
11.687500 0.000001122044
11.712500 0.000001250762
11.737500 0.000000819593
11.762500 0.000001076050
11.787500 0.000000855593
11.812500 0.000001570814
11.837500 0.000000612049
11.862500 0.000000917906
11.887500 0.000000780436
11.912500 0.000000674178
11.937500 0.000000688065
11.962500 0.000007031691
11.987500 0.000000810542
12.012500 0.000000498186
12.037500 0.000015363122
12.062500 0.000002188668
12.087500 0.000000718528
12.112500 0.000000536212
12.137500 0.000007770073
12.162500 0.000001249250
12.187500 0.000001578058
12.212500 0.000001250274
12.237500 0.000001167537
12.262500 0.000000976924
12.287500 0.000002022058
12.312500 0.000001558433
12.337500 0.000001275144
12.362500 0.000000945600
12.387500 0.000000882748
12.412500 0.000001411847
12.437500 0.000004122215
12.462500 0.000009620493
12.487500 0.000005740768
12.512500 0.000008948076
12.537500 0.000023626355
12.562500 0.000009731246
12.587500 0.000002254217
12.612500 0.000013751807
12.637500 0.000005095788
12.662500 0.000001194924
12.687500 0.000001311952
12.712500 0.000002504792
12.737500 0.000000850588
12.762500 0.000002423066
12.787500 0.000002281029
12.812500 0.000002049762
12.837500 0.000001670587
12.862500 0.000002160599
12.887500 0.000001998912
12.912500 0.000002219460
12.937500 0.000001908244
12.962500 0.000002077421
12.987500 0.000001202293
13.012500 0.000001336243
13.037500 0.000007047676
13.062500 0.000000979200
13.087500 0.000001297673
13.112500 0.000014896504
13.137500 0.000001497471
13.162500 0.000003589646
13.187500 0.000007093708
13.212500 0.000002191765
13.237500 0.000001681988
13.262500 0.000002173868
13.287500 0.000002688374
13.312500 0.000004476405
13.337500 0.000009741450
13.362500 0.000006516835
13.387500 0.000009710419
13.412500 0.000020066075
13.437500 0.000010143098
13.462500 0.000005158263
13.487500 0.000009061636
13.512500 0.000005226690
13.537500 0.000001266443
13.562500 0.000001776517
13.587500 0.000003172011
13.612500 0.000004572476
13.637500 0.000003302489
13.662500 0.000007340356
13.687500 0.000011967205
13.712500 0.000001971390
13.737500 0.000014105584
13.762500 0.000005571583
13.787500 0.000013352448
13.812500 0.000004196917
13.837500 0.000001820396
13.862500 0.000008802884
13.887500 0.000002522853
13.912500 0.000004085952
13.937500 0.000002609264
13.962500 0.000004179371
13.987500 0.000003242002
14.012500 0.000005830818
14.037500 0.000007378386
14.062500 0.000013015303
14.087500 0.000010472691
14.112500 0.000012137626
14.137500 0.000013130633
14.162500 0.000017284959
14.187500 0.000009949193
14.212500 0.000010039782
14.237500 0.000003955925
14.262500 0.000005468880
14.287500 0.000003516236
14.312500 0.000001756901
14.337500 0.000002565159
14.362500 0.000001950856
14.387500 0.000002275491
14.412500 0.000002046758
14.437500 0.000002252525
14.462500 0.000002392915
14.487500 0.000002155302
14.512500 0.000002795842
14.537500 0.000003625308
14.562500 0.000005235535
14.587500 0.000001943361
14.612500 0.000006334076
14.637500 0.000008864226
14.662500 0.000001833068
14.687500 0.000006647267
14.712500 0.000004542458
14.737500 0.000003604811
14.762500 0.000003085856
14.787500 0.000002002418
14.812500 0.000005948571
14.837500 0.000005231632
14.862500 0.000009680527
14.887500 0.000008719847
14.912500 0.000011330002
14.937500 0.000017035630
14.962500 0.000008226564
14.987500 0.000015731586
15.012500 0.000006483348
15.037500 0.000005849348
15.062500 0.000005663212
15.087500 0.000002956976
15.112500 0.000004180702
15.137500 0.000001900488
15.162500 0.000003902822
15.187500 0.000003707268
15.212500 0.000001886685
15.237500 0.000007229467
15.262500 0.000002863653
15.287500 0.000007532089
15.312500 0.000003535149
15.337500 0.000004723542
15.362500 0.000002780129
15.387500 0.000002307254
15.412500 0.000001684300
15.437500 0.000001964077
15.462500 0.000001341837
15.487500 0.000001787523
15.512500 0.000001082908
15.537500 0.000001472773
15.562500 0.000001850527
15.587500 0.000000961329
15.612500 0.000002227449
15.637500 0.000001757539
15.662500 0.000001038958
15.687500 0.000002163744
15.712500 0.000001900461
15.737500 0.000001402352
15.762500 0.000001588530
15.787500 0.000001729817
15.812500 0.000001485745
15.837500 0.000001921994
15.862500 0.000001834920
15.887500 0.000001659838
15.912500 0.000002200697
15.937500 0.000001247611
15.962500 0.000001913092
15.987500 0.000001856357
16.012500 0.000001899914
16.037500 0.000000977811
16.062500 0.000001479785
16.087500 0.000001320637
16.112500 0.000001093941
16.137500 0.000000962639
16.162500 0.000001134044
16.187500 0.000001132678
16.212500 0.000001603733
16.237500 0.000001129667
16.262500 0.000001649701
16.287500 0.000001239807
16.312500 0.000001508341
16.337500 0.000001223162
16.362500 0.000000943727
16.387500 0.000000964037
16.412500 0.000000953128
16.437500 0.000000703476
16.462500 0.000000859304
16.487500 0.000000886198
16.512500 0.000001421540
16.537500 0.000000941625
16.562500 0.000001227677
16.587500 0.000001455036
16.612500 0.000001594630
16.637500 0.000001054975
16.662500 0.000001805333
16.687500 0.000001235177
16.712500 0.000001274244
16.737500 0.000001209936
16.762500 0.000000908789
16.787500 0.000001078224
16.812500 0.000000937461
16.837500 0.000001140409
16.862500 0.000001084192
16.887500 0.000001123897
16.912500 0.000001317720
16.937500 0.000001399915
16.962500 0.000001045563
16.987500 0.000001505381
17.012500 0.000001326696
17.037500 0.000001012692
17.062500 0.000001237363
17.087500 0.000001072768
17.112500 0.000000927651
17.137500 0.000000964561
17.162500 0.000000824480
17.187500 0.000000849787
17.212500 0.000000994953
17.237500 0.000000828939
17.262500 0.000000684592
17.287500 0.000000696581
17.312500 0.000000897750
17.337500 0.000000686472
17.362500 0.000000542706
17.387500 0.000000805797
17.412500 0.000000699345
17.437500 0.000000665041
17.462500 0.000001061593
17.487500 0.000000828713
17.512500 0.000001062241
17.537500 0.000001114441
17.562500 0.000000902017
17.587500 0.000001167102
17.612500 0.000000763878
17.637500 0.000000800714
17.662500 0.000000724807
17.687500 0.000000707664
17.712500 0.000000905751
17.737500 0.000001116276
17.762500 0.000001344496
17.787500 0.000001171325
17.812500 0.000002027645
17.837500 0.000001534031
17.862500 0.000002636967
17.887500 0.000001234271
17.912500 0.000001840556
17.937500 0.000001114962
17.962500 0.000001238756
17.987500 0.000001335854
18.012500 0.000001049584
18.037500 0.000000889660
18.062500 0.000001089626
18.087500 0.000002255150
18.112500 0.000000709353
18.137500 0.000004843894
18.162500 0.000004775154
18.187500 0.000002334252
18.212500 0.000010982015
18.237500 0.000006276101
18.262500 0.000005204339
18.287500 0.000000876135
18.312500 0.000002369936
18.337500 0.000001467082
18.362500 0.000001156313
18.387500 0.000000895523
18.412500 0.000001779684
18.437500 0.000001425305
18.462500 0.000001027409
18.487500 0.000001587489
18.512500 0.000002098208
18.537500 0.000001302615
18.562500 0.000001950347
18.587500 0.000002503068
18.612500 0.000001122135
18.637500 0.000001901228
18.662500 0.000001199235
18.687500 0.000001826493
18.712500 0.000000876151
18.737500 0.000000986102
18.762500 0.000001562727
18.787500 0.000000874638
18.812500 0.000001085496
18.837500 0.000000905500
18.862500 0.000001036909
18.887500 0.000000984742
18.912500 0.000000908644
18.937500 0.000001017382
18.962500 0.000001237023
18.987500 0.000001222377
19.012500 0.000001190900
19.037500 0.000001627048
19.062500 0.000001114736
19.087500 0.000001550275
19.112500 0.000001297495
19.137500 0.000001355333
19.162500 0.000001625380
19.187500 0.000001372763
19.212500 0.000001629843
19.237500 0.000002139900
19.262500 0.000002367391
19.287500 0.000004216570
19.312500 0.000005565160
19.337500 0.000007398170
19.362500 0.000002857474
19.387500 0.000005357142
19.412500 0.000003728860
19.437500 0.000002064323
19.462500 0.000001994596
19.487500 0.000001046984
19.512500 0.000001174191
19.537500 0.000001190881
19.562500 0.000001256660
19.587500 0.000000989810
19.612500 0.000001137496
19.637500 0.000001375209
19.662500 0.000001159767
19.687500 0.000001105895
19.712500 0.000001224409
19.737500 0.000001570240
19.762500 0.000001151945
19.787500 0.000001653301
19.812500 0.000001383145
19.837500 0.000001444947
19.862500 0.000001269193
19.887500 0.000001062586
19.912500 0.000000996380
19.937500 0.000000978033
19.962500 0.000000748146
19.987500 0.000000740949
20.012500 0.000000768630
20.037500 0.000000662764
20.062500 0.000000812133
20.087500 0.000000883803
20.112500 0.000000677990
20.137500 0.000001206797
20.162500 0.000000959469
20.187500 0.000000969935
20.212500 0.000000844926
20.237500 0.000001147184
20.262500 0.000000859989
20.287500 0.000000965521
20.312500 0.000000909208
20.337500 0.000001064273
20.362500 0.000000725355
20.387500 0.000000889441
20.412500 0.000001412157
20.437500 0.000000912216
20.462500 0.000001436825
20.487500 0.000001347629
20.512500 0.000001383152
20.537500 0.000000967127
20.562500 0.000001007161
20.587500 0.000001002923
20.612500 0.000000976253
20.637500 0.000000941622
20.662500 0.000001204309
20.687500 0.000000838426
20.712500 0.000001079617
20.737500 0.000000758397
20.762500 0.000000735394
20.787500 0.000000953943
20.812500 0.000000838811
20.837500 0.000001020738
20.862500 0.000001003164
20.887500 0.000000958163
20.912500 0.000000862076
20.937500 0.000000875828
20.962500 0.000000701051
20.987500 0.000000764310
21.012500 0.000000774915
21.037500 0.000000761317
21.062500 0.000000863980
21.087500 0.000000903449
21.112500 0.000000965253
21.137500 0.000000981988
21.162500 0.000001148782
21.187500 0.000001116764
21.212500 0.000001289091
21.237500 0.000001147128
21.262500 0.000001288366
21.287500 0.000001148901
21.312500 0.000001073177
21.337500 0.000001129532
21.362500 0.000001007205
21.387500 0.000001299208
21.412500 0.000001077379
21.437500 0.000001573557
21.462500 0.000001221306
21.487500 0.000001457611
21.512500 0.000001491509
21.537500 0.000001286092
21.562500 0.000001517390
21.587500 0.000001183159
21.612500 0.000002176019
21.637500 0.000001098299
21.662500 0.000001165235
21.687500 0.000004275104
21.712500 0.000000972737
21.737500 0.000005829175
21.762500 0.000000953894
21.787500 0.000003996415
21.812500 0.000001057847
21.837500 0.000001870961
21.862500 0.000001277340
21.887500 0.000001219182
21.912500 0.000001565832
21.937500 0.000001049636
21.962500 0.000001835161
21.987500 0.000001109344
22.012500 0.000001616959
22.037500 0.000001583871
22.062500 0.000001949184
22.087500 0.000001712999
22.112500 0.000002500153
22.137500 0.000002305930
22.162500 0.000001576912
22.187500 0.000004000264
22.212500 0.000002970602
22.237500 0.000002674122
22.262500 0.000001101988
22.287500 0.000002121979
22.312500 0.000002179839
22.337500 0.000003237068
22.362500 0.000004937793
22.387500 0.000004992375
22.412500 0.000006240591
22.437500 0.000008839154
22.462500 0.000006644668
22.487500 0.000005569242
22.512500 0.000003923275
22.537500 0.000002638338
22.562500 0.000002381316
22.587500 0.000001779363
22.612500 0.000002156889
22.637500 0.000002987821
22.662500 0.000002318392
22.687500 0.000002161231
22.712500 0.000005337130
22.737500 0.000003138455
22.762500 0.000005078191
22.787500 0.000003580187
22.812500 0.000003328219
22.837500 0.000002994485
22.862500 0.000003456278
22.887500 0.000004889402
22.912500 0.000004461866
22.937500 0.000008644627
22.962500 0.000005023446
22.987500 0.000005884012
23.012500 0.000007336009
23.037500 0.000003946297
23.062500 0.000005569362
23.087500 0.000003637153
23.112500 0.000002669601
23.137500 0.000003765522
23.162500 0.000004034692
23.187500 0.000003300402
23.212500 0.000001351368
23.237500 0.000002179796
23.262500 0.000001950944
23.287500 0.000001211138
23.312500 0.000001147388
23.337500 0.000001581646
23.362500 0.000001381238
23.387500 0.000001231399
23.412500 0.000001630432
23.437500 0.000001129029
23.462500 0.000001521933
23.487500 0.000000975734
23.512500 0.000001415115
23.537500 0.000000939341
23.562500 0.000001279972
23.587500 0.000001729372
23.612500 0.000001337059
23.637500 0.000001657433
23.662500 0.000001278079
23.687500 0.000001924510
23.712500 0.000001318372
23.737500 0.000001995500
23.762500 0.000001398027
23.787500 0.000001488305
23.812500 0.000001512887
23.837500 0.000001047295
23.862500 0.000001292580
23.887500 0.000001178677
23.912500 0.000001249162
23.937500 0.000001111303
23.962500 0.000001016539
23.987500 0.000001026007
24.012500 0.000001057644
24.037500 0.000000878915
24.062500 0.000001475318
24.087500 0.000001106820
24.112500 0.000000913717
24.137500 0.000000872081
24.162500 0.000000784336
24.187500 0.000000892551
24.212500 0.000000911796
24.237500 0.000001234961
24.262500 0.000001279524
24.287500 0.000001366439
24.312500 0.000000744724
24.337500 0.000001405216
24.362500 0.000001290818
24.387500 0.000001246240
24.412500 0.000001104701
24.437500 0.000001002239
24.462500 0.000000819624
24.487500 0.000000730517
24.512500 0.000000888564
24.537500 0.000000784421
24.562500 0.000001564252
24.587500 0.000001174661
24.612500 0.000000839433
24.637500 0.000000741018
24.662500 0.000000771326
24.687500 0.000000770595
24.712500 0.000002259131
24.737500 0.000000776339
24.762500 0.000001647624
24.787500 0.000000936485
24.812500 0.000000958106
24.837500 0.000000867781
24.862500 0.000000889281
24.887500 0.000006211322
24.912500 0.000003106771
24.937500 0.000003096845
24.962500 0.000003911542
24.987500 0.000000833218
25.012500 0.000006126522
25.037500 0.000041987432
25.062500 0.000003427938
25.087500 0.000021052927
25.112500 0.000002218430
25.137500 0.000001094996
25.162500 0.000001068111
25.187500 0.000001522291
25.212500 0.000001198358
25.237500 0.000001539523
25.262500 0.000001222553
25.287500 0.000001184109
25.312500 0.000001456577
25.337500 0.000001991758
25.362500 0.000001740005
25.387500 0.000003142712
25.412500 0.000004677600
25.437500 0.000006064163
25.462500 0.000001713358
25.487500 0.000004045825
25.512500 0.000003563274
25.537500 0.000001163415
25.562500 0.000002098718
25.587500 0.000001511112
25.612500 0.000001324523
25.637500 0.000001311971
25.662500 0.000001550671
25.687500 0.000001455226
25.712500 0.000001875002
25.737500 0.000002685081
25.762500 0.000002955193
25.787500 0.000004243817
25.812500 0.000005242741
25.837500 0.000007825149
25.862500 0.000004402392
25.887500 0.000004543443
25.912500 0.000003903199
25.937500 0.000003524263
25.962500 0.000003413846
25.987500 0.000004734174
26.012500 0.000002978979
26.037500 0.000005478776
26.062500 0.000003589740
26.087500 0.000004162443
26.112500 0.000002987640
26.137500 0.000002008775
26.162500 0.000002580645
26.187500 0.000002481541
26.212500 0.000003576917
26.237500 0.000003975615
26.262500 0.000005203802
26.287500 0.000006532271
26.312500 0.000006314933
26.337500 0.000004991459
26.362500 0.000002704002
26.387500 0.000002470423
26.412500 0.000001746630
26.437500 0.000001439417
26.462500 0.000001143880
26.487500 0.000001277707
26.512500 0.000001095565
26.537500 0.000001122307
26.562500 0.000001076929
26.587500 0.000000987328
26.612500 0.000001052149
26.637500 0.000000965277
26.662500 0.000000943287
26.687500 0.000000869385
26.712500 0.000000798222
26.737500 0.000001192816
26.762500 0.000001263516
26.787500 0.000001209153
26.812500 0.000001633329
26.837500 0.000001355576
26.862500 0.000001015363
26.887500 0.000001131974
26.912500 0.000001075148
26.937500 0.000001064990
26.962500 0.000001056406
26.987500 0.000000946781
27.012500 0.000000891754
27.037500 0.000001072398
27.062500 0.000000860942
27.087500 0.000000891480
27.112500 0.000000859004
27.137500 0.000000669015
27.162500 0.000000631359
27.187500 0.000000709238
27.212500 0.000000736835
27.237500 0.000000724728
27.262500 0.000000861276
27.287500 0.000000741133
27.312500 0.000001187537
27.337500 0.000001121071
27.362500 0.000000820747
27.387500 0.000000990883
27.412500 0.000000959330
27.437500 0.000001044705
27.462500 0.000001128981
27.487500 0.000000975415
27.512500 0.000001251350
27.537500 0.000001002310
27.562500 0.000000802706
27.587500 0.000000974164
27.612500 0.000000863340
27.637500 0.000000984007
27.662500 0.000000770825
27.687500 0.000001004462
27.712500 0.000000796452
27.737500 0.000000724879
27.762500 0.000001754949
27.787500 0.000003201315
27.812500 0.000000687315
27.837500 0.000001752646
27.862500 0.000000902094
27.887500 0.000001157056
27.912500 0.000000674356
27.937500 0.000001174530
27.962500 0.000000875077
27.987500 0.000001321311
28.012500 0.000001882450
28.037500 0.000003513061
28.062500 0.000001854307
28.087500 0.000002196517
28.112500 0.000000813392
28.137500 0.000001128681
28.162500 0.000000971002
28.187500 0.000000712893
28.212500 0.000000646926
28.237500 0.000001597652
28.262500 0.000003236259
28.287500 0.000000898947
28.312500 0.000001844311
28.337500 0.000000986754
28.362500 0.000000888814
28.387500 0.000001246732
28.412500 0.000001953202
28.437500 0.000003323382
28.462500 0.000002058014
28.487500 0.000002107882
28.512500 0.000002160765
28.537500 0.000001560960
28.562500 0.000003448924
28.587500 0.000001937200
28.612500 0.000003848340
28.637500 0.000002014251
28.662500 0.000003604186
28.687500 0.000001140889
28.712500 0.000001357314
28.737500 0.000001021668
28.762500 0.000000869204
28.787500 0.000001201885
28.812500 0.000000981122
28.837500 0.000000930866
28.862500 0.000001100877
28.887500 0.000000913437
28.912500 0.000001237807
28.937500 0.000000823588
28.962500 0.000001664363
28.987500 0.000001359111
29.012500 0.000001552080
29.037500 0.000001405295
29.062500 0.000000668615
29.087500 0.000000669196
29.112500 0.000000681585
29.137500 0.000000880750
29.162500 0.000000723087
29.187500 0.000000616433
29.212500 0.000000633215
29.237500 0.000000522458
29.262500 0.000000842098
29.287500 0.000000784867
29.312500 0.000001309939
29.337500 0.000000916478
29.362500 0.000001477493
29.387500 0.000000872830
29.412500 0.000001566001
29.437500 0.000000602495
29.462500 0.000001176194
29.487500 0.000000668863
29.512500 0.000000843341
29.537500 0.000000848642
29.562500 0.000000672420
29.587500 0.000000994440
29.612500 0.000000601255
29.637500 0.000000735641
29.662500 0.000000655131
29.687500 0.000000565465
29.712500 0.000000676320
29.737500 0.000000619340
29.762500 0.000000662215
29.787500 0.000000829056
29.812500 0.000000773618
29.837500 0.000000644991
29.862500 0.000000635778
29.887500 0.000000759312
29.912500 0.000000564317
29.937500 0.000000756882
29.962500 0.000000520905
29.987500 0.000000748051
30.012500 0.000000660090
30.037500 0.000000767039
30.062500 0.000000866160
30.087500 0.000000675805
30.112500 0.000000736734
30.137500 0.000000688560
30.162500 0.000000575846
30.187500 0.000000588125
30.212500 0.000000566196
30.237500 0.000000594552
30.262500 0.000000729386
30.287500 0.000000756948
30.312500 0.000000755582
30.337500 0.000000732829
30.362500 0.000000706287
30.387500 0.000000688602
30.412500 0.000000670707
30.437500 0.000000645595
30.462500 0.000000625063
30.487500 0.000000838917
30.512500 0.000000656909
30.537500 0.000000979776
30.562500 0.000000810096
30.587500 0.000001088735
30.612500 0.000000851663
30.637500 0.000001003749
30.662500 0.000000785833
30.687500 0.000000903904
30.712500 0.000001025912
30.737500 0.000000787783
30.762500 0.000001160228
30.787500 0.000000897567
30.812500 0.000001086676
30.837500 0.000001117496
30.862500 0.000001501737
30.887500 0.000001148750
30.912500 0.000001155151
30.937500 0.000001437956
30.962500 0.000002859836
30.987500 0.000003703698
31.012500 0.000002714245
31.037500 0.000002534006
31.062500 0.000003016175
31.087500 0.000003495375
31.112500 0.000006927530
31.137500 0.000008055835
31.162500 0.000006820014
31.187500 0.000008136253
31.212500 0.000006300786
31.237500 0.000003109447
31.262500 0.000003168868
31.287500 0.000001548495
31.312500 0.000002019850
31.337500 0.000001427733
31.362500 0.000001672529
31.387500 0.000001757425
31.412500 0.000002028295
31.437500 0.000002991299
31.462500 0.000003588307
31.487500 0.000005996657
31.512500 0.000004557728
31.537500 0.000010070989
31.562500 0.000006433534
31.587500 0.000007199061
31.612500 0.000004752107
31.637500 0.000003362309
31.662500 0.000002166686
31.687500 0.000001998092
31.712500 0.000001245357
31.737500 0.000001529987
31.762500 0.000001215592
31.787500 0.000001295246
31.812500 0.000001403182
31.837500 0.000001027451
31.862500 0.000001218045
31.887500 0.000000714556
31.912500 0.000001048851
31.937500 0.000000870126
31.962500 0.000000942556
31.987500 0.000001042355
32.012500 0.000000778365
32.037500 0.000001084799
32.062500 0.000000989342
32.087500 0.000000980837
32.112500 0.000001415278
32.137500 0.000001101040
32.162500 0.000001589338
32.187500 0.000000947471
32.212500 0.000001260340
32.237500 0.000000643308
32.262500 0.000000740399
32.287500 0.000000541278
32.312500 0.000000562652
32.337500 0.000000536617
32.362500 0.000000562271
32.387500 0.000000509008
32.412500 0.000000491356
32.437500 0.000000540032
32.462500 0.000000634186
32.487500 0.000000601915
32.512500 0.000000780358
32.537500 0.000000681169
32.562500 0.000001004063
32.587500 0.000000461652
32.612500 0.000000819617
32.637500 0.000000369525
32.662500 0.000000580934
32.687500 0.000000402366
32.712500 0.000000643141
32.737500 0.000000520795
32.762500 0.000000705125
32.787500 0.000000503524
32.812500 0.000000646295
32.837500 0.000000439699
32.862500 0.000000488487
32.887500 0.000000399138
32.912500 0.000000526151
32.937500 0.000000547659
32.962500 0.000000590300
32.987500 0.000000605292
33.012500 0.000000756270
33.037500 0.000000902377
33.062500 0.000000747689
33.087500 0.000000772668
33.112500 0.000000962834
33.137500 0.000000531353
33.162500 0.000001754264
33.187500 0.000002654575
33.212500 0.000000430931
33.237500 0.000001939336
33.262500 0.000000710424
33.287500 0.000000570735
33.312500 0.000000772337
33.337500 0.000000781296
33.362500 0.000000505489
33.387500 0.000000725914
33.412500 0.000001614596
33.437500 0.000000585650
33.462500 0.000002177532
33.487500 0.000001824789
33.512500 0.000000418033
33.537500 0.000000928721
33.562501 0.000000588619
33.587501 0.000000703468
33.612501 0.000000724066
33.637501 0.000000495800
33.662501 0.000000728979
33.687501 0.000000653644
33.712501 0.000000642244
33.737501 0.000000857154
33.762501 0.000000905240
33.787501 0.000000515449
33.812501 0.000001865098
33.837501 0.000000737576
33.862501 0.000002517646
33.887501 0.000001821845
33.912501 0.000000531325
33.937501 0.000000813287
33.962501 0.000000882893
33.987501 0.000000773047
34.012501 0.000000587837
34.037501 0.000000671256
34.062501 0.000000549660
34.087501 0.000000515594
34.112501 0.000000327646
34.137501 0.000000361693
34.162501 0.000000303787
34.187501 0.000000507584
34.212501 0.000000399035
34.237501 0.000000533567
34.262501 0.000000409001
34.287501 0.000000620475
34.312501 0.000000714951
34.337501 0.000000305391
34.362501 0.000000554781
34.387501 0.000000567044
34.412501 0.000000363463
34.437501 0.000000507245
34.462501 0.000000290593
34.487501 0.000000479580
34.512501 0.000000445189
34.537501 0.000000550555
34.562501 0.000000264603
34.587501 0.000000315433
34.612501 0.000000444835
34.637501 0.000000690430
34.662501 0.000000368666
34.687501 0.000000512326
34.712501 0.000000414617
34.737501 0.000000778818
34.762501 0.000001203450
34.787501 0.000000436527
34.812501 0.000000627523
34.837501 0.000000727489
34.862501 0.000001144331
34.887501 0.000000479577
34.912501 0.000000517244
34.937501 0.000000652501
34.962501 0.000001069024
34.987501 0.000001579468
35.012501 0.000000392746
35.037501 0.000000474051
35.062501 0.000001360596
35.087501 0.000001565639
35.112501 0.000001215746
35.137501 0.000000530999
35.162501 0.000000568929
35.187501 0.000002417226
35.212501 0.000004133292
35.237501 0.000000780609
35.262501 0.000000896586
35.287501 0.000001266410
35.312501 0.000004931248
35.337501 0.000010961131
35.362501 0.000002976053
35.387501 0.000003956038
35.412501 0.000027323136
35.437501 0.000046773961
35.462501 0.000003367877
35.487501 0.000002026950
35.512501 0.000000684994
35.537501 0.000000770914
35.562501 0.000001482366
35.587501 0.000001389286
35.612501 0.000001420190
35.637501 0.000001092988
35.662501 0.000001897406
35.687501 0.000003115069
35.712501 0.000004129276
35.737501 0.000006796396
35.762501 0.000004279138
35.787501 0.000002931205
35.812501 0.000001564663
35.837501 0.000000204077
35.862501 0.000000488614
35.887501 0.000000617508
35.912501 0.000000395584
35.937501 0.000000250661
35.962501 0.000000362412
35.987501 0.000000412006
36.012501 0.000000335091
36.037501 0.000000467023
36.062501 0.000000370534
36.087501 0.000000604694
36.112501 0.000000380082
36.137501 0.000000298394
36.162501 0.000000209189
36.187501 0.000000370303
36.212501 0.000000342074
36.237501 0.000000497948
36.262501 0.000000524811
36.287501 0.000000830386
36.312501 0.000000510569
36.337501 0.000000437675
36.362501 0.000000282666
36.387501 0.000000212634
36.412501 0.000000335406
36.437501 0.000000234435
36.462501 0.000000361251
36.487501 0.000000194633
36.512501 0.000000305541
36.537501 0.000000190880
36.562501 0.000000250430
36.587501 0.000000189042
36.612501 0.000000378732
36.637501 0.000000184417
36.662501 0.000000548904
36.687501 0.000000449614
36.712501 0.000000307275
36.737501 0.000000229902
36.762501 0.000000251340
36.787501 0.000000343967
36.812501 0.000000219452
36.837501 0.000000289471
36.862501 0.000000220735
36.887501 0.000000270204
36.912501 0.000000144642
36.937501 0.000000181427
36.962501 0.000000260250
36.987501 0.000000336833
37.012501 0.000000268370
37.037501 0.000000372923
37.062501 0.000000319133
37.087501 0.000000702561
37.112501 0.000000468735
37.137501 0.000000237686
37.162501 0.000000208319
37.187501 0.000000477196
37.212501 0.000000364448
37.237501 0.000000332391
37.262501 0.000000190464
37.287501 0.000000584789
37.312501 0.000000764108
37.337501 0.000000738665
37.362501 0.000000166101
37.387501 0.000001096133
37.412501 0.000002650330
37.437501 0.000001361902
37.462501 0.000000189181
37.487501 0.000000262620
37.512501 0.000000292591
37.537501 0.000000296656
37.562501 0.000000421823
37.587501 0.000000319590
37.612501 0.000000133176
37.637501 0.000000607633
37.662501 0.000000909901
37.687501 0.000000477358
37.712501 0.000000372882
37.737501 0.000001430219
37.762501 0.000002936621
37.787501 0.000001290205
37.812501 0.000000197344
37.837501 0.000000123901
37.862501 0.000000355557
37.887501 0.000000234957
37.912501 0.000000126750
37.937501 0.000000235599
37.962501 0.000000134445
37.987501 0.000000240844
38.012501 0.000000162764
38.037501 0.000000276700
38.062501 0.000000404380
38.087501 0.000000194825
38.112501 0.000000726827
38.137501 0.000000417965
38.162501 0.000000525813
38.187501 0.000000276860
38.212501 0.000000141677
38.237501 0.000000135290
38.262501 0.000000194330
38.287501 0.000000126424
38.312501 0.000000158197
38.337501 0.000000130621
38.362501 0.000000096510
38.387501 0.000000136618
38.412501 0.000000207784
38.437501 0.000000132983
38.462501 0.000000239138
38.487501 0.000000159028
38.512501 0.000000184288
38.537501 0.000000247552
38.562501 0.000000391851
38.587501 0.000000332687
38.612501 0.000000708480
38.637501 0.000000249913
38.662501 0.000001002138
38.687501 0.000000501294
38.712501 0.000000418160
38.737501 0.000000294533
38.762501 0.000000371284
38.787501 0.000000215562
38.812501 0.000000125229
38.837501 0.000000067718
38.862501 0.000000169272
38.887501 0.000000081984
38.912501 0.000000106739
38.937501 0.000000053438
38.962501 0.000000108244
38.987501 0.000000172955
39.012501 0.000000053016
39.037501 0.000000150202
39.062501 0.000000075223
39.087501 0.000000139771
39.112501 0.000000126091
39.137501 0.000000182669
39.162501 0.000000208002
39.187501 0.000000069790
39.212501 0.000000144223
39.237501 0.000000087089
39.262501 0.000000093784
39.287501 0.000000074041
39.312501 0.000000061280
39.337501 0.000000123949
39.362501 0.000000030499
39.387501 0.000000107489
39.412501 0.000000059788
39.437501 0.000000086359
39.462501 0.000000106130
39.487501 0.000000235575
39.512501 0.000000112457
39.537501 0.000000208505
39.562501 0.000000202628
39.587501 0.000000239956
39.612501 0.000000143389
39.637501 0.000000243648
39.662501 0.000000062021
39.687501 0.000000085597
39.712501 0.000000063085
39.737501 0.000000102505
39.762501 0.000000027030
39.787501 0.000000088279
39.812501 0.000000103878
39.837501 0.000000067542
39.862501 0.000000082512
39.887501 0.000000101767
39.912501 0.000000128547
39.937501 0.000000111352
39.962501 0.000000089060
39.987501 0.000000067710
