0.000000 1.000000000000
0.087500 0.405279053152
0.112500 0.164362435529
0.137500 0.131712909388
0.162500 0.000000006808
0.187500 0.000000058079
0.212500 0.000000054907
0.237500 0.022479099252
0.262500 0.008777824752
0.287500 0.013556983263
0.312500 0.001054900615
0.337500 0.000135782420
0.362500 0.000206358092
0.387500 0.000378897283
0.412500 0.003248678179
0.437500 0.000338199761
0.462500 0.000122269517
0.487500 0.001600170466
0.512500 0.000023587521
0.537500 0.000126273275
0.562500 0.000972290143
0.587500 0.000278423699
0.612500 0.000031132864
0.637500 0.000071516465
0.662500 0.000445169065
0.687500 0.000043023704
0.712500 0.000033341537
0.737500 0.000511158704
0.762500 0.000009779750
0.787500 0.000033040595
0.812500 0.000002336287
0.837500 0.000005028073
0.862500 0.000189326994
0.887500 0.000204008021
0.912500 0.000020589305
0.937500 0.000016667591
0.962500 0.000003918758
0.987500 0.000003602318
1.012500 0.000002276953
1.037500 0.000055170930
1.062500 0.000136213829
1.087500 0.000013261506
1.112500 0.000001332396
1.137500 0.000004226698
1.162500 0.000001817898
1.187500 0.000000913788
1.212500 0.000063220675
1.237500 0.000044253155
1.262500 0.000005043466
1.287500 0.000001589407
1.312500 0.000001467785
1.337500 0.000000447342
1.362500 0.000000730743
1.387500 0.000036046147
1.412500 0.000002700705
1.437500 0.000022288909
1.462500 0.000001931214
1.487500 0.000000988127
1.512500 0.000000172351
1.537500 0.000021805386
1.562500 0.000001532692
1.587500 0.000000250811
1.612500 0.000012754244
1.637500 0.000001947784
1.662500 0.000000342656
1.687500 0.000000203914
1.712500 0.000010542512
1.737500 0.000000524732
1.762500 0.000000319837
1.787500 0.000006176988
1.812500 0.000008391323
1.837500 0.000000691867
1.862500 0.000025894253
1.887500 0.000001767283
1.912500 0.000000569265
1.937500 0.000000381287
1.962500 0.000000275305
1.987500 0.000000201468
2.012500 0.000004482380
2.037500 0.000011975498
2.062500 0.000000652566
2.087500 0.000001046250
2.112500 0.000000985945
2.137500 0.000000223424
2.162500 0.000000083214
2.187500 0.000017841637
2.212500 0.000001262136
2.237500 0.000000512716
2.262500 0.000000198429
2.287500 0.000000477155
2.312500 0.000000124891
2.337500 0.000000043260
2.362500 0.000005394050
2.387500 0.000004218657
2.412500 0.000000155694
2.437500 0.000000184029
2.462500 0.000000121946
2.487500 0.000000289356
2.512500 0.000004229154
2.537500 0.000000322025
2.562500 0.000000117246
2.587500 0.000002302775
2.612500 0.000000229233
2.637500 0.000000064499
2.662500 0.000000126383
2.687500 0.000003402385
2.712500 0.000000066284
2.737500 0.000000117966
2.762500 0.000001698847
2.787500 0.000000189458
2.812500 0.000000040488
2.837500 0.000002802593
2.862500 0.000000360597
2.887500 0.000000091563
2.912500 0.000000065198
2.937500 0.000000043100
2.962500 0.000001455576
2.987500 0.000000071104
3.012500 0.000002088059
3.037500 0.000000099772
3.062500 0.000000032057
3.087500 0.000000081499
3.112500 0.000000029659
3.137500 0.000000733386
3.162500 0.000002670022
3.187500 0.000000295688
3.212500 0.000000108687
3.237500 0.000000839652
3.262500 0.000000259079
3.287500 0.000000159653
3.312500 0.000000075530
3.337500 0.000002683019
3.362500 0.000000244023
3.387500 0.000000105808
3.412500 0.000000150141
3.437500 0.000001135424
3.462500 0.000000184057
3.487500 0.000000911239
3.512500 0.000000106528
3.537500 0.000000596098
3.562500 0.000000073101
3.587500 0.000002094435
3.612500 0.000000186666
3.637500 0.000000426606
3.662500 0.000003694487
3.687500 0.000000212549
3.712500 0.000000349826
3.737500 0.000000140563
3.762500 0.000000178365
3.787500 0.000000031049
3.812500 0.000002098341
3.837500 0.000000235594
3.862500 0.000000141140
3.887500 0.000000038412
3.912500 0.000000653561
3.937500 0.000000058156
3.962500 0.000000192663
3.987500 0.000001677627
4.012500 0.000000649541
4.037500 0.000000106400
4.062500 0.000000354239
4.087500 0.000000113770
4.112500 0.000000563646
4.137500 0.000000701670
4.162500 0.000000500343
4.187500 0.000000705628
4.212500 0.000000643137
4.237500 0.000000188701
4.262500 0.000000195122
4.287500 0.000003747517
4.312500 0.000001346288
4.337500 0.000000132999
4.362500 0.000000094731
4.387500 0.000003708186
4.412500 0.000000135406
4.437500 0.000000126661
4.462500 0.000001110519
4.487500 0.000000528495
4.512500 0.000000053638
4.537500 0.000000278452
4.562500 0.000000084496
4.587500 0.000000899127
4.612500 0.000000141467
4.637500 0.000004361964
4.662500 0.000000234036
4.687500 0.000000333662
4.712500 0.000005721111
4.737500 0.000000229807
4.762500 0.000000747427
4.787500 0.000001542877
4.812500 0.000000154170
4.837500 0.000000591414
4.862500 0.000000192498
4.887500 0.000000549636
4.912500 0.000000060026
4.937500 0.000000126446
4.962500 0.000001508876
4.987500 0.000000079321
5.012500 0.000000145969
5.037500 0.000000131091
5.062500 0.000000380967
5.087500 0.000000072855
5.112500 0.000000185011
5.137500 0.000000079916
5.162500 0.000001842323
5.187500 0.000000053209
5.212500 0.000000145540
5.237500 0.000000246131
5.262500 0.000000212477
5.287500 0.000000444119
5.312500 0.000000105612
5.337500 0.000012044486
5.362500 0.000001147851
5.387500 0.000000314839
5.412500 0.000000173552
5.437500 0.000033761095
5.462500 0.000001380773
5.487500 0.000000404356
5.512500 0.000000288339
5.537500 0.000012626537
5.562500 0.000000531505
5.587500 0.000000260111
5.612500 0.000000390442
5.637500 0.000000121161
5.662500 0.000000270765
5.687500 0.000000140321
5.712500 0.000000156565
5.737500 0.000001218432
5.762500 0.000000756892
5.787500 0.000000219106
5.812500 0.000000176105
5.837500 0.000000081482
5.862500 0.000000521791
5.887500 0.000000120109
5.912500 0.000000199638
5.937500 0.000000240090
5.962500 0.000000153067
5.987500 0.000000287513
6.012500 0.000000223609
6.037500 0.000000127500
6.062500 0.000000113388
6.087500 0.000000101516
6.112500 0.000000114153
6.137500 0.000000099618
6.162500 0.000000106045
6.187500 0.000000276349
6.212500 0.000000265762
6.237500 0.000000169923
6.262500 0.000000588890
6.287500 0.000000347504
6.312500 0.000000187426
6.337500 0.000000344797
6.362500 0.000000091675
6.387500 0.000000194494
6.412500 0.000000161268
6.437500 0.000000107855
6.462500 0.000000119516
6.487500 0.000000843771
6.512500 0.000000234468
6.537500 0.000000155777
6.562500 0.000000677955
6.587500 0.000001247582
6.612500 0.000000116231
6.637500 0.000000291385
6.662500 0.000000406697
6.687500 0.000000871999
6.712500 0.000000167522
6.737500 0.000000860376
6.762500 0.000000371872
6.787500 0.000000300595
6.812500 0.000000681624
6.837500 0.000001728335
6.862500 0.000000719495
6.887500 0.000001160075
6.912500 0.000003143895
6.937500 0.000001627979
6.962500 0.000000739978
6.987500 0.000001806120
7.012500 0.000001076291
7.037500 0.000000534352
7.062500 0.000000731531
7.087500 0.000000386246
7.112500 0.000000339673
7.137500 0.000000443939
7.162500 0.000000564116
7.187500 0.000000307029
7.212500 0.000000143730
7.237500 0.000000348986
7.262500 0.000000217933
7.287500 0.000000101969
7.312500 0.000000446350
7.337500 0.000000284625
7.362500 0.000000092135
7.387500 0.000000350111
7.412500 0.000000143815
7.437500 0.000000171107
7.462500 0.000000149937
7.487500 0.000000160155
7.512500 0.000000121259
7.537500 0.000001213578
7.562500 0.000000428115
7.587500 0.000000150811
7.612500 0.000000201087
7.637500 0.000001461134
7.662500 0.000000318952
7.687500 0.000000345882
7.712500 0.000000503492
7.737500 0.000000391449
7.762500 0.000000548362
7.787500 0.000001194832
7.812500 0.000000383675
7.837500 0.000001112184
7.862500 0.000000646769
7.887500 0.000000817083
7.912500 0.000000864144
7.937500 0.000001057103
7.962500 0.000000381161
7.987500 0.000000816284
8.012500 0.000000737810
8.037500 0.000000582925
8.062500 0.000000736625
8.087500 0.000001060251
8.112500 0.000000754207
8.137500 0.000000329832
8.162500 0.000000474425
8.187500 0.000000612368
8.212500 0.000000630508
8.237500 0.000000468146
8.262500 0.000000703743
8.287500 0.000001458089
8.312500 0.000000398995
8.337500 0.000000656538
8.362500 0.000000549105
8.387500 0.000000830604
8.412500 0.000000588091
8.437500 0.000000441626
8.462500 0.000000501061
8.487500 0.000000881065
8.512500 0.000000400326
8.537500 0.000001259985
8.562500 0.000000414862
8.587500 0.000000754518
8.612500 0.000000560207
8.637500 0.000000363536
8.662500 0.000000290473
8.687500 0.000001530512
8.712500 0.000000338839
8.737500 0.000000283875
8.762500 0.000000346634
8.787500 0.000003063317
8.812500 0.000000613599
8.837500 0.000000523597
8.862500 0.000000558164
8.887500 0.000001617067
8.912500 0.000000927854
8.937500 0.000000483521
8.962500 0.000000364025
8.987500 0.000000388716
9.012500 0.000000303394
9.037500 0.000000303492
9.062500 0.000000692784
9.087500 0.000000316950
9.112500 0.000000498052
9.137500 0.000000823744
9.162500 0.000000351478
9.187500 0.000000732792
9.212500 0.000000258194
9.237500 0.000000480392
9.262500 0.000000675731
9.287500 0.000000393888
9.312500 0.000000268276
9.337500 0.000000403860
9.362500 0.000001783796
9.387500 0.000000422322
9.412500 0.000000497974
9.437500 0.000003317088
9.462500 0.000000617364
9.487500 0.000000475880
9.512500 0.000001215341
9.537500 0.000000827296
9.562500 0.000000964591
9.587500 0.000000303558
9.612500 0.000001406046
9.637500 0.000000799358
9.662500 0.000001211163
9.687500 0.000000529082
9.712500 0.000000455768
9.737500 0.000010025328
9.762500 0.000000653945
9.787500 0.000000576889
9.812500 0.000000477325
9.837500 0.000018845641
9.862500 0.000000719806
9.887500 0.000000311108
9.912500 0.000000664939
9.937500 0.000006707772
9.962500 0.000000503234
9.987500 0.000000698934
10.012500 0.000000766419
10.037500 0.000000539686
10.062500 0.000000416382
10.087500 0.000000498223
10.112500 0.000001618871
10.137500 0.000000367303
10.162500 0.000000389739
10.187500 0.000000609428
10.212500 0.000000960290
10.237500 0.000000632401
10.262500 0.000000782465
10.287500 0.000001417922
10.312500 0.000001243509
10.337500 0.000000666956
10.362500 0.000000901952
10.387500 0.000000469890
10.412500 0.000000889048
10.437500 0.000000420511
10.462500 0.000000427413
10.487500 0.000000999302
10.512500 0.000000402910
10.537500 0.000000470244
10.562500 0.000000411211
10.587500 0.000000805025
10.612500 0.000000407426
10.637500 0.000000292370
10.662500 0.000000353468
10.687500 0.000000598541
10.712500 0.000000427030
10.737500 0.000001157983
10.762500 0.000000739694
10.787500 0.000002649326
10.812500 0.000000793235
10.837500 0.000001081904
10.862500 0.000001172738
10.887500 0.000005405982
10.912500 0.000000948653
10.937500 0.000000850213
10.962500 0.000001514657
10.987500 0.000002183800
11.012500 0.000000464971
11.037500 0.000001633520
11.062500 0.000002097199
11.087500 0.000001225765
11.112500 0.000001927058
11.137500 0.000003175689
11.162500 0.000001711865
11.187500 0.000001234684
11.212500 0.000001818805
11.237500 0.000001468118
11.262500 0.000000837805
11.287500 0.000001236833
11.312500 0.000001854876
11.337500 0.000000584043
11.362500 0.000001326167
11.387500 0.000000813577
11.412500 0.000001089131
11.437500 0.000001078979
11.462500 0.000000723391
11.487500 0.000001410241
11.512500 0.000000804899
11.537500 0.000001805343
11.562500 0.000001083200
11.587500 0.000000824679
11.612500 0.000000903675
11.637500 0.000000963631
11.662500 0.000002869239
11.687500 0.000001542907
11.712500 0.000004250642
11.737500 0.000004994759
11.762500 0.000002595218
11.787500 0.000009384963
11.812500 0.000002238977
11.837500 0.000004099561
11.862500 0.000004269856
11.887500 0.000000720903
11.912500 0.000002406030
11.937500 0.000001027987
11.962500 0.000000729457
11.987500 0.000001327398
12.012500 0.000001438856
12.037500 0.000001203162
12.062500 0.000000984763
12.087500 0.000001913371
12.112500 0.000002194888
12.137500 0.000002781869
12.162500 0.000005630389
12.187500 0.000004117782
12.212500 0.000004985798
12.237500 0.000009554467
12.262500 0.000003940580
12.287500 0.000003453066
12.312500 0.000004007214
12.337500 0.000003652827
12.362500 0.000001624093
12.387500 0.000001089763
12.412500 0.000001710902
12.437500 0.000005294131
12.462500 0.000010759800
12.487500 0.000006891114
12.512500 0.000010865817
12.537500 0.000027188869
12.562500 0.000011528257
12.587500 0.000002484730
12.612500 0.000015765638
12.637500 0.000005739896
12.662500 0.000001411707
12.687500 0.000001407444
12.712500 0.000001427601
12.737500 0.000001366328
12.762500 0.000002001670
12.787500 0.000002110467
12.812500 0.000001954691
12.837500 0.000001225930
12.862500 0.000001696220
12.887500 0.000001071738
12.912500 0.000001036863
12.937500 0.000001655345
12.962500 0.000001313386
12.987500 0.000000958045
13.012500 0.000001430186
13.037500 0.000000949573
13.062500 0.000001079474
13.087500 0.000001425801
13.112500 0.000000964540
13.137500 0.000000759393
13.162500 0.000002904158
13.187500 0.000001352348
13.212500 0.000000756174
13.237500 0.000001196836
13.262500 0.000001345980
13.287500 0.000000986356
13.312500 0.000004772384
13.337500 0.000010302718
13.362500 0.000005850861
13.387500 0.000010701859
13.412500 0.000023571047
13.437500 0.000011223096
13.462500 0.000006856074
13.487500 0.000010270409
13.512500 0.000006841502
13.537500 0.000001997530
13.562500 0.000002716396
13.587500 0.000001610506
13.612500 0.000001500433
13.637500 0.000003394710
13.662500 0.000001956436
13.687500 0.000003200242
13.712500 0.000001138430
13.737500 0.000009796468
13.762500 0.000001034101
13.787500 0.000014538405
13.812500 0.000001859550
13.837500 0.000001392842
13.862500 0.000009341069
13.887500 0.000001160790
13.912500 0.000003337788
13.937500 0.000001015158
13.962500 0.000002602710
13.987500 0.000001269840
14.012500 0.000001113596
14.037500 0.000001851560
14.062500 0.000000875820
14.087500 0.000000975543
14.112500 0.000002112841
14.137500 0.000001141820
14.162500 0.000001401624
14.187500 0.000001030136
14.212500 0.000004258606
14.237500 0.000001669222
14.262500 0.000001287091
14.287500 0.000001778017
14.312500 0.000001984742
14.337500 0.000001252364
14.362500 0.000001138583
14.387500 0.000001411588
14.412500 0.000001148009
14.437500 0.000001837834
14.462500 0.000001993823
14.487500 0.000001494807
14.512500 0.000002321651
14.537500 0.000001922358
14.562500 0.000003458896
14.587500 0.000001912879
14.612500 0.000007945304
14.637500 0.000006360423
14.662500 0.000008045997
14.687500 0.000011974423
14.712500 0.000007868279
14.737500 0.000007158987
14.762500 0.000008400551
14.787500 0.000002455925
14.812500 0.000004617201
14.837500 0.000003104720
14.862500 0.000003076754
14.887500 0.000001860787
14.912500 0.000002209905
14.937500 0.000001713162
14.962500 0.000001007059
14.987500 0.000001488260
15.012500 0.000001134409
15.037500 0.000000926921
15.062500 0.000001159783
15.087500 0.000001252170
15.112500 0.000000993606
15.137500 0.000001204827
15.162500 0.000003693104
15.187500 0.000001633212
15.212500 0.000001643662
15.237500 0.000001849982
15.262500 0.000009311044
15.287500 0.000002464508
15.312500 0.000002881901
15.337500 0.000003055149
15.362500 0.000009561504
15.387500 0.000006264285
15.412500 0.000006824785
15.437500 0.000012979378
15.462500 0.000004552884
15.487500 0.000010154548
15.512500 0.000002639664
15.537500 0.000002907719
15.562500 0.000002852687
15.587500 0.000001130677
15.612500 0.000002198955
15.637500 0.000001837225
15.662500 0.000003292880
15.687500 0.000001798911
15.712500 0.000006617421
15.737500 0.000001047957
15.762500 0.000008609299
15.787500 0.000001166613
15.812500 0.000005920457
15.837500 0.000001123159
15.862500 0.000002834445
15.887500 0.000000637221
15.912500 0.000001378827
15.937500 0.000000953972
15.962500 0.000001036170
15.987500 0.000000843135
16.012500 0.000000964371
16.037500 0.000001001935
16.062500 0.000000844040
16.087500 0.000000969635
16.112500 0.000000939935
16.137500 0.000001182486
16.162500 0.000001149897
16.187500 0.000001454358
16.212500 0.000001392690
16.237500 0.000001159971
16.262500 0.000001705368
16.287500 0.000001191654
16.312500 0.000001857979
16.337500 0.000001619184
16.362500 0.000001203591
16.387500 0.000001940653
16.412500 0.000001172513
16.437500 0.000001937824
16.462500 0.000001049906
16.487500 0.000002403111
16.512500 0.000003749232
16.537500 0.000002023390
16.562500 0.000003081973
16.587500 0.000005713060
16.612500 0.000001955804
16.637500 0.000002781955
16.662500 0.000002758972
16.687500 0.000003432056
16.712500 0.000002002258
16.737500 0.000001294146
16.762500 0.000001449934
16.787500 0.000001821647
16.812500 0.000001682379
16.837500 0.000003052264
16.862500 0.000002213106
16.887500 0.000003679355
16.912500 0.000003930452
16.937500 0.000003774631
16.962500 0.000002142639
16.987500 0.000003271985
17.012500 0.000001624810
17.037500 0.000001680812
17.062500 0.000000931284
17.087500 0.000001132477
17.112500 0.000000649342
17.137500 0.000001035584
17.162500 0.000000953956
17.187500 0.000000866263
17.212500 0.000001170210
17.237500 0.000000889365
17.262500 0.000001249240
17.287500 0.000001182000
17.312500 0.000001418277
17.337500 0.000001530643
17.362500 0.000001192049
17.387500 0.000001758573
17.412500 0.000001107774
17.437500 0.000001202316
17.462500 0.000001628012
17.487500 0.000001092008
17.512500 0.000001220012
17.537500 0.000000977072
17.562500 0.000001088311
17.587500 0.000000856806
17.612500 0.000000607604
17.637500 0.000000644763
17.662500 0.000000780504
17.687500 0.000000679006
17.712500 0.000000804905
17.737500 0.000001105505
17.762500 0.000001324281
17.787500 0.000001229168
17.812500 0.000000920620
17.837500 0.000001479716
17.862500 0.000001646755
17.887500 0.000001041878
17.912500 0.000001458279
17.937500 0.000001383536
17.962500 0.000001509712
17.987500 0.000001689781
18.012500 0.000001824068
18.037500 0.000001206000
18.062500 0.000001978228
18.087500 0.000002835243
18.112500 0.000001448875
18.137500 0.000005833941
18.162500 0.000005855548
18.187500 0.000002950701
18.212500 0.000012827616
18.237500 0.000007406114
18.262500 0.000006202106
18.287500 0.000001192676
18.312500 0.000003070474
18.337500 0.000001879500
18.362500 0.000001346963
18.387500 0.000001118349
18.412500 0.000002450477
18.437500 0.000001371825
18.462500 0.000001201464
18.487500 0.000001731231
18.512500 0.000002454311
18.537500 0.000001368427
18.562500 0.000001657919
18.587500 0.000001632129
18.612500 0.000001179237
18.637500 0.000001270435
18.662500 0.000001267058
18.687500 0.000001430421
18.712500 0.000001114563
18.737500 0.000001570133
18.762500 0.000001383465
18.787500 0.000001652690
18.812500 0.000001141115
18.837500 0.000001049083
18.862500 0.000001059406
18.887500 0.000000907219
18.912500 0.000000897751
18.937500 0.000000963731
18.962500 0.000001364612
18.987500 0.000001303060
19.012500 0.000001339033
19.037500 0.000001591374
19.062500 0.000001212349
19.087500 0.000001589877
19.112500 0.000001096601
19.137500 0.000001096693
19.162500 0.000001186927
19.187500 0.000001186762
19.212500 0.000001112905
19.237500 0.000001113505
19.262500 0.000000991643
19.287500 0.000001180263
19.312500 0.000000887437
19.337500 0.000001033454
19.362500 0.000001301519
19.387500 0.000001096568
19.412500 0.000001139174
19.437500 0.000001086935
19.462500 0.000001296039
19.487500 0.000001263820
19.512500 0.000001209852
19.537500 0.000001314859
19.562500 0.000002768350
19.587500 0.000001534530
19.612500 0.000001300983
19.637500 0.000002742853
19.662500 0.000004938678
19.687500 0.000005168776
19.712500 0.000004416740
19.737500 0.000007582860
19.762500 0.000003737845
19.787500 0.000004877622
19.812500 0.000004622618
19.837500 0.000002509550
19.862500 0.000001476374
19.887500 0.000001727217
19.912500 0.000001087320
19.937500 0.000001529118
19.962500 0.000001408298
19.987500 0.000001180069
20.012500 0.000001227384
20.037500 0.000001408972
20.062500 0.000001601339
20.087500 0.000001570605
20.112500 0.000000903269
20.137500 0.000001953289
20.162500 0.000001610929
20.187500 0.000001408060
20.212500 0.000001616942
20.237500 0.000001743265
20.262500 0.000001434229
20.287500 0.000001702520
20.312500 0.000001329869
20.337500 0.000001407906
20.362500 0.000000894191
20.387500 0.000000979944
20.412500 0.000001092270
20.437500 0.000000749662
20.462500 0.000000929573
20.487500 0.000001055679
20.512500 0.000001101235
20.537500 0.000000978060
20.562500 0.000000877472
20.587500 0.000000929793
20.612500 0.000000934050
20.637500 0.000000955659
20.662500 0.000001363112
20.687500 0.000000872171
20.712500 0.000001690230
20.737500 0.000000966776
20.762500 0.000000954459
20.787500 0.000001154757
20.812500 0.000000966090
20.837500 0.000000973497
20.862500 0.000000800700
20.887500 0.000000825295
20.912500 0.000001024265
20.937500 0.000001334315
20.962500 0.000000937095
20.987500 0.000002040389
21.012500 0.000002161842
21.037500 0.000001169892
21.062500 0.000003667088
21.087500 0.000001410271
21.112500 0.000002314730
21.137500 0.000002048271
21.162500 0.000001538671
21.187500 0.000001538652
21.212500 0.000001485839
21.237500 0.000002271005
21.262500 0.000002741522
21.287500 0.000002513529
21.312500 0.000004036514
21.337500 0.000002719005
21.362500 0.000002632731
21.387500 0.000003515031
21.412500 0.000002643371
21.437500 0.000004673272
21.462500 0.000004929075
21.487500 0.000003337543
21.512500 0.000007465821
21.537500 0.000004746052
21.562500 0.000002909897
21.587500 0.000003425875
21.612500 0.000002012374
21.637500 0.000002159842
21.662500 0.000001116489
21.687500 0.000004349794
21.712500 0.000001380167
21.737500 0.000007035138
21.762500 0.000001186881
21.787500 0.000005145541
21.812500 0.000001531154
21.837500 0.000002234324
21.862500 0.000001794386
21.887500 0.000002573916
21.912500 0.000002254682
21.937500 0.000003627164
21.962500 0.000004803724
21.987500 0.000003085626
22.012500 0.000007264972
22.037500 0.000004263034
22.062500 0.000003855853
22.087500 0.000004481490
22.112500 0.000002252308
22.137500 0.000002627761
22.162500 0.000001482821
22.187500 0.000002488189
22.212500 0.000002969504
22.237500 0.000001146022
22.262500 0.000003716320
22.287500 0.000003017027
22.312500 0.000000869929
22.337500 0.000002194205
22.362500 0.000001769530
22.387500 0.000000992196
22.412500 0.000001391186
22.437500 0.000001376628
22.462500 0.000000924661
22.487500 0.000001045396
22.512500 0.000001138674
22.537500 0.000000799782
22.562500 0.000001006141
22.587500 0.000000856607
22.612500 0.000000881652
22.637500 0.000000749150
22.662500 0.000000898978
22.687500 0.000000683357
22.712500 0.000000773633
22.737500 0.000000775159
22.762500 0.000000845693
22.787500 0.000000853523
22.812500 0.000000867981
22.837500 0.000001108489
22.862500 0.000001170502
22.887500 0.000001151570
22.912500 0.000001289164
22.937500 0.000002354767
22.962500 0.000000997640
22.987500 0.000002934345
23.012500 0.000002251176
23.037500 0.000003353180
23.062500 0.000002588678
23.087500 0.000002608620
23.112500 0.000001580724
23.137500 0.000001341499
23.162500 0.000001105043
23.187500 0.000001304236
23.212500 0.000000900785
23.237500 0.000001091192
23.262500 0.000001191855
23.287500 0.000001131029
23.312500 0.000001186374
23.337500 0.000001058386
23.362500 0.000001087579
23.387500 0.000001249694
23.412500 0.000001234780
23.437500 0.000001187102
23.462500 0.000001029340
23.487500 0.000001078126
23.512500 0.000000814833
23.537500 0.000000728190
23.562500 0.000000813854
23.587500 0.000000957777
23.612500 0.000000714171
23.637500 0.000000745026
23.662500 0.000000797928
23.687500 0.000000897347
23.712500 0.000000846759
23.737500 0.000000851918
23.762500 0.000000773611
23.787500 0.000000880621
23.812500 0.000000657724
23.837500 0.000000766267
23.862500 0.000000844109
23.887500 0.000000830462
23.912500 0.000000914704
23.937500 0.000000683020
23.962500 0.000001129781
23.987500 0.000000747413
24.012500 0.000002399273
24.037500 0.000000780263
24.062500 0.000001227399
24.087500 0.000003388535
24.112500 0.000000871293
24.137500 0.000002387583
24.162500 0.000000867331
24.187500 0.000001271829
24.212500 0.000001441049
24.237500 0.000003373795
24.262500 0.000001738050
24.287500 0.000003665075
24.312500 0.000002033696
24.337500 0.000002290077
24.362500 0.000002943289
24.387500 0.000001887895
24.412500 0.000001758082
24.437500 0.000001961165
24.462500 0.000000898327
24.487500 0.000001351636
24.512500 0.000000793656
24.537500 0.000001104757
24.562500 0.000001621354
24.587500 0.000000942906
24.612500 0.000001851652
24.637500 0.000000977047
24.662500 0.000001078939
24.687500 0.000000894844
24.712500 0.000002863771
24.737500 0.000001240762
24.762500 0.000001789868
24.787500 0.000001928467
24.812500 0.000004379556
24.837500 0.000003384721
24.862500 0.000001555154
24.887500 0.000008476623
24.912500 0.000001854435
24.937500 0.000004260955
24.962500 0.000004822676
24.987500 0.000001175131
25.012500 0.000030349301
25.037500 0.000049393303
25.062500 0.000004244010
25.087500 0.000002379816
25.112500 0.000003075542
25.137500 0.000002388566
25.162500 0.000002299859
25.187500 0.000004282225
25.212500 0.000002300131
25.237500 0.000005360938
25.262500 0.000002947200
25.287500 0.000003258515
25.312500 0.000002282065
25.337500 0.000002634005
25.362500 0.000001343792
25.387500 0.000003798035
25.412500 0.000004716102
25.437500 0.000007339196
25.462500 0.000001795787
25.487500 0.000004691621
25.512500 0.000003593308
25.537500 0.000001085939
25.562500 0.000002302974
25.587500 0.000000826873
25.612500 0.000001380759
25.637500 0.000002262371
25.662500 0.000001213294
25.687500 0.000000912455
25.712500 0.000001013228
25.737500 0.000000932247
25.762500 0.000000763395
25.787500 0.000001019872
25.812500 0.000001055182
25.837500 0.000000888862
25.862500 0.000001086646
25.887500 0.000001180045
25.912500 0.000001161863
25.937500 0.000001402194
25.962500 0.000001226744
25.987500 0.000001228473
26.012500 0.000001339209
26.037500 0.000001906437
26.062500 0.000001266719
26.087500 0.000002840549
26.112500 0.000004310203
26.137500 0.000004865739
26.162500 0.000003302097
26.187500 0.000002861401
26.212500 0.000003082537
26.237500 0.000002571456
26.262500 0.000001222929
26.287500 0.000001339338
26.312500 0.000000765539
26.337500 0.000001261214
26.362500 0.000000988494
26.387500 0.000001013639
26.412500 0.000001078610
26.437500 0.000001007347
26.462500 0.000001497785
26.487500 0.000001755402
26.512500 0.000003015448
26.537500 0.000004875124
26.562500 0.000005084067
26.587500 0.000003210623
26.612500 0.000003140743
26.637500 0.000002741993
26.662500 0.000001606505
26.687500 0.000001625143
26.712500 0.000001386881
26.737500 0.000001116949
26.762500 0.000001480594
26.787500 0.000001255157
26.812500 0.000000972905
26.837500 0.000000818147
26.862500 0.000001882509
26.887500 0.000000842181
26.912500 0.000002574685
26.937500 0.000001519637
26.962500 0.000000783719
26.987500 0.000001005903
27.012500 0.000000895905
27.037500 0.000001342265
27.062500 0.000000665800
27.087500 0.000001336836
27.112500 0.000000748356
27.137500 0.000001118198
27.162500 0.000000672153
27.187500 0.000001039384
27.212500 0.000000857080
27.237500 0.000000964134
27.262500 0.000001405068
27.287500 0.000000995236
27.312500 0.000001833036
27.337500 0.000001495663
27.362500 0.000001453275
27.387500 0.000001777530
27.412500 0.000001916544
27.437500 0.000001680418
27.462500 0.000002551491
27.487500 0.000001651962
27.512500 0.000002086967
27.537500 0.000001277711
27.562500 0.000001135467
27.587500 0.000001157988
27.612500 0.000000885276
27.637500 0.000001266098
27.662500 0.000001259015
27.687500 0.000001712974
27.712500 0.000001376468
27.737500 0.000001350978
27.762500 0.000000901814
27.787500 0.000001901276
27.812500 0.000002225322
27.837500 0.000002294924
27.862500 0.000001533127
27.887500 0.000003395823
27.912500 0.000000853103
27.937500 0.000004572327
27.962500 0.000004014108
27.987500 0.000002462469
28.012500 0.000002661624
28.037500 0.000001347253
28.062500 0.000001403421
28.087500 0.000001092955
28.112500 0.000001592546
28.137500 0.000001110888
28.162500 0.000001496776
28.187500 0.000001308321
28.212500 0.000001479062
28.237500 0.000001104582
28.262500 0.000001251185
28.287500 0.000000916212
28.312500 0.000000912828
28.337500 0.000002420863
28.362500 0.000003814269
28.387500 0.000001871356
28.412500 0.000002563446
28.437500 0.000000948408
28.462500 0.000000807463
28.487500 0.000001020033
28.512500 0.000001063362
28.537500 0.000001636163
28.562500 0.000002326962
28.587500 0.000001602639
28.612500 0.000001192126
28.637500 0.000000856455
28.662500 0.000000990235
28.687500 0.000000588246
28.712500 0.000000826857
28.737500 0.000000604959
28.762500 0.000001017234
28.787500 0.000001278331
28.812500 0.000000649204
28.837500 0.000000975685
28.862500 0.000000587456
28.887500 0.000000825461
28.912500 0.000000774226
28.937500 0.000000682943
28.962500 0.000000765967
28.987500 0.000000548439
29.012500 0.000000769770
29.037500 0.000000735839
29.062500 0.000001245724
29.087500 0.000000855088
29.112500 0.000001018279
29.137500 0.000000679915
29.162500 0.000000780526
29.187500 0.000001085007
29.212500 0.000000631797
29.237500 0.000000856841
29.262500 0.000000688906
29.287500 0.000001484439
29.312500 0.000000720725
29.337500 0.000002846643
29.362500 0.000000838620
29.387500 0.000001603559
29.412500 0.000001040745
29.437500 0.000000662476
29.462500 0.000000664804
29.487500 0.000000683697
29.512500 0.000000662227
29.537500 0.000000647104
29.562500 0.000000705041
29.587500 0.000000619049
29.612500 0.000000535371
29.637500 0.000000650371
29.662500 0.000000553668
29.687500 0.000000539379
29.712500 0.000000552515
29.737500 0.000000611540
29.762500 0.000000590760
29.787500 0.000000639196
29.812500 0.000000696346
29.837500 0.000000822574
29.862500 0.000000852361
29.887500 0.000001161708
29.912500 0.000000906359
29.937500 0.000000953218
29.962500 0.000000722763
29.987500 0.000001106330
30.012500 0.000000861933
30.037500 0.000001603800
30.062500 0.000000831219
30.087500 0.000001081159
30.112500 0.000000690863
30.137500 0.000000625989
30.162500 0.000000860042
30.187500 0.000000882919
30.212500 0.000001054436
30.237500 0.000001008551
30.262500 0.000001465107
30.287500 0.000001311759
30.312500 0.000002531596
30.337500 0.000002614173
30.362500 0.000003442964
30.387500 0.000003415623
30.412500 0.000004032722
30.437500 0.000005387817
30.462500 0.000004089378
30.487500 0.000006812284
30.512500 0.000002205696
30.537500 0.000004084270
30.562500 0.000004196774
30.587500 0.000002895997
30.612500 0.000001653594
30.637500 0.000001442376
30.662500 0.000001508235
30.687500 0.000001197458
30.712500 0.000001628630
30.737500 0.000001487807
30.762500 0.000003128063
30.787500 0.000002150506
30.812500 0.000005017554
30.837500 0.000004797776
30.862500 0.000007286991
30.887500 0.000005329376
30.912500 0.000006212547
30.937500 0.000004026781
30.962500 0.000004560044
30.987500 0.000002003537
31.012500 0.000001223673
31.037500 0.000001246578
31.062500 0.000001221669
31.087500 0.000001079343
31.112500 0.000001096665
31.137500 0.000001011713
31.162500 0.000000845394
31.187500 0.000000779528
31.212500 0.000000773103
31.237500 0.000000633228
31.262500 0.000000943305
31.287500 0.000000531380
31.312500 0.000000701809
31.337500 0.000000525128
31.362500 0.000000506105
31.387500 0.000000549847
31.412500 0.000000699831
31.437500 0.000000465929
31.462500 0.000000965437
31.487500 0.000000545427
31.512500 0.000000991877
31.537500 0.000000822009
31.562500 0.000000842042
31.587500 0.000000509800
31.612500 0.000000653467
31.637500 0.000000555788
31.662500 0.000000644420
31.687500 0.000000541340
31.712500 0.000000737733
31.737500 0.000000462443
31.762500 0.000000614443
31.787500 0.000001155850
31.812500 0.000000699492
31.837500 0.000002186295
31.862500 0.000000589072
31.887500 0.000001324653
31.912500 0.000000488813
31.937500 0.000000850661
31.962500 0.000000522151
31.987500 0.000000706369
32.012500 0.000000453774
32.037500 0.000000683804
32.062500 0.000000550421
32.087500 0.000000641904
32.112500 0.000000601252
32.137500 0.000000946532
32.162500 0.000000705460
32.187500 0.000000889064
32.212500 0.000000729864
32.237500 0.000000551027
32.262500 0.000000593972
32.287500 0.000000554472
32.312500 0.000000892547
32.337500 0.000000712805
32.362500 0.000000970622
32.387500 0.000000852458
32.412500 0.000000687640
32.437500 0.000001914343
32.462500 0.000000742894
32.487500 0.000004049656
32.512500 0.000001205707
32.537500 0.000004601092
32.562500 0.000000688984
32.587500 0.000003902518
32.612500 0.000000996036
32.637500 0.000001470099
32.662500 0.000001194282
32.687500 0.000001133632
32.712500 0.000001785375
32.737500 0.000001080578
32.762500 0.000000978910
32.787500 0.000000529646
32.812500 0.000000554061
32.837500 0.000000495192
32.862500 0.000000571550
32.887500 0.000000387793
32.912500 0.000000466752
32.937500 0.000000562871
32.962500 0.000000491963
32.987500 0.000000903955
33.012500 0.000000767513
33.037500 0.000000540180
33.062500 0.000000886973
33.087500 0.000002105700
33.112500 0.000000378185
33.137500 0.000003062855
33.162500 0.000001919096
33.187500 0.000000565481
33.212500 0.000000787711
33.237500 0.000000679061
33.262500 0.000000385047
33.287500 0.000000439086
33.312500 0.000000421264
33.337500 0.000000277748
33.362500 0.000000326459
33.387500 0.000000330485
33.412500 0.000000297813
33.437500 0.000000336368
33.462500 0.000000299789
33.487500 0.000000325617
33.512500 0.000000357702
33.537500 0.000000242672
33.562501 0.000000294887
33.587501 0.000000301473
33.612501 0.000000246891
33.637501 0.000000274321
33.662501 0.000000280339
33.687501 0.000000263535
33.712501 0.000000328283
33.737501 0.000000309447
33.762501 0.000000271437
33.787501 0.000000323819
33.812501 0.000000375618
33.837501 0.000000384103
33.862501 0.000000415375
33.887501 0.000000385077
33.912501 0.000000420825
33.937501 0.000000752861
33.962501 0.000000771148
33.987501 0.000000409372
34.012501 0.000000492561
34.037501 0.000000497605
34.062501 0.000000493664
34.087501 0.000000347750
34.112501 0.000000410745
34.137501 0.000000486247
34.162501 0.000000507127
34.187501 0.000000552999
34.212501 0.000000527129
34.237501 0.000000550090
34.262501 0.000000514085
34.287501 0.000000490357
34.312501 0.000000370150
34.337501 0.000000492846
34.362501 0.000000473397
34.387501 0.000000675393
34.412501 0.000000470873
34.437501 0.000000688976
34.462501 0.000000747810
34.487501 0.000000691833
34.512501 0.000000620523
34.537501 0.000000579607
34.562501 0.000000492715
34.587501 0.000000900034
34.612501 0.000000922254
34.637501 0.000000573290
34.662501 0.000000881534
34.687501 0.000001118152
34.712501 0.000001690793
34.737501 0.000002929172
34.762501 0.000000449378
34.787501 0.000001818378
34.812501 0.000000765858
34.837501 0.000001343945
34.862501 0.000001284801
34.887501 0.000000848550
34.912501 0.000000754693
34.937501 0.000001104991
34.962501 0.000001188376
34.987501 0.000001326484
35.012501 0.000001029459
35.037501 0.000001455947
35.062501 0.000001740638
35.087501 0.000000745881
35.112501 0.000002460131
35.137501 0.000001368658
35.162501 0.000002236499
35.187501 0.000003416356
35.212501 0.000000728363
35.237501 0.000001850469
35.262501 0.000011065363
35.287501 0.000002289380
35.312501 0.000008752461
35.337501 0.000004346396
35.362501 0.000007551419
35.387501 0.000054690871
35.412501 0.000028770922
35.437501 0.000002476024
35.462501 0.000001012844
35.487501 0.000001189999
35.512501 0.000001344804
35.537501 0.000001864568
35.562501 0.000001105726
35.587501 0.000002403887
35.612501 0.000000665955
35.637501 0.000006685411
35.662501 0.000001425677
35.687501 0.000009435885
35.712501 0.000003677780
35.737501 0.000003478274
35.762501 0.000001722646
35.787501 0.000000474325
35.812501 0.000000527531
35.837501 0.000001574301
35.862501 0.000000384250
35.887501 0.000000473385
35.912501 0.000000265994
35.937501 0.000000512894
35.962501 0.000000335675
35.987501 0.000000544662
36.012501 0.000000633442
36.037501 0.000000383726
36.062501 0.000000497641
36.087501 0.000000236664
36.112501 0.000000314480
36.137501 0.000000309992
36.162501 0.000000353726
36.187501 0.000000515755
36.212501 0.000000677537
36.237501 0.000000996385
36.262501 0.000000631742
36.287501 0.000000548836
36.312501 0.000000339391
36.337501 0.000000307471
36.362501 0.000000374971
36.387501 0.000000327056
36.412501 0.000000420395
36.437501 0.000000334808
36.462501 0.000000347336
36.487501 0.000000376851
36.512501 0.000000451355
36.537501 0.000000371297
36.562501 0.000000435157
36.587501 0.000000227563
36.612501 0.000000898295
36.637501 0.000000651743
36.662501 0.000000399133
36.687501 0.000000291583
36.712501 0.000000239190
36.737501 0.000001065688
36.762501 0.000001547909
36.787501 0.000000817759
36.812501 0.000000287499
36.837501 0.000000298024
36.862501 0.000000221440
36.887501 0.000000189058
36.912501 0.000000255424
36.937501 0.000000370228
36.962501 0.000000281100
36.987501 0.000000483892
37.012501 0.000000439248
37.037501 0.000000237636
37.062501 0.000000712143
37.087501 0.000000389512
37.112501 0.000000159613
37.137501 0.000000242308
37.162501 0.000000227120
37.187501 0.000000325662
37.212501 0.000000187610
37.237501 0.000000454015
37.262501 0.000000172234
37.287501 0.000000441791
37.312501 0.000000151415
37.337501 0.000000225015
37.362501 0.000000231835
37.387501 0.000000250166
37.412501 0.000000340871
37.437501 0.000000327784
37.462501 0.000000425172
37.487501 0.000000238189
37.512501 0.000000424225
37.537501 0.000000240689
37.562501 0.000000589318
37.587501 0.000000198462
37.612501 0.000000623333
37.637501 0.000000228227
37.662501 0.000000414477
37.687501 0.000000266234
37.712501 0.000000319861
37.737501 0.000000214570
37.762501 0.000000252439
37.787501 0.000000193236
37.812501 0.000000258059
37.837501 0.000000204589
37.862501 0.000000188073
37.887501 0.000000210102
37.912501 0.000000191481
37.937501 0.000000151816
37.962501 0.000000168595
37.987501 0.000000211186
38.012501 0.000000229357
38.037501 0.000000232607
38.062501 0.000000305733
38.087501 0.000000253443
38.112501 0.000000179169
38.137501 0.000000501976
38.162501 0.000000964629
38.187501 0.000000140905
38.212501 0.000000584548
38.237501 0.000000245899
38.262501 0.000000300478
38.287501 0.000000191988
38.312501 0.000000274946
38.337501 0.000000151276
38.362501 0.000000552015
38.387501 0.000000323129
38.412501 0.000000276138
38.437501 0.000000382291
38.462501 0.000001054834
38.487501 0.000000309027
38.512501 0.000000606063
38.537501 0.000001227212
38.562501 0.000003729349
38.587501 0.000000339258
38.612501 0.000002624517
38.637501 0.000000579942
38.662501 0.000000453554
38.687501 0.000000468923
38.712501 0.000000443732
38.737501 0.000000258606
38.762501 0.000000118315
38.787501 0.000000173558
38.812501 0.000000145828
38.837501 0.000000090642
38.862501 0.000000138768
38.887501 0.000000196895
38.912501 0.000000076463
38.937501 0.000000112854
38.962501 0.000000220296
38.987501 0.000000570630
39.012501 0.000000041018
39.037501 0.000000326541
39.062501 0.000000061946
39.087501 0.000000115606
39.112501 0.000000124685
39.137501 0.000000038736
39.162501 0.000000151627
39.187501 0.000000083785
39.212501 0.000000094816
39.237501 0.000000085791
39.262501 0.000000054670
39.287501 0.000000156691
39.312501 0.000000042871
39.337501 0.000000114232
39.362501 0.000000076647
39.387501 0.000000153318
39.412501 0.000000071703
39.437501 0.000000266774
39.462501 0.000000138657
39.487501 0.000000400792
39.512501 0.000000184975
39.537501 0.000000285806
39.562501 0.000000183106
39.587501 0.000000210215
39.612501 0.000000099076
39.637501 0.000000099778
39.662501 0.000000071763
39.687501 0.000000088004
39.712501 0.000000079521
39.737501 0.000000072028
39.762501 0.000000136818
39.787501 0.000000049473
39.812501 0.000000153720
39.837501 0.000000090416
39.862501 0.000000115307
39.887501 0.000000148665
39.912501 0.000000200986
39.937501 0.000000028694
39.962501 0.000000263049
39.987501 0.000000067271
