0.000000 1.000000000000
0.087500 0.400785588808
0.112500 0.160648293254
0.137500 0.064401258767
0.162500 0.000091911576
0.187500 0.000029846279
0.237500 0.015324797447
0.262500 0.013322001527
0.287500 0.000002744547
0.312500 0.000080077014
0.337500 0.000446417983
0.362500 0.000061591160
0.387500 0.001798495167
0.412500 0.003603783713
0.437500 0.000000691385
0.462500 0.000244575510
0.487500 0.000055853662
0.512500 0.000001729347
0.537500 0.000336618003
0.562500 0.001157413256
0.587500 0.000085842995
0.612500 0.000102591094
0.637500 0.000014467246
0.662500 0.000001296525
0.687500 0.000023548071
0.712500 0.000275574043
0.737500 0.000338645960
0.762500 0.000024250889
0.787500 0.000018504456
0.812500 0.000005698136
0.837500 0.000008222872
0.862500 0.000088574835
0.887500 0.000188740775
0.912500 0.000021666197
0.937500 0.000016107678
0.962500 0.000002587784
0.987500 0.000003600197
1.012500 0.000047558308
1.037500 0.000007368618
1.062500 0.000099963994
1.087500 0.000008969516
1.112500 0.000003005938
1.137500 0.000002733367
1.162500 0.000001040769
1.187500 0.000028935857
1.212500 0.000054282086
1.237500 0.000004345676
1.262500 0.000004153687
1.287500 0.000002002499
1.312500 0.000000401847
1.337500 0.000015934316
1.362500 0.000001271703
1.387500 0.000034047127
1.412500 0.000004975201
1.437500 0.000001152857
1.462500 0.000000357927
1.487500 0.000009819533
1.512500 0.000000975304
1.537500 0.000021917130
1.562500 0.000003857092
1.587500 0.000000924309
1.612500 0.000000256254
1.637500 0.000003189872
1.662500 0.000003305992
1.687500 0.000000230728
1.712500 0.000014878554
1.737500 0.000002451095
1.762500 0.000000434941
1.787500 0.000000300115
1.812500 0.000003821213
1.837500 0.000000177163
1.862500 0.000010780384
1.887500 0.000002160358
1.912500 0.000000487697
1.937500 0.000000280267
1.962500 0.000002649112
1.987500 0.000000291451
2.012500 0.000000259134
2.037500 0.000009210849
2.062500 0.000000442323
2.087500 0.000000198577
2.112500 0.000001954910
2.137500 0.000000230735
2.162500 0.000000230475
2.187500 0.000006365561
2.212500 0.000001048117
2.237500 0.000000309734
2.262500 0.000000201686
2.287500 0.000001315506
2.312500 0.000000198868
2.337500 0.000000133157
2.362500 0.000005531128
2.387500 0.000000241827
2.412500 0.000000158168
2.437500 0.000001012877
2.462500 0.000000178387
2.487500 0.000000124945
2.512500 0.000004156275
2.537500 0.000000401421
2.562500 0.000000208065
2.587500 0.000000802178
2.612500 0.000000180321
2.637500 0.000000136296
2.662500 0.000000920062
2.687500 0.000002655843
2.712500 0.000000212546
2.737500 0.000000410313
2.762500 0.000000393240
2.787500 0.000000178615
2.812500 0.000000167391
2.837500 0.000002528316
2.862500 0.000000367570
2.887500 0.000000200015
2.912500 0.000000519736
2.937500 0.000000202741
2.962500 0.000000173229
2.987500 0.000000715429
3.012500 0.000001857131
3.037500 0.000000214553
3.062500 0.000000420146
3.087500 0.000000193658
3.112500 0.000000174319
3.137500 0.000000618714
3.162500 0.000001573007
3.187500 0.000000351922
3.212500 0.000000367529
3.237500 0.000000221535
3.262500 0.000000306499
3.287500 0.000000652067
3.312500 0.000000308051
3.337500 0.000001308385
3.362500 0.000000288050
3.387500 0.000000390155
3.412500 0.000000273866
3.437500 0.000000225272
3.462500 0.000000627788
3.487500 0.000001153007
3.512500 0.000000292741
3.537500 0.000000384406
3.562500 0.000000246393
3.587500 0.000000234589
3.612500 0.000000561034
3.637500 0.000000245706
3.662500 0.000000985413
3.687500 0.000000298820
3.712500 0.000000242983
3.737500 0.000000251184
3.762500 0.000000542715
3.787500 0.000000258055
3.812500 0.000000887916
3.837500 0.000000364124
3.862500 0.000000282404
3.887500 0.000000258108
3.912500 0.000000312558
3.937500 0.000000535091
3.962500 0.000000296710
3.987500 0.000000822313
4.012500 0.000000354128
4.037500 0.000000260815
4.062500 0.000000299273
4.087500 0.000000478250
4.112500 0.000000314404
4.137500 0.000000713862
4.162500 0.000000353973
4.187500 0.000000323312
4.212500 0.000000357507
4.237500 0.000000486235
4.262500 0.000000339616
4.287500 0.000000331710
4.312500 0.000000720661
4.337500 0.000000337664
4.362500 0.000000331147
4.387500 0.000000526837
4.412500 0.000000351421
4.437500 0.000000380072
4.462500 0.000000649503
4.487500 0.000000425336
4.512500 0.000000343322
4.537500 0.000000467544
4.562500 0.000000511564
4.587500 0.000000405365
4.612500 0.000000442884
4.637500 0.000000680770
4.662500 0.000000451360
4.687500 0.000000382720
4.712500 0.000000503623
4.737500 0.000000369599
4.762500 0.000000370460
4.787500 0.000000620090
4.812500 0.000000385698
4.837500 0.000000404338
4.862500 0.000000499622
4.887500 0.000000410514
4.912500 0.000000400896
4.937500 0.000000421514
4.962500 0.000000601267
4.987500 0.000000420725
5.012500 0.000000426065
5.037500 0.000000549387
5.062500 0.000000415917
5.087500 0.000000432114
5.112500 0.000000573235
5.137500 0.000000438431
5.162500 0.000000433161
5.187500 0.000000527345
5.212500 0.000000432090
5.237500 0.000000440630
5.262500 0.000000485979
5.287500 0.000000604273
5.312500 0.000000491028
5.337500 0.000000550010
5.362500 0.000000484071
5.387500 0.000000493903
5.412500 0.000000474515
5.437500 0.000000633565
5.462500 0.000000473658
5.487500 0.000000555138
5.512500 0.000000485080
5.537500 0.000000493497
5.562500 0.000000508470
5.587500 0.000000495419
5.612500 0.000000614530
5.637500 0.000000490915
5.662500 0.000000598108
5.687500 0.000000509863
5.712500 0.000000511495
5.737500 0.000000528946
5.762500 0.000000642339
5.787500 0.000000582881
5.812500 0.000000620704
5.837500 0.000000571360
5.862500 0.000000592429
5.887500 0.000000552073
5.912500 0.000000553611
5.937500 0.000000640957
5.962500 0.000000603788
5.987500 0.000000544975
6.012500 0.000000565784
6.037500 0.000000558670
6.062500 0.000000576408
6.087500 0.000000641237
6.112500 0.000000593410
6.137500 0.000000623398
6.162500 0.000000571219
6.187500 0.000000595682
6.212500 0.000000611684
6.237500 0.000000592295
6.262500 0.000000685785
6.287500 0.000000651921
6.312500 0.000000616494
6.337500 0.000000624340
6.362500 0.000000608213
6.387500 0.000000634552
6.412500 0.000000682898
6.437500 0.000000738259
6.462500 0.000000660533
6.487500 0.000000712096
6.512500 0.000000726907
6.537500 0.000000683795
6.562500 0.000000703615
6.587500 0.000000789159
6.612500 0.000000707256
6.637500 0.000000726553
6.662500 0.000000721090
6.687500 0.000000730071
6.712500 0.000000680337
6.737500 0.000000717108
6.762500 0.000000803075
6.787500 0.000000712869
6.812500 0.000000785975
6.837500 0.000000884901
6.862500 0.000000774811
6.887500 0.000001205763
6.912500 0.000001086705
6.937500 0.000001583950
6.962500 0.000001513237
6.987500 0.000000921509
7.012500 0.000001840763
7.037500 0.000001267011
7.062500 0.000000840154
7.087500 0.000000947398
7.112500 0.000000873920
7.137500 0.000000773140
7.162500 0.000000756803
7.187500 0.000000777410
7.212500 0.000000767787
7.237500 0.000000825785
7.262500 0.000000782136
7.287500 0.000000823210
7.312500 0.000000855108
7.337500 0.000000807658
7.362500 0.000000861883
7.387500 0.000000902933
7.412500 0.000000802100
7.437500 0.000000812103
7.462500 0.000000856810
7.487500 0.000000833433
7.512500 0.000000804946
7.537500 0.000000854437
7.562500 0.000000854309
7.587500 0.000000846165
7.612500 0.000000831681
7.637500 0.000000893531
7.662500 0.000000920855
7.687500 0.000000923660
7.712500 0.000000943294
7.737500 0.000000846092
7.762500 0.000000877046
7.787500 0.000000885051
7.812500 0.000000855649
7.837500 0.000000828755
7.862500 0.000000863930
7.887500 0.000000874552
7.912500 0.000000867267
7.937500 0.000000879474
7.962500 0.000000838870
7.987500 0.000000889194
8.012500 0.000000881123
8.037500 0.000000886206
8.062500 0.000000886738
8.087500 0.000000920382
8.112500 0.000000894842
8.137500 0.000000892870
8.162500 0.000000924385
8.187500 0.000000927523
8.212500 0.000000935996
8.237500 0.000000945824
8.262500 0.000000936151
8.287500 0.000000908348
8.312500 0.000000903590
8.337500 0.000000923522
8.362500 0.000000924785
8.387500 0.000000950346
8.412500 0.000000954901
8.437500 0.000000921133
8.462500 0.000000925443
8.487500 0.000000922984
8.512500 0.000000936488
8.537500 0.000000977451
8.562500 0.000000964983
8.587500 0.000000985087
8.612500 0.000000981447
8.637500 0.000001003413
8.662500 0.000001012183
8.687500 0.000000987362
8.712500 0.000001022523
8.737500 0.000000984169
8.762500 0.000001006818
8.787500 0.000000988891
8.812500 0.000001005784
8.837500 0.000000971758
8.862500 0.000001017238
8.887500 0.000000992823
8.912500 0.000000998740
8.937500 0.000000995669
8.962500 0.000000997613
8.987500 0.000001000599
9.012500 0.000001018909
9.037500 0.000001047127
9.062500 0.000001025879
9.087500 0.000001045645
9.112500 0.000001037309
9.137500 0.000001067113
9.162500 0.000001055702
9.187500 0.000001090574
9.212500 0.000001082916
9.237500 0.000001058968
9.262500 0.000001090175
9.287500 0.000001074389
9.312500 0.000001057932
9.337500 0.000001128799
9.362500 0.000001213216
9.387500 0.000001108876
9.412500 0.000001187019
9.437500 0.000001351339
9.462500 0.000001176585
9.487500 0.000001110158
9.512500 0.000001185932
9.537500 0.000001127603
9.562500 0.000001108286
9.587500 0.000001120086
9.612500 0.000001131829
9.637500 0.000001090137
9.662500 0.000001120019
9.687500 0.000001096052
9.712500 0.000001110843
9.737500 0.000001101502
9.762500 0.000001121134
9.787500 0.000001115146
9.812500 0.000001155319
9.837500 0.000001162866
9.862500 0.000001138466
9.887500 0.000001156080
9.912500 0.000001183626
9.937500 0.000001133182
9.962500 0.000001134252
9.987500 0.000001140250
10.012500 0.000001143921
10.037500 0.000001157888
10.062500 0.000001189056
10.087500 0.000001186135
10.112500 0.000001153825
10.137500 0.000001199742
10.162500 0.000001168426
10.187500 0.000001302960
10.212500 0.000001505271
10.237500 0.000001319914
10.262500 0.000001408672
10.287500 0.000001773815
10.312500 0.000001401404
10.337500 0.000001280915
10.362500 0.000001341190
10.387500 0.000001270847
10.412500 0.000001214834
10.437500 0.000001222591
10.462500 0.000001224499
10.487500 0.000001206814
10.512500 0.000001253689
10.537500 0.000001257243
10.562500 0.000001289882
10.587500 0.000001283622
10.612500 0.000001293200
10.637500 0.000001288987
10.662500 0.000001252880
10.687500 0.000001257452
10.712500 0.000001221904
10.737500 0.000001248352
10.762500 0.000001236965
10.787500 0.000001225803
10.812500 0.000001249532
10.837500 0.000001233702
10.862500 0.000001244773
10.887500 0.000001244878
10.912500 0.000001257996
10.937500 0.000001237320
10.962500 0.000001233037
10.987500 0.000001275594
11.012500 0.000001256199
11.037500 0.000001292689
11.062500 0.000001285924
11.087500 0.000001286343
11.112500 0.000001292133
11.137500 0.000001307977
11.162500 0.000001292682
11.187500 0.000001338820
11.212500 0.000001348517
11.237500 0.000001422707
11.262500 0.000001490591
11.287500 0.000001482776
11.312500 0.000001427865
11.337500 0.000001365825
11.362500 0.000001393091
11.387500 0.000001366052
11.412500 0.000001322374
11.437500 0.000001357989
11.462500 0.000001360111
11.487500 0.000001354582
11.512500 0.000001417103
11.537500 0.000001391237
11.562500 0.000001427037
11.587500 0.000001361938
11.612500 0.000001377196
11.637500 0.000001375917
11.662500 0.000001395533
11.687500 0.000001407119
11.712500 0.000001422260
11.737500 0.000001504060
11.762500 0.000001450111
11.787500 0.000001438170
11.812500 0.000001383905
11.837500 0.000001459395
11.862500 0.000001492811
11.887500 0.000001394562
11.912500 0.000001540251
11.937500 0.000001636425
11.962500 0.000001667527
11.987500 0.000001631175
12.012500 0.000001819844
12.037500 0.000001594777
12.062500 0.000001557546
12.087500 0.000001673233
12.112500 0.000001449602
12.137500 0.000001512009
12.162500 0.000001881960
12.187500 0.000001466441
12.212500 0.000001446932
12.237500 0.000001476381
12.262500 0.000002476468
12.287500 0.000001597188
12.312500 0.000001831753
12.337500 0.000010568406
12.362500 0.000001643996
12.387500 0.000001478241
12.412500 0.000009569174
12.437500 0.000003250475
12.462500 0.000005478596
12.487500 0.000003843767
12.512500 0.000005523355
12.537500 0.000011870688
12.562500 0.000007215093
12.587500 0.000001752280
12.612500 0.000007704778
12.637500 0.000003504678
12.662500 0.000001687379
12.687500 0.000001701174
12.712500 0.000008295395
12.737500 0.000002254725
12.762500 0.000001788816
12.787500 0.000002071569
12.812500 0.000009989168
12.837500 0.000001635665
12.862500 0.000001601314
12.887500 0.000002549206
12.912500 0.000001608811
12.937500 0.000001673417
12.962500 0.000001845121
12.987500 0.000001547802
13.012500 0.000001685217
13.037500 0.000001673464
13.062500 0.000001540393
13.087500 0.000001628535
13.112500 0.000001725508
13.137500 0.000001568997
13.162500 0.000002207592
13.187500 0.000001816258
13.212500 0.000001638603
13.237500 0.000001829341
13.262500 0.000001983789
13.287500 0.000001662437
13.312500 0.000003190371
13.337500 0.000005226888
13.362500 0.000003469632
13.387500 0.000005326761
13.412500 0.000010436376
13.437500 0.000005382290
13.462500 0.000003451452
13.487500 0.000005172347
13.512500 0.000003346468
13.537500 0.000002062074
13.562500 0.000001979772
13.587500 0.000001830794
13.612500 0.000001993906
13.637500 0.000002626641
13.662500 0.000001860831
13.687500 0.000002635498
13.712500 0.000001668402
13.737500 0.000005064655
13.762500 0.000002126316
13.787500 0.000006736904
13.812500 0.000002490147
13.837500 0.000002374277
13.862500 0.000005854098
13.887500 0.000002993255
13.912500 0.000007007066
13.937500 0.000007611600
13.962500 0.000006226996
13.987500 0.000009845229
14.012500 0.000007249421
14.037500 0.000006234011
14.062500 0.000003732936
14.087500 0.000002851499
14.112500 0.000002977162
14.137500 0.000002263164
14.162500 0.000003005590
14.187500 0.000002717887
14.212500 0.000002438257
14.237500 0.000002569628
14.262500 0.000004232830
14.287500 0.000007524127
14.312500 0.000005637630
14.337500 0.000005693963
14.362500 0.000008005821
14.387500 0.000005356713
14.412500 0.000004052478
14.437500 0.000002855402
14.462500 0.000002291087
14.487500 0.000002252697
14.512500 0.000002577395
14.537500 0.000002485754
14.562500 0.000002457471
14.587500 0.000002028074
14.612500 0.000003417274
14.637500 0.000003203150
14.662500 0.000006686669
14.687500 0.000004769586
14.712500 0.000007677871
14.737500 0.000006609180
14.762500 0.000005459923
14.787500 0.000007598801
14.812500 0.000003500964
14.837500 0.000004549242
14.862500 0.000002701679
14.887500 0.000002291532
14.912500 0.000002075660
14.937500 0.000002235601
14.962500 0.000002111902
14.987500 0.000002247069
15.012500 0.000002103266
15.037500 0.000002633756
15.062500 0.000001773882
15.087500 0.000004214306
15.112500 0.000001931166
15.137500 0.000003605520
15.162500 0.000002803663
15.187500 0.000002831962
15.212500 0.000002056657
15.237500 0.000002065966
15.262500 0.000001801720
15.287500 0.000001943121
15.312500 0.000001826406
15.337500 0.000001964708
15.362500 0.000001679424
15.387500 0.000002086099
15.412500 0.000002077024
15.437500 0.000001935767
15.462500 0.000001699395
15.487500 0.000001828556
15.512500 0.000001711382
15.537500 0.000001638694
15.562500 0.000001798096
15.587500 0.000001611182
15.612500 0.000001763336
15.637500 0.000001814862
15.662500 0.000001797411
15.687500 0.000001693068
15.712500 0.000002085718
15.737500 0.000002070209
15.762500 0.000001982168
15.787500 0.000001920552
15.812500 0.000001611514
15.837500 0.000001714761
15.862500 0.000001612471
15.887500 0.000001594722
15.912500 0.000001612235
15.937500 0.000001607285
15.962500 0.000001583603
15.987500 0.000001617157
16.012500 0.000001677794
16.037500 0.000001612020
16.062500 0.000001886105
16.087500 0.000001598811
16.112500 0.000001866468
16.137500 0.000001614223
16.162500 0.000001645163
16.187500 0.000001621033
16.212500 0.000001615547
16.237500 0.000001596733
16.262500 0.000001647167
16.287500 0.000001616026
16.312500 0.000001636567
16.337500 0.000001666177
16.362500 0.000001784956
16.387500 0.000001655659
16.412500 0.000001846489
16.437500 0.000001621381
16.462500 0.000001684392
16.487500 0.000001681386
16.512500 0.000001675912
16.537500 0.000001637388
16.562500 0.000001677115
16.587500 0.000001674184
16.612500 0.000001647551
16.637500 0.000001585686
16.662500 0.000001672289
16.687500 0.000001645149
16.712500 0.000001635916
16.737500 0.000001636117
16.762500 0.000001621718
16.787500 0.000001662420
16.812500 0.000001675633
16.837500 0.000001646505
16.862500 0.000001727806
16.887500 0.000001743922
16.912500 0.000001705656
16.937500 0.000001601279
16.962500 0.000001637609
16.987500 0.000001596211
17.012500 0.000001575106
17.037500 0.000001588285
17.062500 0.000001584673
17.087500 0.000001548684
17.112500 0.000001552381
17.137500 0.000001530293
17.162500 0.000001533272
17.187500 0.000001546577
17.212500 0.000001529259
17.237500 0.000001571755
17.262500 0.000001588752
17.287500 0.000001573114
17.312500 0.000001597751
17.337500 0.000001608904
17.362500 0.000001596718
17.387500 0.000001596215
17.412500 0.000001627235
17.437500 0.000001576850
17.462500 0.000001611926
17.487500 0.000001536671
17.512500 0.000001582055
17.537500 0.000001533573
17.562500 0.000001540814
17.587500 0.000001567727
17.612500 0.000001540152
17.637500 0.000001589523
17.662500 0.000001554922
17.687500 0.000001620621
17.712500 0.000001617097
17.737500 0.000001630943
17.762500 0.000001584001
17.787500 0.000001572126
17.812500 0.000001621856
17.837500 0.000001561800
17.862500 0.000001623783
17.887500 0.000001518788
17.912500 0.000001642158
17.937500 0.000001515421
17.962500 0.000001643526
17.987500 0.000001840805
18.012500 0.000001706339
18.037500 0.000001727639
18.062500 0.000001842640
18.087500 0.000002369761
18.112500 0.000001648991
18.137500 0.000003578877
18.162500 0.000003346652
18.187500 0.000002331691
18.212500 0.000006149270
18.237500 0.000004041388
18.262500 0.000003466816
18.287500 0.000001665359
18.312500 0.000002376602
18.337500 0.000001815395
18.362500 0.000001699464
18.387500 0.000001619695
18.412500 0.000001973934
18.437500 0.000001584673
18.462500 0.000001624847
18.487500 0.000001616732
18.512500 0.000001697776
18.537500 0.000001600023
18.562500 0.000001574932
18.587500 0.000001615586
18.612500 0.000001532568
18.637500 0.000001592320
18.662500 0.000001532827
18.687500 0.000001604760
18.712500 0.000001526710
18.737500 0.000001535218
18.762500 0.000001577956
18.787500 0.000001577224
18.812500 0.000001549684
18.837500 0.000001576963
18.862500 0.000001546185
18.887500 0.000001546522
18.912500 0.000001562860
18.937500 0.000001552047
18.962500 0.000001604961
18.987500 0.000001565804
19.012500 0.000001640600
19.037500 0.000001657681
19.062500 0.000001592475
19.087500 0.000001664325
19.112500 0.000001883329
19.137500 0.000002437154
19.162500 0.000002947466
19.187500 0.000002702009
19.212500 0.000003449889
19.237500 0.000004121868
19.262500 0.000003452868
19.287500 0.000002693478
19.312500 0.000001989222
19.337500 0.000001959620
19.362500 0.000001842931
19.387500 0.000001644456
19.412500 0.000001700984
19.437500 0.000001728705
19.462500 0.000001628198
19.487500 0.000001561764
19.512500 0.000001639518
19.537500 0.000001593047
19.562500 0.000001646837
19.587500 0.000001556002
19.612500 0.000001530399
19.637500 0.000001518362
19.662500 0.000001515540
19.687500 0.000001525469
19.712500 0.000001486206
19.737500 0.000001507949
19.762500 0.000001488205
19.787500 0.000001502730
19.812500 0.000001501548
19.837500 0.000001490447
19.862500 0.000001495349
19.887500 0.000001489238
19.912500 0.000001567295
19.937500 0.000001508861
19.962500 0.000001695008
19.987500 0.000001558063
20.012500 0.000001643441
20.037500 0.000001614015
20.062500 0.000001523610
20.087500 0.000001578797
20.112500 0.000001500516
20.137500 0.000001582793
20.162500 0.000001552949
20.187500 0.000001550787
20.212500 0.000001681238
20.237500 0.000001563543
20.262500 0.000001645246
20.287500 0.000001592846
20.312500 0.000001521094
20.337500 0.000001568982
20.362500 0.000001464859
20.387500 0.000001492122
20.412500 0.000001511710
20.437500 0.000001458862
20.462500 0.000001499048
20.487500 0.000001492039
20.512500 0.000001491988
20.537500 0.000001499941
20.562500 0.000001496253
20.587500 0.000001480616
20.612500 0.000001472206
20.637500 0.000001468111
20.662500 0.000001483821
20.687500 0.000001471767
20.712500 0.000001492591
20.737500 0.000001494767
20.762500 0.000001480820
20.787500 0.000001489988
20.812500 0.000001478574
20.837500 0.000001474778
20.862500 0.000001455636
20.887500 0.000001485970
20.912500 0.000001458477
20.937500 0.000001478821
20.962500 0.000001478779
20.987500 0.000001525936
21.012500 0.000001521637
21.037500 0.000001506958
21.062500 0.000001522142
21.087500 0.000001473613
21.112500 0.000001501011
21.137500 0.000001490111
21.162500 0.000001504431
21.187500 0.000001490726
21.212500 0.000001498386
21.237500 0.000001456502
21.262500 0.000001460576
21.287500 0.000001480055
21.312500 0.000001439821
21.337500 0.000001474880
21.362500 0.000001476471
21.387500 0.000001485053
21.412500 0.000001462960
21.437500 0.000001535008
21.462500 0.000001495993
21.487500 0.000001488397
21.512500 0.000001602995
21.537500 0.000001593995
21.562500 0.000001698534
21.587500 0.000001549725
21.612500 0.000001935080
21.637500 0.000001607847
21.662500 0.000001480458
21.687500 0.000002729678
21.712500 0.000001473121
21.737500 0.000003555233
21.762500 0.000001491958
21.787500 0.000002786881
21.812500 0.000001491184
21.837500 0.000001875664
21.862500 0.000001532406
21.887500 0.000001576103
21.912500 0.000001709139
21.937500 0.000001481742
21.962500 0.000001587287
21.987500 0.000001497560
22.012500 0.000001488000
22.037500 0.000001452090
22.062500 0.000001428813
22.087500 0.000001483833
22.112500 0.000001466790
22.137500 0.000001536065
22.162500 0.000001467854
22.187500 0.000001463251
22.212500 0.000001559455
22.237500 0.000001537415
22.262500 0.000002090162
22.287500 0.000001681073
22.312500 0.000001987435
22.337500 0.000002966399
22.362500 0.000001727500
22.387500 0.000002997554
22.412500 0.000002243798
22.437500 0.000002271586
22.462500 0.000001899532
22.487500 0.000002408644
22.512500 0.000002590289
22.537500 0.000003417205
22.562500 0.000004421165
22.587500 0.000004766723
22.612500 0.000004708053
22.637500 0.000003315091
22.662500 0.000004022344
22.687500 0.000003456051
22.712500 0.000004542325
22.737500 0.000002752992
22.762500 0.000005124827
22.787500 0.000003382060
22.812500 0.000002861059
22.837500 0.000003447129
22.862500 0.000002432597
22.887500 0.000002467015
22.912500 0.000001987056
22.937500 0.000001938720
22.962500 0.000001666974
22.987500 0.000001713894
23.012500 0.000001668755
23.037500 0.000001678980
23.062500 0.000001761268
23.087500 0.000001856893
23.112500 0.000001740461
23.137500 0.000002211188
23.162500 0.000002529226
23.187500 0.000003602789
23.212500 0.000002682566
23.237500 0.000003029349
23.262500 0.000003434930
23.287500 0.000002038475
23.312500 0.000002385284
23.337500 0.000002075224
23.362500 0.000001925756
23.387500 0.000002339375
23.412500 0.000002599065
23.437500 0.000001804753
23.462500 0.000002552174
23.487500 0.000002381770
23.512500 0.000002106456
23.537500 0.000001664084
23.562500 0.000001719974
23.587500 0.000001790805
23.612500 0.000001555025
23.637500 0.000001546120
23.662500 0.000001450778
23.687500 0.000001462234
23.712500 0.000001457524
23.737500 0.000001570960
23.762500 0.000001423187
23.787500 0.000001484246
23.812500 0.000001429971
23.837500 0.000001416179
23.862500 0.000001413844
23.887500 0.000001435115
23.912500 0.000001618804
23.937500 0.000001380756
23.962500 0.000001552985
23.987500 0.000001461023
24.012500 0.000001409143
24.037500 0.000001404828
24.062500 0.000001624381
24.087500 0.000001408800
24.112500 0.000001462103
24.137500 0.000001411235
24.162500 0.000001376937
24.187500 0.000001404949
24.212500 0.000001385403
24.237500 0.000001710043
24.262500 0.000001552284
24.287500 0.000001392731
24.312500 0.000001376329
24.337500 0.000001429059
24.362500 0.000001419190
24.387500 0.000001912662
24.412500 0.000001437260
24.437500 0.000001666496
24.462500 0.000001441915
24.487500 0.000001397431
24.512500 0.000001474536
24.537500 0.000001475290
24.562500 0.000002203764
24.587500 0.000001854776
24.612500 0.000001468017
24.637500 0.000001492894
24.662500 0.000001476151
24.687500 0.000001412667
24.712500 0.000002948427
24.737500 0.000002217536
24.762500 0.000001479561
24.787500 0.000001515050
24.812500 0.000001499437
24.837500 0.000001444949
24.862500 0.000001367167
24.887500 0.000007991863
24.912500 0.000001515238
24.937500 0.000002452982
24.962500 0.000002889681
24.987500 0.000001411440
25.012500 0.000003956805
25.037500 0.000039338970
25.062500 0.000021238843
25.087500 0.000001726312
25.112500 0.000002112061
25.137500 0.000001467987
25.162500 0.000001523989
25.187500 0.000001548033
25.212500 0.000001618065
25.237500 0.000001617978
25.262500 0.000001538140
25.287500 0.000001537336
25.312500 0.000001520642
25.337500 0.000002019669
25.362500 0.000001552763
25.387500 0.000002565890
25.412500 0.000002910759
25.437500 0.000003946786
25.462500 0.000001597280
25.487500 0.000002996846
25.512500 0.000002668933
25.537500 0.000001639738
25.562500 0.000002164838
25.587500 0.000001673042
25.612500 0.000001563151
25.637500 0.000001829488
25.662500 0.000002232727
25.687500 0.000002048485
25.712500 0.000002624381
25.737500 0.000002807137
25.762500 0.000002925853
25.787500 0.000002486077
25.812500 0.000002588895
25.837500 0.000002397544
25.862500 0.000002424381
25.887500 0.000002056697
25.912500 0.000002393872
25.937500 0.000002692841
25.962500 0.000002430666
25.987500 0.000003025142
26.012500 0.000002140420
26.037500 0.000002295711
26.062500 0.000002473471
26.087500 0.000002476902
26.112500 0.000002647832
26.137500 0.000004067693
26.162500 0.000003517746
26.187500 0.000004514141
26.212500 0.000003528683
26.237500 0.000003636770
26.262500 0.000003904955
26.287500 0.000002881243
26.312500 0.000003226754
26.337500 0.000002284481
26.362500 0.000002049744
26.387500 0.000001816845
26.412500 0.000001681900
26.437500 0.000001603387
26.462500 0.000001606130
26.487500 0.000001599987
26.512500 0.000001557651
26.537500 0.000001558688
26.562500 0.000001511521
26.587500 0.000001487345
26.612500 0.000001493269
26.637500 0.000001472784
26.662500 0.000001545826
26.687500 0.000001494197
26.712500 0.000001473210
26.737500 0.000001577470
26.762500 0.000001503233
26.787500 0.000001568448
26.812500 0.000001486924
26.837500 0.000001493957
26.862500 0.000001503486
26.887500 0.000001473326
26.912500 0.000001538020
26.937500 0.000001609039
26.962500 0.000001578136
26.987500 0.000001458296
27.012500 0.000001520829
27.037500 0.000001537461
27.062500 0.000001562149
27.087500 0.000001602184
27.112500 0.000001590171
27.137500 0.000001554506
27.162500 0.000001571226
27.187500 0.000001624501
27.212500 0.000001564693
27.237500 0.000001546732
27.262500 0.000001564099
27.287500 0.000001510024
27.312500 0.000001528563
27.337500 0.000001525479
27.362500 0.000001535810
27.387500 0.000001542538
27.412500 0.000001554576
27.437500 0.000001538854
27.462500 0.000001516383
27.487500 0.000001544202
27.512500 0.000001541567
27.537500 0.000001482260
27.562500 0.000001495803
27.587500 0.000001532147
27.612500 0.000001548490
27.637500 0.000001516102
27.662500 0.000001575567
27.687500 0.000001543074
27.712500 0.000001484115
27.737500 0.000001567290
27.762500 0.000001622931
27.787500 0.000001483442
27.812500 0.000001668926
27.837500 0.000001632383
27.862500 0.000001554480
27.887500 0.000001775404
27.912500 0.000003013897
27.937500 0.000002801591
27.962500 0.000001744438
27.987500 0.000002151363
28.012500 0.000002880082
28.037500 0.000001961748
28.062500 0.000001970440
28.087500 0.000002678286
28.112500 0.000001468415
28.137500 0.000002945868
28.162500 0.000001631494
28.187500 0.000001541314
28.212500 0.000001462336
28.237500 0.000001534029
28.262500 0.000001550996
28.287500 0.000001602274
28.312500 0.000001582086
28.337500 0.000001526668
28.362500 0.000001621872
28.387500 0.000001981446
28.412500 0.000002620838
28.437500 0.000001992056
28.462500 0.000001990622
28.487500 0.000001530985
28.512500 0.000001623967
28.537500 0.000001603623
28.562500 0.000001600560
28.587500 0.000001748026
28.612500 0.000002091945
28.637500 0.000001983080
28.662500 0.000001933079
28.687500 0.000002141892
28.712500 0.000001638261
28.737500 0.000001748719
28.762500 0.000001646434
28.787500 0.000002045455
28.812500 0.000002504746
28.837500 0.000002050843
28.862500 0.000003270933
28.887500 0.000001581632
28.912500 0.000002051349
28.937500 0.000001512453
28.962500 0.000001621195
28.987500 0.000001577623
29.012500 0.000001591730
29.037500 0.000001486841
29.062500 0.000001471771
29.087500 0.000001611228
29.112500 0.000001514482
29.137500 0.000001550060
29.162500 0.000001473001
29.187500 0.000001566008
29.212500 0.000001404521
29.237500 0.000001665332
29.262500 0.000001407962
29.287500 0.000001651840
29.312500 0.000001412051
29.337500 0.000001514056
29.362500 0.000001414770
29.387500 0.000001436849
29.412500 0.000001451605
29.437500 0.000001485668
29.462500 0.000001483795
29.487500 0.000001471027
29.512500 0.000001418991
29.537500 0.000001502599
29.562500 0.000001442105
29.587500 0.000001459897
29.612500 0.000001489420
29.637500 0.000001462936
29.662500 0.000001418722
29.687500 0.000001424374
29.712500 0.000001371099
29.737500 0.000001378535
29.762500 0.000001350229
29.787500 0.000001350698
29.812500 0.000001330167
29.837500 0.000001350434
29.862500 0.000001341299
29.887500 0.000001343470
29.912500 0.000001345372
29.937500 0.000001338357
29.962500 0.000001327739
29.987500 0.000001320397
30.012500 0.000001337064
30.037500 0.000001345336
30.062500 0.000001323724
30.087500 0.000001323399
30.112500 0.000001321561
30.137500 0.000001307847
30.162500 0.000001301812
30.187500 0.000001297912
30.212500 0.000001326644
30.237500 0.000001320665
30.262500 0.000001346804
30.287500 0.000001322298
30.312500 0.000001328525
30.337500 0.000001308634
30.362500 0.000001293127
30.387500 0.000001285731
30.412500 0.000001282734
30.437500 0.000001289226
30.462500 0.000001327305
30.487500 0.000001324101
30.512500 0.000001340168
30.537500 0.000001415483
30.562500 0.000001343934
30.587500 0.000001395242
30.612500 0.000001338579
30.637500 0.000001340761
30.662500 0.000001318003
30.687500 0.000001335452
30.712500 0.000001343774
30.737500 0.000001332873
30.762500 0.000001331533
30.787500 0.000001314510
30.812500 0.000001385822
30.837500 0.000001485432
30.862500 0.000001378127
30.887500 0.000001395923
30.912500 0.000001469572
30.937500 0.000002113714
30.962500 0.000002456315
30.987500 0.000001879782
31.012500 0.000001720438
31.037500 0.000001565453
31.062500 0.000001418559
31.087500 0.000001595571
31.112500 0.000001638160
31.137500 0.000001543367
31.162500 0.000001844047
31.187500 0.000001781269
31.212500 0.000002604502
31.237500 0.000002486798
31.262500 0.000003595635
31.287500 0.000003126916
31.312500 0.000003920625
31.337500 0.000003653026
31.362500 0.000004996371
31.387500 0.000003827278
31.412500 0.000005422222
31.437500 0.000004334187
31.462500 0.000003334813
31.487500 0.000002559628
31.512500 0.000002455657
31.537500 0.000001943914
31.562500 0.000001938400
31.587500 0.000001847533
31.612500 0.000001783196
31.637500 0.000001914296
31.662500 0.000002772222
31.687500 0.000002485282
31.712500 0.000003813091
31.737500 0.000003239072
31.762500 0.000003459464
31.787500 0.000002084151
31.812500 0.000002306990
31.837500 0.000001359128
31.862500 0.000001670486
31.887500 0.000001475456
31.912500 0.000001342257
31.937500 0.000001340795
31.962500 0.000001335019
31.987500 0.000001290144
32.012500 0.000001277263
32.037500 0.000001269770
32.062500 0.000001215059
32.087500 0.000001224800
32.112500 0.000001244901
32.137500 0.000001232414
32.162500 0.000001211056
32.187500 0.000001231861
32.212500 0.000001165165
32.237500 0.000001207992
32.262500 0.000001175266
32.287500 0.000001162432
32.312500 0.000001168086
32.337500 0.000001171292
32.362500 0.000001165660
32.387500 0.000001176467
32.412500 0.000001183392
32.437500 0.000001170254
32.462500 0.000001200165
32.487500 0.000001175604
32.512500 0.000001185736
32.537500 0.000001176790
32.562500 0.000001175037
32.587500 0.000001175008
32.612500 0.000001154442
32.637500 0.000001173290
32.662500 0.000001192778
32.687500 0.000001191188
32.712500 0.000001278119
32.737500 0.000001257029
32.762500 0.000001351272
32.787500 0.000001321222
32.812500 0.000001236763
32.837500 0.000001197171
32.862500 0.000001241564
32.887500 0.000001201969
32.912500 0.000001205595
32.937500 0.000001200593
32.962500 0.000001208912
32.987500 0.000001203053
33.012500 0.000001231567
33.037500 0.000001260184
33.062500 0.000001214344
33.087500 0.000001370162
33.112500 0.000001173424
33.137500 0.000001724697
33.162500 0.000002046374
33.187500 0.000001238244
33.212500 0.000001757490
33.237500 0.000001370060
33.262500 0.000001191000
33.287500 0.000001329927
33.312500 0.000001253283
33.337500 0.000001278591
33.362500 0.000001260988
33.387500 0.000001300875
33.412500 0.000001315502
33.437500 0.000001380744
33.462500 0.000001281971
33.487500 0.000001381556
33.512500 0.000001575565
33.537500 0.000001616445
33.562501 0.000002029015
33.587501 0.000001965156
33.612501 0.000001562038
33.637501 0.000001598502
33.662501 0.000001450213
33.687501 0.000001503091
33.712501 0.000001920246
33.737501 0.000002279877
33.762501 0.000001266805
33.787501 0.000001531593
33.812501 0.000001283393
33.837501 0.000001202964
33.862501 0.000001230991
33.887501 0.000001143707
33.912501 0.000001128432
33.937501 0.000001155063
33.962501 0.000001246743
33.987501 0.000001111683
34.012501 0.000001145307
34.037501 0.000001128750
34.062501 0.000001207095
34.087501 0.000001130520
34.112501 0.000001119115
34.137501 0.000001112628
34.162501 0.000001129420
34.187501 0.000001214971
34.212501 0.000001140247
34.237501 0.000001125619
34.262501 0.000001112973
34.287501 0.000001254071
34.312501 0.000001106731
34.337501 0.000001130340
34.362501 0.000001106302
34.387501 0.000001221699
34.412501 0.000001210722
34.437501 0.000001173483
34.462501 0.000001095197
34.487501 0.000001118715
34.512501 0.000001344431
34.537501 0.000001189040
34.562501 0.000001090794
34.587501 0.000001091730
34.612501 0.000001304084
34.637501 0.000001318636
34.662501 0.000001283042
34.687501 0.000001138104
34.712501 0.000001159871
34.737501 0.000001576413
34.762501 0.000001330590
34.787501 0.000001133926
34.812501 0.000001123778
34.837501 0.000001484715
34.862501 0.000001729237
34.887501 0.000001126234
34.912501 0.000001112903
34.937501 0.000001159132
34.962501 0.000002202174
34.987501 0.000001624417
35.012501 0.000001158873
35.037501 0.000001191057
35.062501 0.000002049442
35.087501 0.000002858582
35.112501 0.000001205149
35.137501 0.000001245235
35.162501 0.000001265043
35.187501 0.000004700517
35.212501 0.000002814869
35.237501 0.000001383946
35.262501 0.000001444114
35.287501 0.000001378137
35.312501 0.000014383488
35.337501 0.000002372419
35.362501 0.000002779396
35.387501 0.000003870074
35.412501 0.000060223605
35.437501 0.000004716188
35.462501 0.000001916517
35.487501 0.000001385436
35.512501 0.000001373796
35.537501 0.000001437785
35.562501 0.000001659356
35.587501 0.000001287670
35.612501 0.000001698014
35.637501 0.000001805483
35.662501 0.000002540385
35.687501 0.000002927971
35.712501 0.000004185909
35.737501 0.000002804249
35.762501 0.000002464109
35.787501 0.000001598715
35.812501 0.000001205661
35.837501 0.000001176008
35.862501 0.000001358121
35.887501 0.000001165183
35.912501 0.000001134141
35.937501 0.000001103748
35.962501 0.000001177173
35.987501 0.000001118833
36.012501 0.000001088412
36.037501 0.000001105237
36.062501 0.000001103156
36.087501 0.000001073616
36.112501 0.000001047225
36.137501 0.000001060715
36.162501 0.000001075285
36.187501 0.000001045277
36.212501 0.000001039942
36.237501 0.000001014046
36.262501 0.000001107743
36.287501 0.000001017031
36.312501 0.000001097714
36.337501 0.000001031822
36.362501 0.000001098687
36.387501 0.000001026108
36.412501 0.000001031641
36.437501 0.000001014810
36.462501 0.000001042866
36.487501 0.000001037333
36.512501 0.000001016362
36.537501 0.000001036280
36.562501 0.000001016954
36.587501 0.000001074212
36.612501 0.000001041655
36.637501 0.000001135587
36.662501 0.000001082197
36.687501 0.000001068824
36.712501 0.000001009874
36.737501 0.000001001586
36.762501 0.000000983891
36.787501 0.000001002984
36.812501 0.000001003479
36.837501 0.000000949531
36.862501 0.000000985011
36.887501 0.000000974406
36.912501 0.000000958331
36.937501 0.000000940755
36.962501 0.000001001890
36.987501 0.000000981033
37.012501 0.000001028343
37.037501 0.000000929258
37.062501 0.000000993448
37.087501 0.000000963476
37.112501 0.000000920668
37.137501 0.000000899595
37.162501 0.000000885157
37.187501 0.000000919461
37.212501 0.000000974286
37.237501 0.000000913775
37.262501 0.000000905996
37.287501 0.000000991241
37.312501 0.000001046810
37.337501 0.000000945578
37.362501 0.000000923085
37.387501 0.000001147229
37.412501 0.000001237595
37.437501 0.000000986868
37.462501 0.000000913338
37.487501 0.000001009271
37.512501 0.000002308663
37.537501 0.000002327619
37.562501 0.000001187999
37.587501 0.000001047241
37.612501 0.000000872581
37.637501 0.000002092982
37.662501 0.000002338261
37.687501 0.000000973376
37.712501 0.000000842740
37.737501 0.000000808428
37.762501 0.000000805479
37.787501 0.000000762959
37.812501 0.000000758279
37.837501 0.000000771915
37.862501 0.000000744607
37.887501 0.000000773993
37.912501 0.000000731018
37.937501 0.000000769661
37.962501 0.000000721774
37.987501 0.000000755452
38.012501 0.000000734466
38.037501 0.000000767496
38.062501 0.000000756736
38.087501 0.000000750927
38.112501 0.000000783469
38.137501 0.000000729638
38.162501 0.000000757489
38.187501 0.000000760393
38.212501 0.000000864082
38.237501 0.000000710912
38.262501 0.000001088335
38.287501 0.000000884548
38.312501 0.000000811243
38.337501 0.000000775845
38.362501 0.000000670561
38.387501 0.000000682956
38.412501 0.000000664038
38.437501 0.000000659626
38.462501 0.000000655873
38.487501 0.000000660518
38.512501 0.000000637412
38.537501 0.000000664217
38.562501 0.000000595801
38.587501 0.000000699909
38.612501 0.000000588936
38.637501 0.000000725749
38.662501 0.000000579456
38.687501 0.000000650365
38.712501 0.000000569354
38.737501 0.000000568897
38.762501 0.000000555652
38.787501 0.000000560315
38.812501 0.000000558611
38.837501 0.000000573969
38.862501 0.000000554239
38.887501 0.000000548888
38.912501 0.000000544188
38.937501 0.000000529664
38.962501 0.000000539917
38.987501 0.000000543582
39.012501 0.000000525550
39.037501 0.000000536379
39.062501 0.000000525098
39.087501 0.000000505455
39.112501 0.000000507393
39.137501 0.000000475791
39.162501 0.000000479203
39.187501 0.000000456836
39.212501 0.000000459026
39.237501 0.000000470085
39.262501 0.000000460551
39.287501 0.000000470689
39.312501 0.000000469722
39.337501 0.000000465727
39.362501 0.000000464130
39.387501 0.000000467326
39.412501 0.000000463430
39.437501 0.000000464528
39.462501 0.000000467071
39.487501 0.000000450051
39.512501 0.000000465982
39.537501 0.000000440216
39.562501 0.000000449369
39.587501 0.000000422057
39.612501 0.000000425260
39.637501 0.000000407659
39.662501 0.000000399029
39.687501 0.000000406355
39.712501 0.000000380590
39.737501 0.000000389785
39.762501 0.000000391634
39.787501 0.000000396336
39.812501 0.000000396147
39.837501 0.000000396630
39.862501 0.000000365727
39.887501 0.000000393241
39.912501 0.000000349576
39.937501 0.000000357055
39.962501 0.000000330518
39.987501 0.000000337687
